1032.12
1063.75
964.88
1109
1127
1158.38
1097.12
1167.38
1032.88
1124.62
968.75
1037.75
928.38
1033.38
1215.75
1087
1227.25
1187.5
1146.88
1113.62
1047.62
1222.88
1085.75
994.62
1021.12
1093.5
1077.38
1111.25
1013.5
1156.62
1014.25
1142
884.5
948
1093.38
997.88
1152
1111.5
943.62
1099.25
1087.88
880.38
974.88
1203.62
889.38
989.88
1061.25
1010.5
935.12
949
851.62
941.25
776
833.25
1005.88
769.12
962.25
987.5
864.75
888.12
1150
1134.88
1015.75
1030.5
1005.38
865.88
947.88
1115.38
1005
990.5
952.38
1059.75
949.38
1158.75
951
999
960.38
956.88
1026.88
945.62
986.62
894.75
1020.38
1128.62
1134.12
931.5
1091.38
873.12
1012.5
1040.88
1042.38
1128.62
992.75
1186.38
1017.5
982.12
689
939.38
776.88
854.75
974.12
962
961.62
1198.25
1049.5
1040.75
988.12
934.62
1039.75
1003.38
890.5
879.5
880.25
807
952.25
967.75
968.62
913.5
954.88
832.88
917.25
851.25
921.25
1144.62
880.12
771.62
850.62
1021.62
1039.62
889
831
893.62
994.75
941
1206.12
1024.62
968.62
1015
752.75
984.88
932.88
866.5
974.5
935.88
1020.38
907.62
1018.88
937.38
952.5
990
913.62
1098.12
1009.62
1015
920.25
981.62
765.62
972
1036.38
967.38
881.75
882.88
961
619.12
856.5
841
784.38
791.38
833.25
775.62
808.38
842.88
906
946.88
1015
1091.38
1031.38
1068
896.75
1167.88
1146.25
1143.62
1046.88
870.62
873.25
905.25
931.25
875.38
1043.62
802.38
820.5
887.75
929.88
691.75
728.12
774.75
815.5
932
883.62
878
794.5
828.12
580.38
532
660.25
622.12
710.62
835
640.12
710.12
517.75
708.62
595.38
961
734.75
704.12
798.88
737.38
848.38
559.25
692.38
625.38
561.12
494.62
616
708.12
746.88
640.12
639.75
694.5
708.5
710.88
518.88
743.38
726.75
538
607.88
664.75
629.88
524.5
643.88
650.5
579.38
656.5
739.25
794.12
772.12
810.38
700.75
569.38
671.88
673.38
692.12
720.38
554
824.25
630
739.12
646.75
618.25
745.12
581.25
637.62
535.25
623.38
589.38
614.75
650
852.5
777.5
807.12
885.75
833.75
633.5
754.12
798.88
830.75
945.25
826.88
1035.38
910.12
915.25
909
735.88
768.12
895.25
993.88
847.62
1066.75
1012.38
954.25
942
846.62
949.5
980.75
946
839.75
686.5
786.5
659.12
856
613.25
754.12
759.75
897.88
814.62
974.25
952.75
797.38
573.5
682.88
733.12
787.25
896.75
869.12
803.5
680.5
800.75
685.88
692.12
788.5
698.38
681.5
689.88
820.38
685.75
776.5
883.75
720.62
770.25
737.12
892
806.25
916.25
867
817.38
866.12
853.5
836.25
801.5
936.5
833.38
678.38
860.62
847.88
787.25
840.5
788.25
807.38
853
775.12
660.5
896.5
799.75
726.12
887
851.25
726.38
748.12
810.25
822.62
742.25
851.12
824.25
830.88
808.25
868.75
768.75
743.25
654.75
738.88
767.38
694
672.5
944.5
750
764
764.88
870.5
753.38
674.5
604.88
756.12
761.88
651.62
638
635.88
649.75
629.38
731.12
662
563
496.62
577.75
683.75
781.38
829
725.12
574.5
747.75
693
707.5
726.25
778.75
851.62
1016.62
815.5
860.5
849.38
958
821.88
750.38
931.5
830.5
837.75
922.88
924.12
782.38
817.25
716.62
611.38
695.38
538.75
683.12
608.88
662.25
624.5
391.88
435.38
518.88
453.25
529.75
523
622
688.62
642.5
462.75
581
609.12
649.75
679
763.62
766.5
712
812.12
647.25
726.5
655.5
629.38
549
474.5
564.88
474.62
538.75
498.75
571.25
526.38
619.12
449.75
486.38
497
438.75
577.25
654.25
571.12
644.88
528.75
608.38
590.62
551.38
612.75
556.38
569.38
396.75
590
677.25
682.25
514.12
589
572.88
634
545.25
516.5
726.25
534.38
780.62
624.5
798.12
749.5
846.12
742.25
930.62
822
704.88
739.25
834.88
804.5
778.12
615.62
711.38
812.12
734.62
669.5
851.88
864.88
692.62
811.38
885.88
853.12
827.38
729.25
620.12
712.88
849.38
888
834
900.38
752.25
758
882.38
756.62
741.88
706.38
794.62
787.62
857.62
829.12
656
672.75
691
750.5
606
911.75
821.75
893.75
795.75
690.5
678.25
768
862.62
851.5
827
702.25
768.88
715.25
704.38
749.62
900
1007.5
916.25
816.25
835.5
769.75
638.75
514.12
489.62
592.25
584.12
619.12
578.62
560.38
720.75
614.12
779.88
761
649.25
641.5
620.5
625.25
670.25
712.5
893.88
583.62
772.5
797
603.12
672.62
591.25
679.25
661.12
688.12
699.75
555.5
709.12
649.62
569
558.5
698.75
795.38
722.25
714.75
676.5
678.5
670.62
761
526.88
605.12
673.38
572.5
579.88
639.88
585.38
574.12
522
661.38
503.75
533
479.25
573.75
455
502.62
566.75
668.75
624.12
611.38
695.5
583.75
550.12
630.25
553.62
470.5
632.12
756.5
715.88
653.62
720.12
620.75
498.62
454
611.12
571.38
673.88
634.5
583
642.38
769.38
672.38
719
824.75
773.62
672.88
717.62
812.62
869.38
836.88
766.25
783.25
742.25
765.62
769.12
868.75
573.12
689.62
783.38
786.62
812.88
682.5
735.5
635.25
574.88
566.12
659.75
674.75
659.75
770.38
832.5
838.5
709.25
779
673.88
592
691.38
779.5
693.25
785.88
677.25
696.12
674.75
757.38
752.62
810.5
671.12
798.5
841.25
884.75
779.62
808.88
703.12
703.25
666
762.25
707.62
791.5
627.75
691
576.25
679.12
542.38
614.62
736.38
703.12
551.5
800
668.88
657.62
652.62
738.5
689.75
663.62
543.5
612.12
630.25
690.25
706.75
542.38
604
809
715.38
775
626.12
641.88
646.5
691.75
620.5
474.38
704.38
607.62
557.75
776.62
592.25
606.12
528.5
548.12
517
613.88
552.12
447.12
527
609.75
645
585.38
589.25
610.88
454.5
513.25
573
545.5
534.5
575.25
522.12
446.5
442.38
517.25
596.75
654.38
593
558.75
488.88
600.38
657.12
624.25
647.75
480
484.38
500.12
616.88
525.25
449.25
460
496.88
512.38
539.38
524.62
533.25
458
490
567.12
592.5
553.12
483.38
416.88
414.12
470.25
530.5
511.25
598.75
412.5
663.75
616.88
548.12
630.5
619.5
765.88
543
450.62
465.5
561.38
489.25
588.62
591.25
570.38
496.5
488
671.12
497.5
398
560.62
426.62
482.75
408.5
427
507.12
612.62
577
631.12
562.62
525.5
445
498.75
577.12
450.62
455.12
528
552.62
590.25
538.12
495.25
503.38
631.75
575.38
697.62
635
695.75
612.5
650.25
714
611.12
583.5
617.62
606.75
658.62
651.75
568
532.38
609
674.12
620
559.88
649.88
482.62
547.25
585.88
596.75
517
553.25
432
544.12
599.38
581.12
534.25
608.38
454.12
572.75
506.88
628.5
590.25
578.12
481.12
582
572.5
583.5
583.62
640.88
554.12
576
517.75
433.75
554.12
479.25
540.38
644.12
580.5
576.38
557.38
482.5
574.25
431.5
401.75
548.5
527
498.5
477.12
491.12
729.12
687
630
608.62
540.25
685.75
564.38
776.88
731.88
557.25
673
614.88
686.5
710
653.88
584.12
734
666
587.62
621
583.12
586.38
551.75
566.5
589.88
598.25
497.62
720.5
634.5
605.12
548.62
664.88
782.62
600
540
663.25
749.88
800.25
634.75
648.38
581.88
587.38
587.5
699
696.5
599
611
713.38
702.12
708.88
645.5
627
496.12
568.25
761.62
827.75
902.62
721.38
822.75
693.5
638.5
829.62
772.5
817.12
828
726.88
823.12
960
840.75
670.5
609.38
607.25
564.25
577.88
616.12
648
537.5
536.75
701.25
667.75
599.5
755.62
777.38
923.5
752.88
870.38
797.75
709
791.12
774.62
786.75
775.25
737.5
758.5
737.62
796
760.62
846.12
854
911.62
849.62
845.25
697.88
834.88
706
742.12
601.5
815.62
768.88
726.88
839.38
670.88
771.25
866.62
832.75
750.5
889.25
769.5
731.75
747.88
665.5
719.5
741.75
703
706.38
804.12
735.25
743.12
758.75
764.75
851.5
786.62
761.62
756.62
752.25
772.38
676
778.88
730.12
784.88
714.12
689.88
790.38
775.75
703.75
663.62
867.62
779.25
686.5
747.62
798.12
661.88
733.88
668.38
884.62
804.5
722.12
655.5
684
770.12
768.88
645.25
761.12
729
764.75
790
620.5
665.38
705.62
676.88
621.88
651.5
553.5
644.5
697.62
769.38
827.62
863.88
699.62
678.38
632.75
748.25
792.62
693.5
769.88
847
863.88
878.25
776.5
793.12
709.38
757.25
710.62
701.38
811.62
811
836.38
822.5
886.88
905
883.5
852.5
798.12
836.75
847.25
764.5
741.88
887.12
821.75
730.12
910.88
755.62
792.25
780.88
781
805.75
908.62
916.12
738.88
918.5
834.88
869.62
984.12
970.5
840.38
910.38
853.62
880.5
883.5
961
775.88
722
740.5
744.88
851.5
828.88
651.25
779
870.38
677.5
767.12
813
817
822
779
812.62
900.5
823.5
763.75
829.25
968
816.62
849
854.88
755.38
710
805
938.75
691.75
789.75
729.38
732.75
830.5
907.88
831.12
712.12
909.5
699
781.25
649.38
753.62
793
708
785.88
714.38
583.5
853.88
828.5
888.5
884.38
641.75
805.38
700.25
778
784.62
773.75
748.5
628.12
761.75
771.75
788.75
687.38
632.12
750.5
747.75
795.38
717.88
684.12
801.5
833.75
857.38
894.12
835.5
887.25
721.38
805.88
840.38
897.62
834.25
738.25
853.62
792.12
879.75
860.75
855.12
723.88
841.62
983.38
898.12
925.25
737.75
823.38
827.25
826
765.5
848.5
862.75
824.5
935.38
834.25
881.88
760.38
739.5
874.38
647.12
684
704.88
745.38
676
798
842.25
680.5
768.88
736.38
699.5
835.12
750.62
800.88
886.12
808.12
866.75
994.38
945.12
689.88
882.25
910.5
938.62
773.62
780.25
776.62
667.62
609.5
765.5
822.38
714.62
839.25
745
754.88
731.75
733.38
859.12
803.12
916.75
856
624.75
771.12
596.75
583.62
737.88
689.75
689.88
654
595.75
673.62
716.12
698.38
689.25
818.25
834.5
616.75
672.88
704.88
851.75
690
660.38
611.12
628.75
676.88
618.38
675.5
580.25
542
719
616.88
550.88
508.12
536.12
572.88
528.38
665.5
665.38
661
683.12
701.75
600.12
579.25
754.5
698.5
743.75
651.75
755
751.5
644.62
774.62
876.88
809.12
739
712.75
919.88
765.88
868.62
775.88
728.38
799.88
847.62
717.5
806.62
1009.25
860.12
928.25
769.75
750.12
741.38
842.5
819.75
782.25
764.75
861.12
820.38
797.38
805.25
820.25
925.38
672.75
908.88
746.75
789.12
840.88
710.88
893
733.38
744.12
649.75
825.88
761.75
779.62
722.88
903.5
779
827.25
766.62
722.12
819.75
701.88
743.88
789.12
822.88
862.25
828.12
876.88
880
911.38
892.12
859.62
981.12
936.75
832.88
869.38
875.25
826.88
837
838.25
871.75
815.88
790.75
744.5
814.38
935.12
838.5
839.25
850.88
704.12
842.75
804.38
874.12
810.88
782.38
875.25
763.12
802
930.12
837.25
813.75
888.75
915.62
889.5
825.12
737.25
793.25
860
842.75
901.75
891.62
853
781.75
811.25
729.38
760.25
689.62
723.75
714.12
820
764.38
768.5
675.75
866.38
782.12
874.62
975
999.5
917.5
928.25
895.75
940
965.38
1044.25
860.25
875.75
1150.12
1000.12
924.12
884.25
810.38
780.62
891.12
867.12
783.5
895.62
829.38
623.75
711.62
822.62
696.5
846
744.12
700
696.38
753.75
791.88
759.5
716.25
673.12
711.12
689.62
717.12
746.38
731.38
709.25
679.5
724.75
891.38
717.12
738.88
845.5
857
801.5
815.25
927.62
870
833.62
937.12
893.88
939
776.88
790.38
888.62
897.88
922.62
893.62
761.25
703.12
839.75
864.38
785.5
845.75
898.62
857
851.62
824.38
796.25
763.5
838.38
698.88
836.62
830.5
719.25
740
680.75
712.5
861.12
813.38
715.88
826.25
778.5
687.62
827.38
769.38
817.5
869.12
824.88
933.25
915.62
958.12
853.62
816.38
988.5
766.5
772.38
761
961.75
888
972.5
1003.75
973.25
945.62
963.62
1007.88
992.88
960.62
948.88
897.12
890.5
830.25
904.62
994
904.25
932.25
808.12
893.5
997.38
967
1023.12
1089.88
1021.5
1088.38
1069.25
963.62
925.62
978
883.38
966.62
868
889.88
1014.12
968.75
974.5
1012
1008.62
950
936.5
976.38
1014.25
1012.5
908.25
1001.38
963.25
957.38
1072.12
965.12
956.75
1088.75
899.12
1107.5
1017
1031.75
1086.88
1049.25
1082.88
1086.12
1179.75
1131
966.38
893.5
970.5
964.12
992.62
745.62
848.25
767.62
665.25
780.62
858.62
941.38
815.38
895
935.38
1047
1036.25
1050.75
950.5
958.88
1029
971.38
1047.88
1007
980.25
1029.75
1036.88
1017.62
936.38
1060.25
964.62
1063.25
966.5
929.88
909.38
907.88
837.38
858.62
863.75
839.88
791.62
966.38
793.5
800.25
893.62
880.5
904.88
856.88
974.62
905.88
1042.88
1049.5
968.38
1037.5
1079.88
1017.88
1092.62
888.62
968.88
878.25
1071.62
762
825
821.75
959.38
734.38
758.62
828.75
904.62
862.38
856
873.38
821
802.75
756.5
765.25
706.38
881
834
795
892.5
981
830.25
900
826.5
806.38
1020.25
940.62
866.25
853
969
761.12
777.75
841.62
912.88
869.25
880.38
692.88
738.25
624.62
671.75
625.75
652.25
572.75
580.5
698.75
793.12
680.25
620.75
587
555.5
644.62
700.62
674.5
705.88
659.75
622.88
640.88
789.38
657.62
856
769.75
745
712.38
700
819.12
636.75
793
915.88
757.88
791.38
770.5
836.25
803.12
842.38
807.88
873.12
848.75
809.75
887.5
827.12
695.5
737.38
856.25
784
769.12
698
637.75
660.25
716.5
700.12
733.62
632.12
605.88
750.62
683.12
776.75
830.25
736.12
773.25
887.5
729.88
723.12
791.75
805.75
807.12
713
687.12
699.62
702
813.88
837
780.88
730.62
770.75
793.75
777.5
830.62
803.12
794.12
709.38
723.75
661.12
602.62
677.5
654
655.25
694.88
691.88
734.88
684.88
673.62
601.75
643.75
686.38
757.62
763.62
835
707.5
796.25
700.88
792.25
865.25
817.62
924.25
871.38
1112.62
1054.12
1072.12
1199.75
811.75
819.5
866.12
823
830.38
842.12
890.88
882.75
805.62
982.12
863.75
862
787.88
816.75
851.75
938.38
788.12
825.5
901.62
803.88
802.12
844
771.12
915
999.38
887.12
853.25
904.5
845.38
678.5
829
843.38
823.38
794.88
713.62
789
824.38
849.88
849.88
960.12
911.38
820.25
801.38
784.88
757
879.5
848.25
867.88
764.25
845.38
949
1024.75
1070.75
1087.75
1073.88
1082.25
1022.5
921.75
991.38
916.25
845.75
1028.25
856.75
879.5
960.38
1050.25
1054.62
971.38
927.62
841.12
902.12
1159.38
869.12
949.5
1054.62
877.25
901.62
1002.25
951.25
1070.25
1066.88
932.25
850.62
1008
854.12
965.88
924.88
849.75
864.5
969.38
821.12
851.88
829
862.12
929.25
905.12
881.5
676.12
673
776.25
911.12
829.5
860
817.62
811.38
593
787.62
921
945.5
1033.88
836.25
1060.12
884.38
818.5
1047.5
648.88
855.38
857.88
773.38
917.62
809.62
1008
963.12
841.5
940.75
966.88
820.12
1131
889.5
838.25
956.5
765.75
895.25
925.62
914.5
815.25
800.38
916.12
801.88
811.38
842.12
839.5
988.12
843.62
817.62
852.5
867.88
788.88
731.88
801
774.38
719.25
910.12
850.25
850.12
951.38
902.62
905.62
800.62
799.88
637.88
720.62
803.62
886.12
803.88
721.25
750.75
671.75
839
762
932.88
921.75
1018.25
867.75
937.88
954.25
1092.12
1067.12
858.38
865
878.25
1010
826
903.88
990.38
885
911
844.62
1007.75
952.38
848.88
942
834.5
969.5
842.12
939.38
867.75
732.88
968.38
916.5
802.12
879.62
812.12
856.38
825
871.75
869.25
872.62
988
946.88
865.38
961.25
855.12
784.25
781
1023.62
1055.12
991
927
910.88
827.88
778.88
824.62
744
891.75
957.62
849.5
847
924.25
872.75
738.75
827.62
878.88
761.88
815.62
975.12
851.5
801
777.5
801.38
759.62
799.88
871.75
726.12
707.38
725.5
759.38
702.62
778.88
832.75
816.5
732.5
939.88
752.12
911.5
812.75
881.25
921.25
830.25
826
800.62
696
699.12
729.25
756.25
763.38
748.12
831.12
733
816.88
793.62
741.75
905.62
809.12
784
730.25
650.12
707.62
715.88
623.12
726.12
746.12
720.88
843.88
760.38
842
787.25
787.12
773.75
840.75
720.5
714.88
770.38
773.25
904.62
834.25
752.25
741.88
792
765.62
715.62
762.12
690.62
689.12
714.88
639
602.75
710.62
647
686
652.88
571.12
694.5
546.88
584
847
782.25
744.12
680.88
693.38
691.12
720.88
544.38
685.38
673.88
601.88
758.88
546.5
710.75
631.38
595.25
668.38
729.88
615.12
682.12
582.5
622.62
587
675.12
677.88
724.5
573.88
725.62
681.12
667.5
594.75
569.38
607.88
660.12
691.5
765.12
651
593.25
562.88
560.75
586.62
565.25
429.62
574.25
580.75
592.38
529.88
608.38
591.12
619.62
606.12
617.75
589.25
499.25
641
606.12
523.5
565.25
517
616.25
678.12
578.5
651.12
530.38
588.75
543
592.38
590.38
665.38
651.38
600.25
582.38
621.38
528.88
575.75
655.25
563.88
678.62
756
655.12
653.12
654.25
637.75
722.25
741.25
665.12
651.25
592.5
766.75
574.38
745.5
654.12
533.12
701.62
710.62
527.75
611.5
622.25
754.12
754.5
694.38
664.88
725.5
727.38
785.38
729.38
733.62
745.75
767.75
746.38
826.38
835.38
837.25
812.88
932.75
648.75
806.88
829.38
947.12
852.5
846.88
915
955.62
891.38
966.75
1030.25
933
765.25
786.88
771.12
879.5
830.88
785.12
865.75
755.5
713.12
708.25
625.75
702.38
687.5
661.38
891
966.12
871.25
818.75
747.62
818.5
784.88
812
795.38
725.25
885.62
877.38
831
788.12
955.12
825.75
691.12
822.5
846.38
674.38
776.88
810.12
790.12
774.88
743.12
710.75
775.12
806.88
847.12
905.75
835
900.38
830.12
710
733.75
868.25
816.25
881.62
1027.25
925
822.88
876.62
897.62
754.38
943.62
956.62
1063.62
734.12
1014.75
950
966.88
883.62
936.5
1101.12
879.62
1020.25
1139.12
1023.62
813.12
814.88
977.62
779.62
912.75
778.5
965.25
1049.12
933.25
919.25
995.88
889.12
867.25
903.38
844.12
968.12
973.62
1009.5
892.12
868.12
1083.62
1056.88
1018.62
962
1090.38
974.75
1114.25
965
1036.12
955.12
1116.12
1046
964.75
1061.38
1026.38
982.25
904.5
821.5
881.62
799.38
860.25
900.12
1119.62
973.12
1034
943.5
913.62
881.62
895.5
1057.25
988.62
897.12
925
957.5
809.75
782.88
789
879.88
1032.88
1068.38
1057.75
1039.38
969.62
971.5
995
819.12
851.25
1006.38
940.25
965.5
1001.38
943.12
898.75
1040.88
1048.62
894.12
867.12
979.12
987.25
875.25
927.62
1093.12
938.12
956.38
890.88
1098.5
1059.25
1010
977.75
964.38
1006.88
948.12
920.5
915.75
888.75
978
842.88
889.25
1075.12
958.88
912.12
880.75
989.88
931.88
926.75
911
838.12
865.5
773
748.88
929.38
991
923.5
926
902
862.88
953
1061.75
821.12
906
956.62
898.12
860.25
844.75
891.5
786.5
879
867.75
895.38
912.12
926.62
896.75
816.38
864.5
847.75
782.38
908.38
836.62
805.88
688.12
759.5
777
873.25
715.75
898
776.5
739.88
738.5
647.88
883.38
799.5
848.25
884.12
727.88
740.62
888.75
740.62
801
755.25
817.62
755.88
813.38
758.12
728
663.38
531.75
747
761.62
688.62
848.38
780.75
723
856.25
756.25
852.75
768.12
841.25
725.38
800.5
877.12
753.75
739.25
763.12
813.5
834.38
836.62
923.12
830.62
827.75
644.75
817.62
792.88
802.5
946.25
801
932.12
880.62
825.62
505.25
646.75
654
777
796.88
759.5
927.75
838.5
974.5
871.12
845.25
1005.38
905.88
1030.88
980
959.62
844.88
873.62
1119.25
917.5
957.25
1004.12
894.12
1068.75
916.25
1099.5
1060
876
1118.88
1223.12
1030.62
1033.38
1015.88
932.75
934.12
971.38
1067.5
940.5
995.5
908.25
915.62
877
925.75
880.62
1025.5
1006.38
834.25
938.25
835.25
862.25
888
871.25
814.88
824.38
704.25
787.75
855.12
927.12
805.38
723.88
962.75
952.62
1067.38
1017.62
1008
885.75
1024.62
1159.88
1112.38
1013.88
1087.38
884.38
961.25
1089.12
888.88
960
942.25
857.88
972.38
904
1013.38
999
1043.62
1024.5
1055.38
970
1009.62
921.12
964.25
1040.12
923.38
1010.12
1016
957.12
1020.5
939.12
965.88
965.5
983.25
928.25
974.75
925.12
1095.38
1277.38
1081
1103
1064.5
1106.38
1137
1099
1108.75
1132.75
1142.5
1270.88
1067.12
1201.5
1054.62
1079
1014.88
1174
990.75
938
1050.38
914.62
859.5
985.62
945.25
1007.38
1113.75
1101.62
1118.5
1093.5
1251.75
988.5
1019.5
873.62
912.88
1096.75
1030.25
1113
1003.25
975.5
866.12
1021.75
932.5
1039.88
879.88
888
962.62
1132.5
1063.75
1029.25
961
1107.12
958.5
1123
1032.75
934.25
954
950
1002
1056.88
908.75
984.88
866.75
911.12
1058
1099.75
964.62
961.88
915.38
940.25
1010
929.62
932.25
925.88
1056.62
892.12
971.25
1093.62
976.88
1043.75
1129.38
974.75
877.5
1039.25
925.38
851.88
955.12
1047.25
882.25
904.12
964.62
931.5
930
824.25
899
841.12
912.5
819.5
912.62
900.25
795.75
861.25
898.5
871.5
848.25
962.25
955.88
919.25
915.88
1031.12
947.12
901.62
963.25
966.75
950
982.5
932
971.75
927.75
972.5
1009.88
936.5
850.62
973.75
1027.5
941.12
1018.38
1098.88
979.12
1032.38
1026.88
958.75
933.62
941.5
931.88
899.12
1007.88
1005.12
1030.75
954.62
944.5
1054
959.25
1018.75
1053.75
940.62
1012.75
796.88
714.5
744.62
883.25
660.12
858.75
850
799.88
816.75
919.5
735.25
800
772.25
715.25
722.5
789.38
774.38
577.75
815.88
755.88
676.38
727.75
772.75
868.75
742.62
840.88
826.38
902.88
853.25
846.38
756
897.88
681.38
823.5
759.12
765.25
891.25
877.38
804.62
803.88
849.38
861.38
837.5
866.5
811.88
749.38
713.62
777.5
786.38
765.12
739.38
817.75
786.62
853.38
767.75
860.38
792.62
927.25
894.25
674.88
772.62
706
762.25
759.75
740.62
761.38
837.25
783.5
786.62
811.88
707.25
697.12
830.62
705.88
722.12
797.38
684.25
684.62
628.38
615.5
593.75
578.25
644.25
638.38
600
593.62
715.75
664.5
672.25
620.38
481.12
618.25
541.25
570.5
515.25
651.25
688.88
646.88
636.38
579.75
659.75
658.5
652.88
713.38
673.25
716.62
657.88
832.62
691.75
908.5
673.75
671.75
706.5
772.38
742.12
742.62
720.62
861
682.25
678.75
720.5
703
699
752.12
727.25
664.88
749.38
768.75
773.5
685.88
919.38
831.5
847.62
902.25
837.38
801
882.88
783.5
771.12
784.62
898.75
629.38
820.25
755.5
773.25
721.75
757.62
892.12
824.38
881
706
754.5
874.88
799.12
774.75
925
807.88
739.25
644.12
773.5
696
679
747.12
858.38
787.25
827.12
865.38
774.25
755.62
785.75
895
847.88
712.5
694.75
759.25
881.62
865.5
704.75
788.62
794.5
680.75
675.75
834.5
848.12
856.75
773.75
752
775
749.75
780.88
807.5
802
802.75
878.62
918.12
677.12
926.12
893.38
838.75
780.38
854
907.88
831.88
889.62
722.5
788.62
674.88
798.12
723.12
877.62
930.38
764.88
815.75
803.38
763.88
867.88
886.75
751
722.88
787.88
907.5
854.5
798
838.75
704.88
803.25
753
789.88
759.88
799.12
729.38
701.38
728.75
775
820.12
776.25
