1032.12
1140.25
1006
1054.88
982.25
947.12
1323.25
1065.25
1084.25
1078
1004.88
1008
1129.62
1064.88
934.88
1185.25
1054
898.5
957
938.75
964.5
960.62
868
1018.12
932.38
1073
1078.12
940.38
915.5
873.62
987.38
901
1061.62
1168.75
962
954.38
874.25
764.25
859.75
882.88
963.62
867.75
926.12
1118.12
1016.88
1033.88
1096.75
845.25
732.62
791.38
1087.75
936.25
1088
1029.62
1022.75
1073.75
989.88
1209.88
1028.12
1060.5
918
1000.88
818.62
1004.62
1062.12
1043.12
903
1155.5
1004.62
1015.75
777.75
839.75
936.38
714.12
699.25
786.12
677.62
727.75
677.12
705
684.12
935.62
838.88
832
765.88
1023.75
651.25
743.38
729.38
586.5
665.88
675.88
570.38
632
588.88
681.25
621.88
564.62
676.62
673.75
564.38
717.12
828
602.38
560.38
611.25
567.12
833.88
689.38
753.75
729.5
756.75
717.5
744.12
757.5
935.38
814.75
738.5
770
776.62
685.88
677.62
595.75
761.62
894.5
793.5
862.62
803.5
912.38
773.38
833.38
847.12
992.12
846
743.88
909
942.62
895.62
818.75
811.12
917.25
808.88
725.38
766.75
531.88
700
692.88
661.5
691.38
822.88
754.88
817
750.75
756.5
811.12
821.12
792.62
794.75
759.62
760.5
702.5
680.88
710
776.38
782.75
662
673.62
588.12
630.12
759.62
674.88
806
630.25
680
898.62
572.75
520.88
490.62
640
645
712
537.25
755.62
760
764
601.88
610.62
662.25
654
649.12
631.88
664.12
643.38
526
654.88
693.75
700.5
653.12
717
728.75
841.5
769.5
738.12
685
738.62
719
747
651.5
868.62
648.12
766.62
771.75
828
768.62
749.62
851.12
880.25
907.25
823.62
762.12
820.25
944.5
1022.75
1020.12
763.12
707.5
703.5
844.62
786
911.75
842.5
919.75
1170
943.5
957.12
988.5
1160.25
1092.75
1031.62
1104.12
980.38
918.25
838.12
910
817
723
817.5
674.12
810
842.88
840.88
867.5
857.38
1097.38
998.12
978.75
1159.38
1093.25
663.25
883.12
913.25
860
939.12
895.75
906.38
937.75
983.12
909.62
1045.38
944.62
1048.88
1033
1157
1154
1234.25
1104.88
1211.5
1151.25
1302
1252.12
1358.38
1219
1358.5
1299.38
1182.75
1072.88
1168.88
1050.25
1183
963.62
1251.5
1185.62
1084.38
1198.12
1031.38
1125.75
1128.12
1194.88
1390.12
1097.25
1065.38
966.88
1294.88
1183.75
1025.88
1174.75
1071.62
1101.25
791.88
912.12
872.88
909.25
882.5
818.12
848.88
894.38
900.62
1024.25
976.38
761.12
866.5
844
827.75
899
834
1104.38
963.38
869.75
933.88
841.88
850.12
886.25
724.62
751.62
706.25
791
675.75
739
815.62
935.38
879
933
1040.12
1009.62
978.75
952.25
845.38
1019.88
952.38
1023.88
1006
1004
969.12
931.38
876.62
891.88
881.88
990.5
840.12
991.5
898.75
809.62
884.62
1033.88
798
845.62
924.38
795.88
772.62
1017.88
893.88
903.62
949
962.25
1001.62
926.88
737.38
851
941
737.12
778.38
859.88
959.5
862.88
920.62
832.5
928.12
826.12
1076.25
1019.25
1041
1002.25
1003.88
976.88
1044
1076.12
1004.62
934.38
754.12
658.88
837.38
725.12
744.38
795.12
844.12
754.25
677.25
734.62
833.75
532.62
687.75
658.25
744
689
771.12
681
839
795.88
662.25
754.88
648.62
650.88
551.25
695
779.38
661.25
652
555
812.25
694.75
613.38
637.88
712.88
700.38
679.62
621.38
623.75
620.62
711.12
676.88
498.62
479.88
499.75
599.5
435.62
530.62
358.75
488
577.5
566.25
566.12
588.88
535
451.75
544
668.12
607.12
665.75
511
601.5
750.5
746.25
716.75
684.62
686
635.25
604.62
615.38
666.88
624.62
717.75
788.62
705.62
708.38
758
609.12
660.38
684.12
821.75
619.12
793.12
632.38
620.75
508.62
652
610.25
619.12
633.25
534.88
711
760.88
716.88
637
679.62
714.12
727.88
759.88
703.5
712.88
723.88
716.75
683.75
675.12
732.25
749.12
682.38
771.88
761.5
739.62
712.5
715
758.12
644.62
861.38
743.62
777.5
754.62
867.88
761
862.75
724.12
666.62
752.12
701.12
633.62
604.38
647.88
658.75
756
630.38
632.38
632.25
692.12
647.75
575.25
643.88
634.5
709
622.88
734.5
710.5
662.38
770.62
601.62
609.62
554.38
677.12
674.25
568.75
722.62
660.62
771.12
559.12
627.5
564
434.88
592
557.38
645
689.88
644.38
635.5
686
639.38
724.5
657.12
865
658.5
635.5
543.5
609.75
653.75
498.5
514.25
616
499.38
511.25
592.38
557.38
653.38
654.62
565.62
589.12
625.25
588.62
571.38
658.5
494.88
577.5
706.38
714
573.75
702.25
575.12
561.62
587.62
665
704.25
732.75
665.25
727.75
661.12
783
599.62
645.75
742.88
652.12
697.38
677.38
804.38
677
681.5
725.75
611.25
686.5
680.75
582.62
801.25
656.62
650.88
709.62
622
640.38
648.88
589
625
592.12
699.75
489.5
521.38
659
535.12
587.12
568.88
594.5
770
743.5
598.62
606
680.88
603.12
585.5
596.75
688.5
684.5
648.5
596.62
610
608.88
606.25
581.62
488.12
810.62
577.38
645.62
669.12
681.88
508.5
595.38
620.12
630
703
590.88
704.88
717.12
738.5
622.75
576.12
483.38
506.62
447.62
590.75
641
744.75
659.62
571.12
502.5
411
590.12
437.88
520
527.88
584.38
607.25
509.88
495.5
463.75
582.75
486.38
482.88
625.5
640.88
667.75
633.25
675
729.12
558.5
636.75
701.25
666.12
703.38
594.5
500.75
592.25
496.88
553.62
598.12
528.5
590
490.62
583.12
537.88
486
443.62
542
603.12
392
518
442.62
451.12
418.88
594
635
669.38
702.62
513.5
656.5
720
677.88
657.12
425.75
616.75
553.62
597.62
634.75
691
581.12
700.5
738.75
753.5
854.5
713.62
606.12
750
675.88
609.88
666.25
595.75
567
599.62
587.62
815
751
729.12
632.5
636.88
507.75
494.88
586.38
611.5
565
620.38
737.62
626
535.5
653.25
799.12
713.25
618.25
664.62
639
731
576.12
558.38
490.25
584
580.5
687.62
606.75
588.5
750
709
479.38
681.38
521.88
622
732
683.12
511.38
610.88
681.75
625.88
540
416.38
459.62
482.88
480.25
526.12
568.12
433
450.88
494.62
545.12
632.75
530.25
483.12
630.75
549.38
672
570.5
515.75
578.5
715.25
789.75
694.25
672.75
709.38
591.75
712.38
635.62
761.75
724.5
727.88
816
656.25
600
529.12
777.88
933.38
785.75
626.12
811.25
646.75
508.5
472.25
568.88
582.38
557.25
684
594.75
427.75
550.62
447.38
469.75
529.75
416.62
366.5
372.5
420.75
596.12
441.25
539.5
596.75
532
504.62
560.25
562.62
577.5
524.62
523.38
693.38
510.88
503.38
582.12
588.75
519.38
555.75
745.62
601.75
691.38
634.12
737.12
560.62
631.38
717.88
552.12
647.75
626.75
653.75
608.62
498
492.38
514.25
683.12
579.12
609
614.12
605.75
579.25
575.38
391.38
626.62
627.38
414
431.5
470
478.62
402.88
406.12
488.62
595.5
342.75
442.25
476.12
636.62
445.75
693.38
608.75
468.88
549.25
493.5
486.12
539.62
538.25
589.38
567.88
506.12
529.25
758.12
577.62
645.38
584.5
550.38
430.62
444.75
398.38
450.62
552.25
519.5
522
572.38
573.88
481.62
620.75
532.38
680.38
546.75
527.38
664.12
652.88
691
539.12
707.12
621
687.12
515.12
738.5
793.75
875.25
812.5
781.38
681.62
798.12
814
743.75
886
576.38
644.12
573.25
516
617.62
853
565.38
615.75
828.88
823
635.62
762.38
755.38
800.5
736
593.38
794.38
976.5
623.75
675.38
788.5
858.5
707
882.75
738.38
832
781.5
690.12
766.12
854.25
652.25
715
735
661.38
688.25
697.5
775.88
733.25
751.62
659.88
670.5
624.75
522.5
722.5
761
556.25
630
626
526.5
638.25
692.88
772.75
664.88
717.75
708.38
686.25
591.88
618.62
655.38
660.25
525.62
500.62
530.25
499.75
587.88
610.12
671.75
632.25
590.25
555.5
559.25
629.12
675.12
719.88
633
526.62
551.62
593.25
713.75
661.75
505.75
563.75
578.75
669
653.62
816.12
710.88
628.88
632.5
597.12
692.12
716.88
591.62
581
635.5
624.75
695.5
591.5
688.75
670.88
646.12
693.5
718.5
653.5
809
811
756.88
718.88
770.12
812.75
857
610.75
716.38
700
768.12
752.12
729.12
716
899.75
717.62
766.25
653.38
962.75
1027.12
718.38
534.25
841
653.75
681.62
765.25
640.12
863
881.5
942.75
867.12
880
839.5
894.25
1012.25
892.38
918.75
793.62
936.5
727.38
727
755.12
800.25
821.38
714.62
776.38
652.12
761.5
848.25
832.5
673.5
708.12
617.25
671.62
718.88
747.75
511.88
714.25
580.75
592.75
630.75
498.5
432.62
423
435.25
535.5
604.62
531.5
818.25
674.62
549.5
498.5
747.75
752.25
648.12
715.5
666.62
755.12
620.38
669.88
562.75
500.38
585.12
580.75
539.75
486
630.38
674.5
857.75
687.25
625.88
703.5
662.38
625.62
578.5
623.25
657.38
851.75
713.25
600
362.75
562.62
587.25
670.38
647
693.88
781.5
668.5
601.75
773.38
557.75
697.62
532.12
585.38
724.25
798.75
737.25
709.25
504.25
542.38
841
824.38
763.12
872.75
826.38
661.25
685
715.5
593.12
655.5
832.12
688.12
586.88
464.12
642.75
504
662.38
482.75
632.25
632.88
615.38
686.5
625.25
624.12
708.62
710.38
828.62
648
419.38
612.12
443
525.75
541.38
512.75
721
774.38
884.75
896
808.12
742.5
670.38
685.88
654.5
551.38
675.25
754.62
893.38
806.25
759.88
719.38
855.5
763.38
745.88
809.38
779.5
818.75
729
735.88
776.25
680.88
669.75
691.12
543.5
539.75
696.88
668.75
550
631.75
681.25
809
548.88
652.5
670.25
732.75
582.5
545.75
544
619.25
616.75
697.5
666.5
688.12
640.88
700.12
703
669.25
651.5
636.38
509.25
535.5
692.5
595.25
540.12
529.62
406
647.12
639.62
692.75
608.38
738.12
513.88
620
541.5
481.88
547
702.62
476.75
584.25
609.38
534
693.25
665.12
667.25
746.88
642
730.25
613.25
681.88
634.62
640.62
641.75
791.5
780.5
598
805.38
567.38
725.25
706.12
689.38
556.62
575.25
567.38
406.62
673.88
403.5
600.5
600.25
645.75
594.75
587
670.25
725.25
560.25
653.62
416.38
503.75
622.12
463.75
521
512.12
401.5
402.75
607.5
478.12
551.38
559.12
625.12
586.88
514.38
650.25
550.25
548.25
510.62
489.75
575
550.38
628
597.5
515.12
631.25
591.88
570.5
538.25
551.88
555.88
604.88
614.88
606
592.5
593.5
474.12
524.12
470.12
552.62
671
565
513.12
512.62
676.12
813.5
579.25
799.88
709.38
711.5
744.75
724
623.5
644.12
636
626.12
786.75
592.38
580.75
678.5
584.12
665.38
558.12
623.25
544.25
478.25
638.62
461.5
626.5
580.88
526.5
566.75
597.38
670.88
588.38
573.5
452.75
574.38
454
665.88
619.25
421.12
534.25
549.75
613
740.38
609.38
633.75
640.62
752.5
671.5
695.75
699.62
703.12
725.12
589.25
638.88
720.12
667.38
658.38
877.88
696.5
757.75
641.12
738.38
740.62
602.75
734.62
703.38
813.75
751
658.75
641.38
501.88
592.62
661.25
503.5
473.62
633.88
704.5
599
728.62
694.75
645.25
585.88
569.12
623.12
601.12
548.38
623.12
522.12
577
583.38
572.5
544.88
642.38
588.12
544.12
601.5
643
734.5
710.12
659.88
697.25
685.25
600.88
737.25
464.75
601.38
530
689.38
702.88
710.12
708.25
848.25
726.38
665.75
510.5
540.88
758
746.62
770.75
712.12
678.75
673.25
669.38
710.5
765.75
802
869.25
711
731.12
850.75
771.75
933.5
900.38
714.62
755.75
829.25
844.5
854.5
738.88
756
781.25
757.12
727.12
635.25
637.62
697.38
853.5
797.25
811.25
836
832
842.25
1069.88
1039
946.25
793.25
789.75
885.88
824.62
784.62
525.75
712
823.38
811.12
785.25
833.75
843
696.62
544.25
564.12
702.62
722.62
553
692.75
695.5
688.75
784.75
543.5
549
707.12
831.12
794.5
861.5
867.88
711.75
716.12
634.88
629.25
711
649.38
742.5
662.5
660.88
726.12
645.12
727.5
674.88
681.5
700
630.38
621.5
638.5
722.25
648.25
690.38
914.25
834.5
683.25
799.5
718.88
595.12
881.25
796.75
607
723.25
739.88
780
709
534.38
531.38
849.38
660.12
742.5
585
597.38
636.12
691.75
557.25
693
967.38
649.88
775.5
906.75
835.75
841.75
786.88
889.38
833.5
901.75
578.12
803.12
680.88
612.62
800.62
662.12
652.88
547.25
682.25
725.5
736.38
744
753
890
645.5
630.38
721.5
709.88
607.88
599.25
598.75
586.88
627
563
684.88
545.25
657.75
684.25
718
568.62
703.5
636
692.38
685.38
548.12
492.12
682.88
699.38
776.25
713.38
678
786.5
773.75
629
653.38
675.88
680.88
523.62
611
808
582.25
704.5
650.38
577
701.75
750.12
723.25
792.75
624.5
697.25
659.88
715.62
631.88
795.38
796.25
739.75
614.38
648.5
678.12
719
695.5
719.62
662.62
613.25
673.75
701.12
842
705.12
692
662.88
758.25
708.12
717.88
678.12
738.38
626.88
760.75
603.5
633.88
728.5
672.12
781.5
757
690.88
757.75
838.25
721.88
732.38
803
834
824.88
751.38
738.88
717.62
772.12
772.88
864.5
774.88
812.12
916
805.75
765.88
801.88
725.25
730.62
708.12
750.12
834.12
842.38
725.88
795
828.75
756.38
653.25
578.12
655.88
856.75
964.25
700.75
844.12
872.38
831.5
663.88
875.75
821.38
763.75
772.25
721.75
809.12
635.62
651.38
689.62
647.75
702.12
671
475.12
571.12
695.62
862.62
980.12
686.62
723.12
765
684
743.88
693.62
733.5
802.88
768.62
809.12
696.25
736.25
740.88
880.62
614.5
707
734.38
755.62
809.75
832.5
903.62
719.88
629.88
906.12
879.12
852.5
757.5
778.12
770.5
823.25
881.12
840.25
683
842.25
657
940.12
879
723.5
815.12
765.5
735.12
760.12
712.38
781.25
834
919.12
889
915.12
869.75
552.12
648.62
751.12
778
821.12
726.75
935
869.88
859.62
932.75
823.12
605.25
830.25
661.75
652.62
820.38
787.5
685.88
533
570.25
586.25
500.25
682.25
757.75
861.62
804.75
757.12
651.12
683.12
651.12
710
688.38
848
725.5
984
835.5
807.62
890
794
732.75
929.75
709.75
695
860.38
685.62
667
583.5
740.25
569.88
707.38
652.38
639.75
685.38
810
593.75
670.62
583
615.88
602.75
527.75
365.38
500
721.88
702.62
716.25
723.88
887
849
710.25
728.75
712.75
741.38
792.25
597.38
528.62
590.25
647.38
675.75
596.12
578.75
714.38
657.5
508.12
647.75
726.12
694.25
463.12
735.25
668.12
825.12
846.62
727.38
591
607.75
751.12
749.25
720.5
731.5
839.88
752.12
792.88
781
815.75
772.25
765.5
755.25
848.75
702.75
729.25
681
775.12
756.62
683.5
775.25
608.88
716.25
605.12
510.62
772.12
593.62
858
800.62
740.62
741.5
686.38
735.88
745
773.75
816.88
904.12
783.25
794.62
871
758.12
775.5
842.62
756.25
736.5
799.12
727.88
761.12
664.88
709.12
598
810.5
698.38
617.88
592.12
783.38
782
744.88
819.62
693.38
636.5
764.12
651
695.88
625.75
608
746.38
714.75
656.62
716.5
545.75
586.75
554.38
773
668
681.5
798.12
807
689.38
698.88
622.25
703
564.62
640.5
732.5
712.88
858.88
736.25
704.88
701.75
778
764.62
888.75
819.5
794.62
903.38
797.88
652
775.12
885.12
618.12
609.5
663.88
744.12
681.12
622.38
803.25
721.62
797.75
662
779.38
709.38
648.38
754.12
735
448.12
690
660.5
620.12
579.25
704.25
555
459.75
688.38
556.75
582.12
497.12
549.38
711.12
782.88
614.88
672.62
665.12
687.38
857.75
614
624.62
606.5
730.62
713.62
688.62
861.12
903
813
717.75
755.62
780.75
665.5
745.25
803.12
623.38
618.12
816.75
700.12
633.75
714.62
674.12
623.38
798.12
651.62
721.38
627.75
810.88
684.5
797
876.75
635
562
615
628.75
706.5
761.12
630.75
645
651.12
537.88
515.5
762.88
635
834.88
789.12
969.62
803.5
807.62
921
807.75
791.62
890.5
737.38
892.5
855.38
829.5
809.88
756.5
817.38
618.12
713
867.62
972.12
826.12
839.38
795.75
783.38
930.75
1021.38
959.88
883
886.75
995.38
775
744.5
826
932.12
898.75
919.5
854.12
845
773
925.62
790
850.5
627.38
699.75
739.75
810.38
889.88
804.5
646.75
638.38
733.5
700.38
508.38
674.5
693.5
654.25
748.62
772
850
664.12
627.5
722.25
736.75
579.62
653.75
732.12
789.38
587.25
839
577.25
704.75
694.5
686.12
864.62
921.25
818.38
860.25
834
656
738.38
816.5
864.75
877
848.62
769.38
847.5
672.38
800.38
772.12
687.62
693.88
762.62
671.62
544.62
744.38
631.75
809.38
698.38
549.12
668.75
564.5
581.12
721.5
685.88
646.62
589.75
635.25
706.12
396.12
693
553.88
626.75
683.62
411.5
663.88
666.38
539.12
442.62
809.75
856.62
754.25
600
660.25
756.62
792.75
825.75
820.62
740.88
752.38
803.25
785.75
507.75
522.62
680.88
676.12
757
671.5
774.38
716.25
818.25
694.75
801.38
847.75
898.75
828.38
614.62
826.38
753.75
837.25
727.62
699.62
598.75
652.12
606.62
644.12
661.25
657.88
657.5
713.38
933.25
887.75
708.62
698.12
813.62
679
657.88
600.88
682.38
781.88
666.88
755.12
726.88
607
660.25
552.75
447.75
521.88
521.12
502.12
517.88
540.5
364.12
482.12
452.38
588
537.75
478.38
510.5
499
525.12
533.25
530.88
449.25
452.88
447.88
446.12
515.62
465.25
434
447.88
502.75
542.62
489.62
451
370.25
598.75
525.5
636.25
613.75
491.88
473.88
520.12
533.38
544.25
586.88
463.25
563.25
664.88
505.38
627.75
667.62
485
520.75
678.25
492.38
448.5
469.12
559.38
555.88
668.88
515.5
475.88
847.25
716.62
672.88
981.88
789.5
834.38
612.75
689.12
638.88
574.62
784.38
664.25
481.62
517.5
769.38
557
632.38
795.12
483.62
472.5
560.62
512
667.12
587.5
631.12
651.88
552.12
577.5
509.88
586.5
585.12
611.38
532.12
544.12
570
478.75
480
567.12
589.38
455
584.75
511.25
532
572.25
513
434
623
688.75
590.75
600.62
500.38
754.38
551.12
597.5
706.88
603
766.5
810.38
871.38
981.88
863.5
795.62
664.12
749.75
739.38
842.62
501.62
592.62
859.5
761.62
732.5
854.88
878.25
630.25
769.62
648.75
665.88
636.38
923.62
796.38
659.88
774.75
752.5
808.75
766.12
724.5
637.5
643.25
722
732.75
597.75
1067.38
853.25
1033.12
886.25
725.88
712.25
862
884
834.12
718.25
782.62
653.88
590.62
459.88
584.88
656.12
583.5
672.25
681
755.62
694.5
525.62
687.25
521.75
647.38
726.88
485.5
667.75
493.75
603.25
546.62
650.62
686.88
653.38
907
780.38
661
718.12
748.62
837.5
682.12
659.75
581.12
758.62
684.62
744.38
611.62
685.12
578.62
702.62
620.12
665.38
655
686.88
751.62
679.88
610.5
629
794.62
725.75
673.38
845.88
632.25
815.62
666
707.88
658.25
745.12
728
632.62
773.25
698.25
770.38
707.62
805
729.88
752.62
903.12
890.62
851.75
774.38
801.25
797.12
738.38
663.5
733.62
710.62
739.38
850.75
789.25
720
739.25
731.88
797
775.75
613.62
772
750.75
653.12
810
702.38
587.62
728.88
650.75
851.38
731.62
746.38
633.62
617.25
729
837.62
773.5
755.62
865.88
737.62
843.75
702.12
687.75
713.12
788.25
867.75
952
732.62
972.62
921.25
833.12
846.88
866.12
834.62
906.5
781.62
991
791.75
861.25
948.75
820.88
925.25
749.88
873.88
859.38
970.5
829.88
1010.25
1117
910.62
979
896
860.75
829
1030.25
1064.25
1075.38
877.62
935.25
973.75
1055.38
997.62
1098.12
1136.88
931.38
947.88
915.88
1058.88
897
812.25
837.88
692.5
856.62
952
948.62
892.75
964.75
815.88
841.62
884.38
662.12
745.75
795.88
937.62
933.38
968.12
969.75
841.88
971
864.38
988.25
875
938.75
1088.75
1034.5
974.38
822.25
939
908.62
904.88
886.12
996.75
921.25
905.25
762.75
865
908.88
872.12
819.88
822.38
830.38
845.25
666.75
965
945
990.38
765.25
823.38
983.88
836.38
872.5
757.5
792.5
763.38
686
877.12
887.25
804.62
962.5
1119.25
911.12
751.5
813.88
859.12
988.25
834.88
729.62
1028.5
647.25
866.38
904.75
778.38
795.62
932
852.38
882
856.12
1041
1072
999
965.75
978.88
1033
1006.88
832.5
755.12
793.12
828.62
860.88
855.25
899.5
1030.88
817
817.75
834.75
884.5
824.62
833.38
788.88
787.25
748.25
779
854.62
895.5
944
752.38
761.62
737.75
716.5
905.88
979.25
814.62
851.25
736.5
792.62
813.12
742.62
829
789.75
877
918.25
910.75
773.75
780.25
834.38
863.38
714.62
776.62
831.88
891.62
841.12
946.12
781.25
827.62
861.75
840.5
883.38
971.75
888.5
953.25
788.5
844.75
849
788.25
705.12
810.62
943
864.62
1014
809.12
945
883.12
788
932.38
865.5
946.12
839.5
882.25
829.38
957.88
960
889.12
923.12
1032.25
933.88
928.88
985.25
1047.75
1028.62
996.62
951.88
891.5
1004.25
955.5
942.5
901.12
875
1023.5
849.88
960.75
1035.75
915.75
973.75
781.38
877.25
865.75
832.5
1004.75
913.5
794.75
878.62
911.88
910.5
925.88
1035.88
992.5
921.12
866.75
887.12
1073.38
840.5
848
805.25
943.38
900.25
1017.12
920.88
1013.38
844.5
722.88
815.38
868.25
929.88
855.62
967.5
907.5
839.38
786.62
874.25
937
967.88
977.25
998.62
1051.25
810.88
851.62
1035
944.62
904
770.5
870.12
717
919.88
712.75
933.88
889.38
932.75
882
846.75
767.38
850.12
847.62
802.12
788.88
799.5
818.25
719.75
773.75
827.25
867.62
781.5
890.25
934.62
878.75
842.12
1001.38
1077.62
865.62
835.75
760.88
843.75
823.5
1022.38
708.12
846.5
824.25
947.38
989.25
800.25
947
948.75
1010.5
902.25
787.12
905.75
870.38
923.88
964
911.5
831.88
877
802.38
940.38
798.88
796.5
939.25
828.25
981.62
817.25
859.62
959.62
967
841.38
831.88
872.75
832.75
692.38
756.12
681.75
797.88
875.88
845.25
801.5
746.88
898.75
847.38
866.25
845.5
642.38
861.38
818.88
894.75
879
795.5
893.25
811.12
917.38
630.62
842.5
743.62
813
774.12
824
788.12
705.25
744
766.88
887.12
848.5
931.38
920.88
763.62
909.5
853.38
927.5
931.38
1006.25
891.25
846.5
879.5
909.5
991.75
789.88
775.75
879
838.62
731.5
805.38
803.25
734
779.38
894.88
682.38
823.38
616.75
764.38
783.62
746
789
992.25
757.38
865
836.88
819.5
1036.75
988.75
816.62
750.25
696.12
916.62
1022.12
736.38
849.75
834.88
860.5
831.88
918.5
823.38
829.88
853.5
995.75
945.25
942.5
839.38
782.12
683
764.12
799.12
701.75
890.25
774.5
784
942.62
887.88
720.12
775.12
850.5
902.5
790.38
763.38
878.88
752.12
768.62
830.88
852.62
894.62
863.25
846.12
880.25
964.25
881.75
938.25
890
826.12
895.75
754.75
656
661.62
925.5
828.62
946.38
819.25
925.75
924.75
1077.5
933.12
885.62
819
914.12
848.25
837
868.38
873.62
869
914
857.62
732.300209930023