1447.38
1439.12
1434.12
1408.5
1407.25
1291.25
1472.5
1190.88
1204.5
1367.88
1184.25
1097.38
1109
1255.38
1239.75
1202.12
1306.25
1213
1264
1355.25
1423
1430.38
1674.12
1494.88
1697.25
1430.88
1633.88
1483.25
1428.38
1483.12
1221.25
1320.5
1209.38
1386.62
1365.12
1343.75
1361.75
1419.5
1408.5
1417.75
1376.38
1232.88
1371.12
1517.38
1590.75
1345.5
1367.12
1348.25
1249.12
1393.75
1360.38
1280.5
1327.12
1312.5
1302.5
1431
1433.62
1444.62
1412.12
1499
1373.12
1438.75
1456
1385.12
1395.38
1186.62
1442.88
1545
1517.88
1431.62
1586.38
1673.88
1411.75
1355.62
1563.75
1389.25
1586.25
1342.25
1230.75
1103.88
1124.75
983.25
1232.38
1234.38
1117.25
1002
1006.88
1084.38
1093.38
1193.38
1129
1157.5
1046.62
916.12
975.62
803.75
907.12
798.62
940.25
875.5
932.88
1005.5
982.75
938.62
1120.75
1023.25
1087.62
978.38
844.25
881.25
986.75
740.62
770.75
751.5
793.25
775.25
860.62
800.88
736.75
742.75
675.25
850.88
777.75
684.25
781.12
872
1028.5
801.62
804.38
822.88
763.88
847.88
863.75
976
847.38
877.75
814
855.5
954.88
896.25
838.38
717.38
796.62
823.25
948
829.38
780.75
875.12
843
1054.75
992
870.75
856.12
885.88
811.88
840
829.12
788.38
843.5
904.12
888.75
971.25
960.12
934.38
954.62
798.88
867.12
1079.88
1000.75
869.62
966.12
928.5
804.38
965.12
861.62
925.5
837.38
841.75
709.25
707.38
740.62
868.75
840.88
867
870.75
947.75
808.88
767.38
837.38
817.25
816.38
877.12
822.38
791.25
888.38
881.5
836.25
784.5
927
922.25
813.12
822.88
928.62
947.75
914.62
857.25
822.38
774.75
896.25
806.25
855
833.5
859.62
844.75
843.75
846.38
856
881.75
864.88
837
964.38
742.25
876.5
867.12
837.75
736.62
889.12
1002.5
1091.5
1018.75
965.25
1011.75
938.5
864.88
1021.88
893.5
1143.88
1017.88
1074.88
1017.62
947.62
1038.25
1251.5
1023.25
1081.25
1033.5
1025.62
1043.5
997.62
1019
1124.5
1143.38
1084.12
1210.12
1288.62
1077.5
1114.88
950.12
1128.75
1164.12
1115.5
1002.88
1188.5
1022.38
963.25
883.75
952.25
934
1129.38
1251.88
1144.62
1062.62
1041.5
1028.62
900.38
879.75
1108.25
934.38
796.88
915.38
913.12
959.5
918.12
1168.12
1016
1017.38
981.5
1008.75
1040.62
1028.5
1051.5
1027.38
1108.62
943.25
876
1135.25
848.5
1010.62
851.62
1114.12
1071.5
974
1037.5
1191
1175.25
1136.38
1112.88
1124.62
1020.62
1153.75
959.88
1057.5
1180.38
1061.5
1229.75
1072.75
1198.88
1119.5
1006
1094.75
970.75
1100.5
1115
1093.75
1253.25
1178.25
1286.12
949.25
1012.38
1032
975.75
1025.75
1019.62
1087.62
1179.88
1011.38
964.38
1047.38
1040.88
1014.88
1089.5
1044
1151.62
1073
1174.88
1094
1088.12
1018.62
1025.62
1277.12
1139.88
1293.75
1178.25
961
1060.75
1217.88
1115.38
1154.88
1035.88
1028.75
967
1065
1143.12
1036.5
1056
1101.88
1109.38
1137.12
979
1180.88
1141.62
1119.25
1355.38
1056.38
1018.12
1035.88
1130.12
968
1095.12
1267.62
1140.75
978.88
1002.38
1196.12
1161.5
1188.12
1170.12
1275
1137.12
1055
1158.88
1115.75
1158
1005.25
933.62
1024.12
891.62
1044.88
1206.62
1129.62
1088.75
1105.5
1010
1115.62
1012.5
1114
1113.62
1080
1256.12
1088.38
1048.12
925.25
983.62
1187.25
862.5
1053.62
995.12
1048.62
1052.5
1128.25
1103.12
1168.62
1172.62
1120.38
1032.25
1045.25
1022.25
1099.75
1157.5
898.62
1090.5
1012.88
957.62
960.12
1157.12
1034.12
1020.38
1000.38
1032.5
1068.5
1101.75
1058.88
1148.88
902.75
1021.38
1077.5
1004
981
965.12
815
922.38
875.5
961.5
961.88
940.12
989.5
999.5
874.88
827.62
903
894.75
1064.38
981.88
1043
1016.88
935.62
939.25
951.38
980.5
1032
913
1008.5
761
1074
814.38
890
873.12
963.62
817
859
933
848.75
958.25
873.5
1021.62
1059.12
1009.62
1005.38
1041.5
1042.12
995.62
986.88
900
899
1017.38
1051.5
939.88
1019.12
1012.25
1124.62
1018
985.88
968.62
921.25
941.75
972.12
1043.12
1053.88
1056.12
1029.62
1040.62
1133.75
1045.25
1185.12
1145.88
1271.12
1170.62
1194.12
1319.88
1294
1434.5
1273.12
1152.12
1298
1182.38
978.62
1138.12
1261
1146.88
1208.62
1244.25
1305.5
1173.12
1309.88
1334.12
1093.88
1075.25
1281.5
1158.62
1094.88
1170.12
927.5
1036.25
1053
1103.62
1023.5
1022.5
849.12
1130.62
1076.88
1134.5
948.12
1100.12
1116.25
1055.88
1144.5
1289.25
1265.5
1094.5
1207.75
1075.62
1028
1198.38
1296.12
1100.12
1257.88
1291.62
1195.25
1126.75
1073.12
1180.62
1101.25
1190.75
1188.75
1313
1225.12
1181.62
1035.62
988.12
1119.88
1153.75
1284.88
1291.38
1353.75
1307.25
1293.38
1175.38
1403
1270.5
1207.62
1328.75
1224.5
1284.12
1232
1183.62
1159
1135.12
1271.62
1287.62
1090.25
1157.25
990.12
1282.5
1170.62
1182.62
1166.75
1234.12
1225.5
1332.75
1143.62
1292.62
1412.38
1518
1255.75
1366.25
1348.62
1431
1232.5
1103.5
1127.75
1201.88
1281.62
1079.38
1190
1263.5
1116
1194.25
1307.25
1185.88
1113.62
1262
1315.5
1458.12
1232.62
1333.62
1157.75
1337.75
1345.25
1288.25
1297
1129.88
1364.12
1286.75
1051
1151.25
1000.88
1185.38
1031.38
1168.5
1198.62
1175.62
1262.12
1089.12
1237.75
1355
1157.25
1336.12
1396.5
1304.38
1278
1199.88
1318.88
1403.5
1272.12
1298.25
1313.62
1361
1226.25
1299.12
1190.75
1236.38
1254.12
1303.12
1314.5
1145
1046.38
1273.25
1286.62
1335.75
1132.5
1278
1257.5
1109.88
1127.62
1208.12
1091.38
1152.38
1310.25
1194.25
1347
1272.5
1230.88
1356.62
1303.5
1330.12
1170.88
1309.25
1213.62
1199
1390.62
1450.75
1228.88
1235
1390
1235.38
1248.75
1254.12
1307.5
1430.12
1510.25
1378.5
1249.12
1246.38
1224.62
1309.62
1336.38
1278.62
1012.5
1245
1036.12
1262.62
1052.12
1151.62
1037.38
849.62
1130
1289.88
1257.75
1205.62
1018.75
1123.75
1186.5
1150.12
1116.12
1048.12
921.88
995
1174.12
1212.5
919.62
1115.38
1046.5
1142.12
991.12
1136.12
1096.25
947.88
952.88
1087.88
1151.38
1142
1226.5
1249.75
1176.75
1283.62
1076.5
1027.25
1138.5
1040.38
978.38
1008.75
1051.5
1076.12
1201.88
1196.5
1153.75
1035.5
1200.12
1108.12
1127
1111
1091.38
1023
966.88
1138.62
1056
884.5
929.38
991.5
920.75
923.75
879.12
1124.62
1007.75
989.12
1014.62
1079.38
985.38
919.88
834.12
873.5
755
790.12
918
846.75
905.88
766.38
853.88
845.12
1124.62
1029.38
861.25
1148.12
1046
1058.5
1065.75
1111.88
1242.75
1189.25
898.12
1083.5
1032.12
960.12
913.38
1046.38
792.25
1103.5
915.38
939.38
884
1145.75
1006.88
974.5
1047.12
1143.75
1232.25
1226.88
1125.75
1044.62
1136.25
1082.62
844.88
821.38
946.62
1008.62
1112.12
1143.88
983
1033.12
1235.62
1255.88
1110.75
1111.75
910.62
794.38
1026.62
1005.88
1048.75
1093.62
1246.25
1308.62
1153.25
1053.12
1055.25
1023.25
929.25
1013.88
1010.88
1186.62
986.12
947.88
1122.62
1022.25
926.12
1253.38
1142.38
1066.12
1081.38
1230.88
1318
1019
1156
1304.38
1085.75
1175.12
1069.88
1172.75
1290
1151.38
1093.75
1011.62
901.12
976.38
883.62
1060.88
948.88
960.12
903.62
997.75
1121.5
1164.75
1215.62
1221.5
1108.62
1119.12
1220.25
1156.5
1238.75
1164.62
1241.5
1373.12
1479.38
1300
1239.12
1205.75
1203.5
1263.62
1068.38
1346.25
1200.88
1292.5
1320.88
1278.5
1204.5
1275.75
1138
1231.62
1405.88
1429.38
1367.5
1448.88
1397.12
1422
1316.25
1293.38
1293.88
1275.62
1132.75
1275.25
1395.88
1256
1414.12
1349.25
1194.5
1267.75
1313
1214.12
1148.5
1228.62
1248.75
1382.12
1295.5
1356.62
1158.5
1211.88
1344
1290.62
1262.25
1314
1168.5
1277.62
1083.38
1125.75
1183.5
1200.88
1082.5
1286.75
1087.12
1162.75
1178.5
1171.5
1104.75
1021.25
1069.12
1140.12
1072.62
1052.75
1078.5
1097.88
1122.5
1133.38
1106.75
1171.88
1220
999
1071.5
1019.38
1143.75
1020
1225.12
1087.75
1288.38
1132.75
1179.38
1118.12
1277.88
1172.5
1174
1178.88
1000
1152.38
1131
1286.25
1087.12
1069.75
1069.38
1390.38
983.12
1077
1003.62
1143.25
1138.62
1134.12
1081.75
1042.5
1200.88
1138.5
1186.62
1088.5
983.75
1040.75
985.62
1251.25
1066.75
1161.62
1176.5
1099.12
1275.88
1363.88
1129.25
1189.5
1102.12
1096.25
1244.38
1205.25
1099.38
1154.12
1125.88
961.38
1153.25
1220.25
1260.5
1193.12
1207.62
909.62
944
1177.62
1103.5
1205.88
1088
955.38
1024.12
1043.12
1309.12
1148.5
1177
1112.38
1188.88
1209
1383.12
1120.75
1236.75
1204
1055.25
1121.88
1165.75
1214.75
1082.12
1116.62
1055.62
1259
1065.88
1224.5
1279
1014
785.12
1093
1014.38
851.62
1148
1140.75
970.12
936.12
1044
1066.12
1120.62
1159.38
1124.25
1155.62
984
1338.38
1188.75
1102.5
1234.75
1140.88
1139.88
1218.75
1178.5
1137.75
1004.88
997.25
1026.38
1129.62
1025.25
1195.75
1114.12
1223.38
1115.75
1051
1022
954.75
1116.25
1145.75
949.38
992.25
1011.25
996
932.88
1098.12
1189.12
1228.38
1344.88
1115.5
914.38
1216.88
1105.88
1143.25
1099.12
1182.88
1161.38
1139.5
1105.38
1123.75
1052.88
1099.38
1114
1167.75
1115.62
1250.5
1070.25
1124.25
1080.38
1182.12
984.12
1070.75
1136.88
1103
1077.62
1176.88
1003
839.38
1045.25
1232
1015
1081.75
1130.5
1022.5
1048.75
1153.12
945.62
1099.62
1011.88
979.62
1158.38
1238
1126.75
1100.75
976.75
1297
1151.25
1160.38
1164.88
1262.88
1284.5
1496.75
1217.38
1141.75
1136.88
1108.5
1096
1065.25
1289.62
1186.62
1144.25
1176.5
1076.88
1198.62
1219.38
1040
1295
1128.62
1186.75
1255.25
1231.62
1028
1182.25
1293.88
1289.12
1254.88
1173.25
1144.25
1217.38
1190.38
1255.62
1240.62
1227.12
1018
1072.88
1366.75
1252.88
1373.5
1302.12
1399
1364.25
1249
1412.12
1323.38
1178.12
1310.88
1352.5
1249.12
1322.12
1291.88
1282.12
1249.75
1351
1350.75
1309.38
1307.12
1219.25
1169.88
1205.25
1130.88
1237.88
1157
1115.75
1104.38
1087.88
1323.75
1130.12
1087.38
981
1188
1080.25
1135.88
1159.88
1095.12
1022
1115.88
1272.62
1294.25
1038.38
1172.38
1076.88
1132.38
936.25
1057.38
1098.25
1218.62
1074.38
1233.38
1124.5
1158.75
1101.38
1026.12
1164.75
963.5
931
1130.25
1340.62
1247.75
1023.88
1183.75
1259.38
1213.25
1006.25
1177.75
1080.62
1354.5
1191.12
1058.12
940.75
1212.88
1099
1164.75
1154.12
1340.88
1290
1404.5
1217.88
1272.38
1380.75
1403
1402.25
1506.12
1334.25
1312.75
1216.62
1179.38
1238.62
1168.62
1281.75
1205.5
1263.25
1386.5
1398.5
1383.62
1359.12
1315.62
1205.38
1216.75
1181.25
1308.25
1319.25
1289.25
1186.12
1336.75
1131.38
1140.25
1235.62
1285.25
1065
1276.75
1233.12
1281.75
1370.5
1244.62
1244.62
1299.62
1261
1148.25
1163.62
1310.62
1239.5
1148.38
1195.62
1178.75
1177.5
1226.62
1131.5
1230.75
1347.5
1458.75
1424.38
1157.25
1147.88
1277.62
1238.5
1178.88
1262.5
1152
997
1168.75
1273.25
1402
1285.88
1575
1372.12
1157.62
1182.38
1384.62
1549.62
1438.62
1376.75
1411.25
1383
1258.5
1612.88
1556.5
1619.25
1368.5
1431
1483.5
1325.75
1501.38
1344.12
1415.75
1408.88
1466.75
1336
1408.62
1287.88
1429.62
1449.62
1611.12
1368
1232
1718.75
1671.12
1810.62
1482.75
1400.88
1235.12
1291
1449.25
1266.62
1458.88
1471.75
1534.88
1470.25
1392.88
1494.5
1266.5
1293.12
1355.25
1346.88
1587.38
1437.25
1369.88
1452.25
1399.88
1411.38
1359.62
1421.75
1423
1282.38
1143.25
1297.88
1463.25
1332
1319.25
1430.5
1442.38
1353.25
1420.25
1404.25
1423.38
1214.62
1359.5
1319.38
1555.38
1317.88
1370
1323.25
1188.12
1126.25
1226.5
1342.25
1174.62
1359.62
1485.62
1346.5
1259
1210.88
1186.38
1157
1145.12
1167
1182.25
1335.88
1263.62
1198.75
1282
1179.25
1358.25
1180.75
1186.62
1515.38
1291.38
1276.88
1357.5
1496.38
1224.38
1217.25
1221.88
1314.12
1274.5
1345.38
1298.62
1192.62
1365.12
1159.5
1054.12
1202.25
1240.62
1468.12
1524.25
1318.38
1397
1442.25
1319.88
1328.25
1255.5
1312.12
1135
1155.38
1214.88
1245.62
1298.75
1062.38
979.75
997.88
1248
1071.38
1208.38
1135.88
1040.12
1083.12
1204.5
1283.88
1266.12
1346.62
1362.5
1367.75
1218
1364
1239.25
1424
1435.25
1116.5
1212.12
1183.75
1440.88
1121.5
1113.38
1071.62
1094
867.62
855.75
845.88
984.88
1109.88
1028.88
945.5
1232
1083.75
1178.75
913.5
985.88
1089.75
1120.88
1007.38
953
1232.5
965.62
938
1061.62
885.88
1072.5
1129.62
1024.38
1146.38
1038.88
983.12
1020.5
973.25
1132.62
1153.5
1200.75
979.62
1173.12
1051
1041.38
1212.12
1033.88
1084.25
996.75
918.88
1118
843.12
947.88
938
999
1047.75
1000.38
1050.12
1101.88
1061.75
1149.12
989.12
997.12
1123.12
957
1015.12
973.88
861.88
962.38
1185.12
1126.25
1043.75
1127.25
1079.88
1117.12
971.62
1147.12
1083.88
1156.12
1005.5
1191.12
1137.38
1172.25
1198.62
1170.25
931.75
1085.12
991
1120.38
1133.5
1020.5
1257.88
1222.38
1073.12
1089.38
1230
1257.38
1118.12
1193.88
1153.25
1064.75
1252.5
1208.88
1156
1098.25
1281.75
1095.38
1188.5
1173.25
1297.88
1314.12
1330.5
1294.12
1278.12
1062.5
1130.5
1012
1248.75
1199.88
1422.62
1453.75
1422.88
1247.88
1321.38
1219.5
1047.62
1321.25
1021.5
1165.12
1380.88
1264.75
1389.5
1333.5
1229.38
1161.5
1204.75
1088.5
1360.88
1103
1130.75
1041.88
954.38
990
1086.75
867.38
998.88
863.5
950.88
1098.12
1267
1225
1112.5
1083.5
983.12
1079.5
1095.5
1124.62
1014.88
1070.62
1170
1217
1127
1138.75
1069.75
1334.25
1129
1266.5
1265.12
1316.62
1171.88
1150.75
1261.38
1159.25
1445.75
1070.88
1242.38
1278.5
1315.12
1385.12
1257.12
1154.12
1282
1461
1286.12
1218.62
1450.5
1336
1100.12
1075.25
1179.5
1105.12
1248.75
1342.75
1277.62
1179.25
1335.5
1305.38
1307.88
1351.12
1274.5
1248.88
1193.38
1395.25
1433.38
1196.25
1103.88
1163.88
1206.88
1207.38
1188
1194.25
1193
1241.5
1361.75
1278
1070
1182.5
1117.12
1127.5
1217.38
1265.38
1020
948.12
921.75
968.38
1176.88
1058.62
1170
980.5
1072.12
949.38
1099.25
1258.75
1223.62
1349.62
1052.38
1093.38
1267
1229
1095.5
976.38
1271.88
1197.62
1419.88
1163.88
1191.75
1028
1172.12
1098.88
1254.62
1162.5
1193.25
1246.75
1111.75
1274.5
1135.88
1335.62
1222.75
1362.38
1297.62
1245.25
1355.62
1149.38
1360.38
1416.88
1369.38
1215.75
1276
1120.62
1142.75
1095.62
1346.88
1472.38
1314.38
1324.75
1283
1166.12
1330.38
1249.5
1228.62
1215.62
1359.62
1405.25
1300.62
1274.88
1307.38
1258.5
1052.12
1014.88
1198.5
1136.75
1029
1093.25
1243.88
1134.38
1147
1334.5
1122.75
1100.88
1234.75
1240.38
1117.25
1154.75
1236.38
1276.88
1273.25
1330
1433
1444.12
1305.38
1113.5
1170.12
1262.12
1348.75
1301.12
1223.12
1083.75
1237.62
1249.25
1181.5
1359.38
1348.75
1186.88
1021.38
1190.62
1130.5
1096.5
1289.88
1250.75
1154.25
1219.12
1313.5
1220.38
1153.12
1239.5
1315.12
1279.5
1157.75
1200.12
1200.25
1313.25
1246.5
957.12
1054.88
1182.75
1128.75
1093
929.88
1055.62
1139
1217.12
1150.25
1147
1116.75
1112.62
1457.5
1395.38
1347.12
1201.12
1223.38
1131
1157.12
1123.5
1290.88
1223.62
1224.25
1359.88
1329.25
1276
1272.88
1321.5
1267
1180
1216.75
1213.25
1196.62
1197.12
1290.88
1176.5
1092
1189.38
1154.88
1339.38
1291.25
1352.62
1364.25
1412.12
1504.88
1340
1475.25
1473
1578.25
1523.5
1416.38
1434.62
1456.38
1200.62
1218.12
1141.5
1168.62
1361.25
1167.12
1314.88
1289.12
1191.38
1396.75
1322.75
1231.38
1330.25
1302
1158.75
1265.75
1364.12
1414.5
1269.38
1340.25
1334.88
1149
1208.5
1144
1275.5
1194.25
1203.12
1047.12
947.62
1197.75
1247.88
1288.62
1103.88
1182.88
1245
1404.12
1231.38
1231.88
1266
1358.25
1186
1290.62
1492.12
1276
1189.12
1288.5
1176.5
1279
1443.5
1422.88
1324.38
1207.12
1467.88
1425.88
1381.38
1200
1204.25
1198.88
1391.75
1393.62
1154.5
1235.75
1380.88
1223.25
1292.62
1306.38
1445.25
1133
1226.12
1221.88
1299.12
951.25
1239.12
1244.12
1152.12
1169.5
1202.25
1342.5
1468.5
1322
1277.25
1328.5
1537.62
1290.88
1099.5
1330.75
1288.5
1271.12
1200.88
1299.88
1334.25
1435.25
1363
1357.38
1270.25
1409.25
1365.75
1197.25
1308
1180.5
1158.25
1211.25
1291
1005.38
1262.88
1152.62
1301.25
1312.5
1383
1273.5
1368.25
1338.75
1360.62
1292.62
1236.38
1339
1152
1338.88
1306.12
1416.5
1379.5
1292.12
1403.12
1364.5
1323.25
1313.12
1292.38
1183.38
1306
1181.5
1208.25
1188.25
1242.75
1274.75
1243.62
1409
1297.75
1251.12
1209.75
1130
1395.25
1381.75
1327
1173.12
1299.88
1138.38
1198.75
1234.88
1181.25
1290
1101.25
1215.38
1347.38
1387.25
1145.12
1324.88
1281.38
1273.5
1069.62
1178.5
1358
1286.38
1323.12
1373.12
1235.88
1224.25
1240.25
1240.5
1455.88
1303.5
1233.75
1331.5
1320.38
1182.25
1340.88
1253.88
1306.88
1320.75
1375.88
1513.88
1419.75
1127.12
1344.25
1284.25
1433.38
1327.12
1362
1458.12
1434.25
1089.88
1405.12
1419.5
1411.25
1368.25
1444.88
1302.5
1133.38
1308.62
1310
1358.62
1136.38
1177.75
1163.75
1134
1235.38
1227.5
1349
1216.75
1181
1275.75
1261.88
1108.38
958.25
1040.75
1102.5
1069.25
1065.75
1091.88
1199
1122.62
1114.12
1095.62
1147.75
1256.62
1287.38
1337.62
1080.5
1173.75
1118.75
1096.25
958.38
924.12
1026.12
1283.5
1110.88
1156.88
1209.5
1122.75
1098.12
990.5
1008.38
1018.75
911
1129.88
956
942
1018.25
1011.25
817.5
859.5
990.5
863.25
927
856.75
877.12
946.75
861.5
910.25
1062.12
789.12
898.62
858.5
844.62
1037.38
970.88
927.38
991.62
1063
769.88
879.25
1079.75
957.5
1044.62
971.5
1120.38
1174.38
950.88
945.12
814.25
869.12
995.75
1175.62
1070
1057.62
1096.25
980.75
1145
922.5
1066.12
1105.75
1013.12
1123.75
917.25
1055.12
1033.25
1219.88
1032.38
1113.38
1072.38
1154.75
1089.38
960
903.12
1157.38
1032.12
1020.38
1055.12
1166
1094.38
1258.75
1061.5
1104.5
1125.12
789.88
1059.5
1137.25
1109.75
1114.25
1022.12
1185.5
1232.5
973
1031.38
1032.38
1194.25
1017.5
871.62
874.25
1202.62
995.12
991.88
963.75
1174.12
1140.25
1136.5
1048.12
1033
1199.25
1128.12
985.62
1135.88
1026.75
1233.25
1250.75
913.62
973.5
1028.38
964.75
1128
1092.12
1166
1101.62
1116.88
1154.12
1218.88
1247.25
1266.38
1135.12
983.75
1291.25
1001.5
1031.88
1063.5
1110.5
1254.5
1192.12
1025.25
1247.38
1119.5
1050
1081.75
1049.38
1229.5
1217.62
1244.25
1266.25
1198.25
924.25
1079.38
1105.25
1079
1313.25
1160.75
1122
1164.75
1358.75
1305.38
1133.75
1055.38
1091.75
1098.62
1199.62
1175.5
1123.62
1125.62
1100
1015.75
1003.12
1076.38
1150.5
1057
1069.25
1160
1200.62
1132.5
1099
932.12
1200.62
1037.5
923.75
1033.88
1248.88
1273.75
1478.75
1212.62
1330.12
1341.5
1412.88
1454
1408.5
1312.75
1251.12
1337.88
1446.12
1513.12
1517.62
1537.75
1270
1241.38
1424.25
1430.88
1441.75
1344
1729.25
1498.75
1477.25
1410.38
1563.12
1329.5
1452
1384.75
1544.12
1446.88
1334.25
1457.12
1427.75
1432.75
1217.88
1248.62
1389.12
1384.75
1287.62
1358
1489.38
1564.62
1311.62
1511.75
1616
1693.75
1550.62
1449.12
1545.62
1525.38
1338.62
1368.62
1368
1558
1418.5
1454.88
1500.62
1516
1490.25
1410.5
1561.88
1396.75
1314
1188.25
1029.5
1156.62
1223.38
1253.12
1175.12
1216.5
1180.88
1239.75
1170
1163.5
1431.5
1174.88
1131.62
1132.62
1042.62
1046.88
1117.25
1098.25
1098.5
1244.75
1259.62
1141.25
1390.62
1287.5
1405.12
1479.62
1339.12
1341.25
1124.12
1325.62
1293.25
1437.25
1299.12
1319.88
1376.75
1444.5
1504.12
1281.62
1296.62
1196.75
1198.25
1162.88
1073.88
1191.62
1221.25
1139.25
1176.25
1202.12
1256.5
1283.88
1105.5
1294.12
1032.75
1115.88
1208.12
1025.25
955.5
1094.38
1061.12
926
1275.38
1171.12
1031.12
1090.5
1137.38
1008.38
1097.62
1071.75
1196.12
1163.25
943.5
1091.5
1183.25
1197.25
1004.62
1073.38
1180.38
989.38
1022.88
1116.12
1146.75
1152
1081.88
982.5
1027
1030.25
1137.62
1058.88
904.38
1015.12
1156.88
1198.75
1106.75
1111.62
1152.5
983.25
1094.25
1013.88
1070.62
1082
1068.75
1049.38
975.88
999.38
1103
1204.25
1088.62
1009.12
1004.75
974
1076.88
1013.75
1184.62
1056.5
959.75
974.12
1119.12
998
1113.75
1104.25
906.5
1183
1209.12
1140.25
1150.62
1243.75
1374.88
1558
1159.62
1292
1219.88
1038.75
945
1034.38
1113.25
1212.12
1333.25
1368.75
1093.12
1206.5
1380
1241.62
1104.5
1097.5
1046.5
1150.25
1285.25
1086.5
1188.38
1078.38
1063.38
1264.88
1234.12
1270.88
1185.12
1094
1174.88
1146.5
1291.88
1157.88
1171.12
1059.88
1237.62
1322.12
1187.5
1154
1304.75
1214.88
1179.25
1372.38
1265.75
1243.88
1509.62
1235.25
1266
1132.5
1274
1100.12
1038.5
994.38
1129.62
1080.5
910.38
1196.75
1073.12
1120
1145.75
1142.62
1153.12
1108.5
1201.75
954.12
1113.12
1171.25
1005.38
1099.38
1081.25
959
1295.38
1412.62
1218
1168.25
1088.12
1317.62
1173
1314.25
1132.75
1092.38
1272.75
1090.62
1074.88
1139.5
1040.12
1162.12
1198.12
1186.62
1044.25
1351.12
1304.38
1332.75
1094.62
1166.38
1122.38
1245.88
1017.75
992.12
920.5
983.62
1171.75
1129.75
1192.5
1032.5
1098.12
1063.5
1134
1018
1226.75
1106.75
1236.75
998.25
963.25
1124.25
974.38
1071.62
1164.25
1045.5
1042.75
1055
1131.88
1268.25
1187.38
988.12
1195.5
1117.5
1211.75
1144.38
1056
1145.88
1002.88
1103.25
1009.5
1056
1089
1127.25
1156.38
1163.12
1285.62
1136.62
1048.5
1119.38
1259.5
1166.12
1134.88
1115.5
1219.75
1167.38
1221.88
1224.12
1230
1088.38
1045.38
1177
1144.12
1213.5
1120.12
1222.75
1300.88
1159.62
1176.12
1231
1169
1374
1051.62
1044.88
1126
1091.88
1337.5
1179.38
1179.75
1381.38
1181.62
1203.5
1310.25
1307.62
1078.38
1144.5
1050.5
1119.5
1109.38
1001.25
1137.25
1250.25
1090.12
1256.38
1216.75
1220.25
1197.62
1223.88
1333.62
1209.75
1165.38
1205.5
1313
1280
1175.25
1178
1229.75
1258.12
1253.62
1142
1169.62
1133.12
1235.88
1198.5
1203.75
1373.38
1473.62
1165.62
1199.5
1258.12
1177.5
1190.12
1285.88
1122.38
1263
1114.25
1208.38
1167.88
1311.5
1342.12
1121
1460.25
1371.38
1110.75
1253.12
1254
1419.25
1178.88
1327.75
1502.12
1177.5
1260.88
1328
1312.88
1410.5
1211.38
1234.12
1144.5
1280.38
1360.5
1292.75
1443.25
1307.75
1123.88
1242.5
1438.38
1491.62
1518
1564.25
1341.88
1181.12
1191.62
1132.62
1147.88
1096.88
1042.12
1040.75
955.25
1069.88
1019.38
1088.12
976.88
1106.5
1025.38
1155.5
1035.38
1170
1151.62
934
1075.38
1087.75
1149.25
983.75
1048.5
900.88
1017.62
1111.62
1096.88
977.38
1010.75
956
1284.25
1012.5
1055.88
958.62
1069.12
1004.25
1097.12
1364.5
1247.25
1220.38
1093.38
1039.5
1201.5
1100.12
1103.25
1278.12
1103.75
1132.88
863.75
1042.12
1021.75
1083.62
1097.75
992.88
1027.38
994.75
937.62
929.88
1110
1001
1096.12
972.5
1177
910.38
1010.25
976.75
1038.38
1124.88
1005
1031.62
970.12
1102.88
1205
1174.75
1074.38
956.75
927
1069.12
1112.62
1165.62
1024.62
1173
1081.12
1148.88
1342.12
1069.88
1243.75
1018
1185.88
853.88
1230.5
1116.5
1159.12
1092.25
1083
1091.5
957.25
893.38
956.75
1071.25
918
1040.5
1034.25
1092.38
1062.62
966.62
1028.62
887
1054.25
1133.5
1034.12
940.12
1074
899.5
973.12
1001
1146
1053.88
1124.88
1034.25
1058.25
1087.12
1160
1187.12
1267
1071.25
1232.12
1212
1015
928.88
988.88
1166.5
1076.38
1142.88
1208.12
1160
1101.88
1164.88
1177.38
1147.25
1161.62
1161.38
1054.75
1159.88
1146.62
1216.25
1138.88
1054.12
1069.5
935.38
1073.5
956.12
930
878.12
1072.88
975.12
984.88
931.38
1086.62
994.25
1125.25
1117
1054.12
895.38
1004
933.5
964.25
874.12
1035.38
1095
1102.75
1051.38
999.25
955.5
1010.75
1060.75
1046
954
1074.25
968.75
1001
1020.38
914.62
951.5
1016
1038.38
848.75
1082.75
1008.88
1094.25
1185
1097.75
1142.75
975.38
966.12
906.88
747.62
830.62
949.5
918.75
1045
969.12
925.75
798.38
905.12
924.25
870.88
1001.38
941.62
997.88
1210.5
1191
1350.88
1215.88
1491.62
1451.38
1258.12
1218.38
1093
1232.62
1365
1310.88
1443.62
1307
1481.12
1341.75
1299.12
1375.5
1241.88
1138.5
1141.88
1468.38
1357.38
1223.38
1204.38
1331.38
1298
1327.62
1114
1101
1243.38
971.12
1069.5
1130.38
1012.38
965.62
1197.88
1208.25
1211.12
