1447.38
1450
1459.75
1387.38
1461.12
1497
1405.75
1487
1802.88
1688.12
1723.12
1622.75
1488.12
1543.62
1501.62
1482.88
1502.75
1396.62
1320.75
1665
1614.75
1458.75
1354.88
1246.12
1200.25
1316.62
1173.38
1172.62
1318.5
1339.88
1455.62
1212.12
1282.75
1152.38
1196.25
1417.88
1240
1264.88
1406.25
1335.12
1230.75
1207.62
1164.38
1225.75
1075.12
1161
1147.88
1221.88
1213.38
1265.12
1073.75
1236.75
1264.88
1364.25
1253.12
1220.62
1402.25
1541.5
1248
1274.38
1228.75
1251.38
1373.5
1202.5
1251.75
1208.88
1135.62
1371
1190
1114.38
1176.88
1134.88
1170.75
1088.88
1004
1285.75
1233.88
1212.12
1263.62
1129.25
1149.88
968.88
939.12
1038.25
995.75
912.38
969.75
1137
1027.5
1041.38
1107.88
1010
1138.62
1100.12
1123.75
987.88
1049.38
947.75
1105.88
903.25
967.38
1021.12
947.25
1115.38
1146
1172.25
1018.12
1256.5
1026.62
1005.75
955.62
926.38
876.88
1085
1011.38
963
1022.75
1028.12
897.5
981.25
1023.5
1094.38
1133.12
1154.5
1097.5
783.75
1148
1055.75
1080.5
1155.38
1094.62
1064
1053.75
1216.88
1101.88
1068.38
1086.25
1108.25
1041.75
1178.62
1151.12
1190.12
1243.75
1062.12
1280.88
1085.5
1057.12
1025.75
1173
1356.62
1250.62
1249.12
1245.12
1270.75
1134.12
1203
1168
1130.12
1175.75
1105.38
1179.25
1238.12
1310.12
1367.38
1556.75
1318.75
1503.88
1486.38
1466
1304.38
1301.25
1295
1257.88
1325
1355.75
1390.88
1159.88
1367.5
1268
1295.75
1467.5
1281.25
1186.88
1226.88
1144.25
999.75
1051
1057.12
970.12
985.62
1087.5
1147
1082.38
1110.62
1108.62
1087.75
982.62
1180
1024.38
1094
1003.88
1047
1075.38
1171.38
1276.75
1120.88
1127.75
1224.62
1178.12
1076.25
1083
803
992.75
1021.75
1070
1062.62
1151.62
1083.38
973
1059.38
1017.38
880
840.12
831.5
856.88
954
984.38
914.12
1058.62
1024.12
894.38
872
961
995.75
837
1018.75
1057.5
989.5
1130
855.5
953.38
966.38
890.25
1004.75
976.25
898.5
919.62
1073.75
884.88
830.25
939.62
934.75
937.38
1013.12
935.75
785.62
953
880.88
885.62
850.88
863.38
965.75
922.12
1068.12
1085
1178.88
1101.25
985
862.5
1118.88
919.88
972
926.12
917.88
933.88
1113
1046.38
1109.5
1077.12
1135.62
950.88
1026.25
973.5
931.38
1018.25
1060.5
903.75
1057
905
972.25
882
862.75
861.38
976.5
1059.25
948.75
945.38
669.25
827.5
912
853.88
914.25
1051.88
970
967.75
1013.5
976.25
848.62
919
805.25
919.5
962.25
1041.25
883.12
1084.5
1090.88
1098.62
1225.62
1178.88
1207.88
967
1181.12
996.88
892.5
999.5
906.12
902.38
832
917.88
878.88
1032.12
1136.38
921.62
918.62
883
897.5
836.62
962.12
768.62
878.12
908.5
929.75
794.5
976.75
1117.25
1059.25
1113
949.38
1083.88
1101.12
1058.25
935.5
1095
935.5
953
1198.12
973.88
954.12
925.12
889.25
1035.38
935
995.88
976.12
1011.12
1038.75
927.75
1008.75
1055.88
1144.38
1015.5
1076.38
1014.25
1020.25
1095.38
1055.5
1020.25
1014.25
1083
940.62
1068.5
1076.62
1094.88
1090.62
1107.12
1123.5
1291.38
1074.12
1038.5
1115.12
1045.62
1038.62
1062
1197.75
1189.62
1157.62
1128.75
1079.75
1108.75
1079.38
1149.25
1149.12
1071.12
1101
1072.25
1052.62
1003.5
1011.12
948.12
1129.88
905
1052.12
1107.75
897.88
969.12
948.25
1139.25
1190.62
1129.38
1019.38
1233.38
1164.88
1284.38
1187
959.62
1183.5
910.38
1230.88
1062.38
1149.12
1152.38
1131.62
1269.25
958.25
1399.25
1329.38
1324.62
1247
1295.88
1205.5
1167.75
1359
1172.88
1290.62
1161.38
1151.75
1117.5
1217.38
1281.12
1277.12
1292
1263.62
1178.5
1270.38
1221.62
1218.62
1173.5
1033.75
1344.38
1462
1303.25
1152.88
1111.62
1061.25
1137
1203.25
1133.38
1379.62
1256.62
1178.38
1173.75
1303.62
1318.75
1319
1241.12
1150
1258.75
1215.5
1308.62
1111.12
1152.12
1191.75
1283.38
1296.25
1250.38
1241.38
1380.12
1291.12
1119
1365.5
1328.5
1387.38
1327.5
1372.38
1323.75
1162.75
1168.25
1068.88
1096.25
1243.38
1216.75
1196.5
1170.75
1263.5
1247.75
1272.5
1061.62
1167.62
1163.62
1199.25
1287.5
1302.62
1274.25
1132.75
1187.75
1159.5
1082.12
1106.25
1281.62
1195.75
1442.62
1340.75
1272
1179.12
1241.25
1260.5
1347
1060.25
1362.5
1223.12
1017.38
1074.38
1250.12
1209.12
1262
1412.38
1212.12
1317
1196.38
1073.12
1210.62
1344.5
1272.12
1267.38
1310.88
1027.62
1130.38
1223.12
1048.62
1080
1163.38
951.5
1214.62
1060.88
1065.12
1044.25
1114.88
1014.12
975.62
969.5
979
1198.38
1295.25
1056.38
1275.38
1183.5
1193.75
1090.62
1052
1072
1117.88
1182.5
1116.5
1226.62
1136.75
1083.75
1036.5
1107.75
1182.25
1030.12
1136.12
1124.88
1167.62
1064.12
1032.25
970.38
1104.88
1162.75
1013
1042.62
952.5
981.38
916.38
1175
1112.75
1193.88
1038.75
1098.5
1054
1087.62
1254.38
1190.75
1157
968.25
1173.38
1104.75
1038.12
1102.62
1036.12
1049.62
954.38
1080.5
1160
1062.75
1018.88
999.88
1053.12
1081.75
1062.38
1043.12
1011.38
1068.12
1169.5
1280.12
1056.38
1207.5
1073.75
1321.75
1273.75
1146.62
1140.38
1254
1119.25
1089.25
1071.38
1095.38
1085
1118.62
992.88
1067.5
1055.5
1054.5
1089.88
1057.75
1044.62
949.62
1065.25
1101.75
1215.88
923.5
1026.12
1011
1021.25
1152.25
1009.5
954.88
1112.12
1043.75
1135
964.5
860.88
837.25
777.38
987.25
982.25
946.25
1020.75
910.75
1125.88
992.38
1014.88
1067.75
981.5
906.38
1105.12
961.75
1054.88
950.88
1097.5
1040.5
1091.88
933.25
1000.75
1034.62
1217.75
1177.62
1009.5
893.75
1021
1257.38
1155.5
968.75
1025.12
953.25
994.38
1089.5
1036.5
1008.62
884
1004.38
860.12
956.62
1015.88
1025.88
1218
1095.5
1039.25
1094
934.38
780.88
887.88
807.62
1040.62
896.75
1065.88
910.25
913.25
812.38
877.25
835.88
799
842.88
898.25
952.25
924.12
802.12
858.5
928.5
994.25
939.25
974.62
1177.88
950
931.88
1080
1117.25
1217.88
1287.25
1118.25
969.75
1023
1040.25
1141.62
1134.88
1237.62
1113.88
1008.62
1156.62
1316.62
1175.25
1198.62
997.5
1068.38
998.75
1011.38
1109.12
1011
1019.12
984
1131.5
938.75
893.25
1058.62
937
1023.88
1083.5
904.75
1119.25
1025.88
983.5
863
1023.12
1067.25
923.38
987
1140.12
919
990.12
969
994
1028.5
1139.12
1120.62
1135.12
1136.62
1109.38
1063.25
996.62
1063.25
1089.5
1315.5
1086.25
1078.25
1232.75
1362.5
1219.5
977
1003.88
1010.25
1049.25
1029.38
1210.38
1195.62
1137.38
1116
1297.5
1209.38
1089.12
1034.88
1211.5
1042.62
1208.75
1019.38
1091.5
1081.62
970.88
1156.88
903.62
1088.5
1211
1068.88
980.75
850.25
997.75
989.12
1026.75
1025.75
1113.62
992.88
995.38
879.5
980.25
908.88
761.25
812.25
1036.75
948
1080.38
1027.75
1144.38
1121.62
1022.25
1052.38
986.88
941.62
903.62
879.38
1122.12
1127.75
1080.62
1019.75
1018.25
1060.25
954.88
849.25
932.25
863.25
1123.88
1072.25
922.75
823.25
1054.38
1038.5
1087.38
996
987.62
902.38
1008.12
1104.38
1122.88
1197.38
1211.88
1111.25
1164
1085.62
1149
1157.88
1058.5
1270.38
1350.62
1338.12
1187.25
999.25
1108.5
1063.62
1183
1175.12
1086.12
1246.62
1079.5
1213
1112.12
1210.75
1291.88
1360.75
1116
1311
1084.75
1016.25
1178.88
1070.38
1217.5
986
1152.38
1253.25
1294.75
1408.25
1383.38
1074.75
1116.38
1131.12
1140.75
1175
1105.62
1166
1267.88
1178.62
1118.75
1071.5
1161.88
1081.88
1210.62
1245.25
922.25
1146.38
1236
1131.75
1233.88
1104.62
1155.38
1301.88
1016.5
1142.62
1115
1188.38
1166.25
1110.62
1209.12
1338.88
1032.12
1293.62
1077.12
1321.5
1379.88
1384.25
1295.12
1323.62
1447
1282.88
1155
1227.88
1209.38
1318.25
1178
1174.75
1273.5
1317.62
1293.25
1213.38
1174.12
1118.25
1172.38
1257.38
1269.88
1371.62
1178.5
1196.5
1211
1241.88
1221.25
1356.12
1313.5
1166.5
1254.62
1285.62
1133.25
1233.75
1109.25
1176
1291.75
1320.25
1354.88
1283.88
1343.88
1074.62
1203.38
1456.88
1300.38
1391.62
1079.88
1226.38
1241.62
1264.62
1016.62
1381.88
1319.12
1166.5
1147.38
1196.75
1103.62
1069.25
1136.5
1185.75
1347.62
1052.75
1105.38
1254.5
1158
1443.75
1123.88
1149.62
1179
1133.75
1309.38
1090
1197
1126.88
1177.88
1064.25
1032
1063.75
978.25
1019.38
1220.38
1153.75
1137.25
1162.38
1296.62
1158.88
1324
1270.5
1342.12
1282.88
1336.88
1352
1304.5
1293.88
1210.25
1200.75
1299.25
1206.25
1255.88
1123.25
1170.12
1179
1242.75
1245.12
1318.75
1242.25
1333.62
1175.88
1141.5
1091.5
1345
1134.75
1121.25
1111.38
1055.62
946
1000.88
1173.12
1160.25
1241.38
1088.38
1189.88
1226
1349.62
1284.88
1226.12
1282.5
1143.75
1329.12
1198.38
1241.12
1281.12
1175.38
1135
1239
1084.38
1248.62
1289.62
1136.5
1028.88
1271.5
1288.5
1380.5
1320.38
1171.12
1129
1227.62
1012
1040.75
959.88
1125
942.12
1135.38
1262.25
1238.75
1269.25
1032.62
1322.12
1254.25
1180
1153.12
947.38
1146.38
992.5
1004
1062.25
1110
1213.88
1204.88
1134.62
1035
1023.88
1167.75
1121.75
1308.12
1173.38
1185.75
1016.88
1151.62
1061.75
1103.75
1088.88
1080.75
1182.12
1266.25
1205.25
1128.75
1216
1121.62
1075
967.25
1070.88
1116.62
924.38
1122.88
1418.62
1161.88
1270.88
1285.62
1238.62
1361.88
1331
1289.12
1177.62
1051.88
1250.62
1195.38
1218.88
1147.62
1412.12
1206.38
1261.5
1084.62
1053.5
1135.75
1045.25
1211.62
998.88
1199
1357.25
1203.38
1084.75
1017.5
1044.75
1128.75
1252.62
1238.75
1324.5
1098.62
1004.75
1227.5
1017.75
1111.62
1024.25
1093.5
1195.62
1222.12
1020.25
1108.38
1007
1293.75
1090
1040.12
1134.62
1457.5
1221.75
1395.25
1272.75
1345.88
1219.88
1202.88
1221.38
1327
1294.38
1309.25
1434
1222.5
1393
1549.75
1366.88
1480.25
1606.88
1392.62
1630.12
1461.38
1471.62
1446.12
1649.75
1280.5
1408.5
1379.38
1328.88
1101.12
1055.38
1168.75
1214.88
1104.12
1246.12
1375.38
1128.62
1195.38
1261.62
1406.75
1445.62
1190.25
1248
1234
1320.75
1388.12
1431
1316.75
1230.38
1288.12
1416.5
1307.25
1356.62
1294.88
1572.62
1366.38
1220.88
1256
1262.25
1299.75
1288.62
1354.12
1189.5
1302.88
1133.62
1222.88
1231.88
1326.25
1252.88
1195.62
1086.12
1221.38
1312.25
1282.38
1366.88
1289.75
1365.62
1244.12
1000
1109
1051.75
1139
1162.62
1222.5
1187.62
1071.38
1106.12
1295.12
1144
1271.12
1221.62
983.75
1259.88
1250.75
1090.62
957.62
1131
1256.75
1082.38
1098.75
1071.12
1046.12
851
1133
1046
1068.5
1166.38
886.12
986.38
987.75
1065.38
1088.12
1236.38
1097.62
1145.38
1323.88
1213.75
1322
1265.12
1047.5
879.38
897.38
744.62
1070.12
1125
1006.38
1038.62
1127.5
987.62
1134.62
1194.5
921.5
1138
1094.12
984.25
817.12
969.88
936.88
1029.62
981
1055.75
908.12
800.5
750.62
879.5
1037.38
1068.38
883.12
774.5
981.12
848.12
800.62
871.75
923
1072.38
980.12
923.62
1099.38
1090.25
990.5
1104.25
993.5
1004.25
1001.12
1017.5
1168.5
898.38
864.12
954.88
1113.5
1046.75
1113.88
1194.62
1379.88
1171.12
1054.62
870.38
1079.88
1054.62
1130.25
916.12
931.38
976.62
1068.88
932.75
1114
1154
938
1014
1017.12
1125.62
1147.88
1026.5
1134.5
1048.12
1099.12
1160.12
944.25
1013.25
1256.12
1102.88
1035.25
1117.12
1122.75
1077.75
1110.38
1142.88
1134.62
1197
941.38
1093.5
1171
1134.75
901.88
1096.88
843.12
845.88
821.5
931
845.38
921.5
927
955
1006.25
1079.5
1136.88
1328.5
1029.25
1133.5
1040.88
1299.38
1265.38
1392
1307
1165.38
1306.62
1221.5
1299.62
1382.75
1303
1554
1505
1232.12
1229.88
1145.88
1197.38
1127.88
1068.62
1018.62
955.62
1006.5
1228
1192
1129.75
1184.62
976.12
1153.88
1203.25
978.75
927.12
919.75
951.5
785.12
923.25
841.88
1144.25
1272.75
1227.75
1075.5
1172.5
874.88
1123
989.62
1144.88
1010.5
1125.38
1070
920.88
1100.38
1048
1068
1122.88
790.88
950.88
951.25
1024.5
910.75
951.75
954.25
860.62
999.5
982.62
869.62
887
926.88
917.88
796.38
831
705.12
751.12
926.12
912.5
833.25
826.62
887.75
577.88
786.62
645.75
817.88
806.88
794.5
956.38
923.62
854.38
812.62
774.88
807
824.62
938
817.38
1000.62
912.88
1107.38
1001.5
942.88
1035.88
1107
1018
972.25
1086.5
990.38
1092.25
1088.12
827.5
1171.88
1193.75
1180.25
1077.12
1024.12
956.75
1014
1223.25
1135.38
1382
1109.25
1017.25
906.62
1108
1102.88
1053.62
1244.88
1333.62
1185.75
1058.75
1078.38
1243.12
1327.88
1395.12
1270.12
1140
976.38
922.62
952.75
986.12
1023.88
1066.12
964.62
975
1048.75
845.12
1068.12
1213.88
1157.25
847.75
913.25
832.62
884.25
805.38
844.75
922.12
967.62
913.62
948.88
953.38
1047.38
1156.88
1211.75
1117.62
986.62
875.75
980.75
780.38
847.12
765.75
818.5
855
832.12
847.25
793.25
807.88
829.12
871.62
747.62
834
950.88
828.5
831.25
868.12
927.25
780
959.12
761.62
753.5
772.75
920.25
639.25
798.62
764.5
852.12
839
694.12
880.88
767.38
804
651.12
865.12
892.75
834.25
721.88
688.75
808.5
852.75
957.38
889.25
807
723.88
753
946.12
817.12
807.75
640.25
833.38
816.38
742.62
905.38
895.5
895.75
852
827
939.62
758.88
974.62
760.88
831.25
856.88
1002.88
967.88
1000.5
828.12
812.5
758.88
837.75
913.88
756.38
887.62
809.75
847.5
828.88
876.5
768.5
656.88
752.75
809.62
928.12
701.12
746.12
937.75
862.25
851.38
768.12
849.12
795
903.12
804.38
862.5
603
856.25
756.88
815.88
667.88
849.75
847.75
1003.75
1012.25
1025.62
745
1009.38
944.38
727.62
776.38
730.75
792.38
889.12
769.25
828.88
747.12
803.75
1012.62
712.62
798
793.75
864.75
831.75
737.38
725
651
797.12
831.38
725.75
788.25
591.88
770.5
755
902.75
821.5
1009.12
812.75
696.12
809.25
839.38
927.88
679
796.88
634.5
785.88
781
836.12
1015.75
729.12
785.75
892.75
801.12
815.5
904.62
823.12
728.12
830.38
615.75
695.62
803
735.38
588.38
877.62
671.88
860.12
721.12
890.25
676
744.12
930.38
934.38
895
813.25
1028.5
992.38
846.5
886.88
887
686.12
677.38
1005.38
903.88
1010.62
883.25
675
847.5
753.5
888.5
824.38
876.38
744.25
736.62
741.25
759.75
681
724.12
836
685.38
662.12
681
865.75
734.25
918.75
891.12
721.38
780.62
830.62
894.38
881
753.62
746.75
940
813.75
742.38
973.25
825.5
924.62
779.5
815.38
915.25
1043.88
1030.12
1019.38
949.25
1167.88
949.12
826.75
1054.75
928
880.12
998.62
836.12
820.5
957.62
986.5
722.38
851.62
904.25
863.5
999.25
903.5
894
747.88
734.88
717.62
727.75
678.5
700.25
804.75
723.75
698.75
831.75
954.12
1003.5
722
864.62
1086
963.25
823.38
685.25
957.5
1030.38
706
802.75
944.62
979.75
765.75
868.88
816.5
970.5
994
885.38
905.75
871.25
815.38
923.75
876.62
931.62
842.25
979.38
787.38
737.88
792.38
808.5
727.38
712.62
632.25
635.12
742.25
694.25
720.38
921.38
610
571.88
715.88
778.62
819
655.62
706.88
846.5
854.5
834.62
862.12
908.25
667.5
879.5
849.62
764.5
591.5
785.25
853.25
736.62
790.88
820.5
828
921
896
651.12
714.12
698.12
716
814.25
633.62
730.5
637.75
695.75
782.88
745
622.38
645.62
681.25
794.88
832.88
700.62
928
801.5
768.62
682.12
713.88
628.12
734.88
749.5
588.88
680.38
803.88
617.5
603.12
765.5
726.25
728.62
585.5
690.5
914.75
931.62
941
828
760.88
738.88
700.5
789
702.25
728.38
711.5
814.5
628.12
748.38
701
683.25
902.12
882.75
823.38
919.5
814.62
859.88
924.75
902
894.88
906
1059.12
978
946.88
1061
795.62
769.12
748.75
883.12
770.75
903
875.38
958.62
901
1028.88
942.5
919.12
879.75
996.75
913
783.75
955.88
888.38
857
807.5
727.25
867.25
862.88
875.62
829.25
905.12
875.12
885.5
948.12
791.5
993.38
890.5
834.75
692.25
877.88
834
937.38
929.25
904.12
906.88
798.62
871.5
895.5
811
947.75
1060.5
892.5
860.5
935.62
839.25
872.75
972
957.62
901.88
966.5
846.88
887.25
925.12
955.62
857.62
814.12
980.5
851.75
903.12
1138.12
1037.25
908.5
893.62
817.12
806.38
795.25
842.62
801.62
745.25
759.62
810.5
927.62
704.75
868.75
856.88
1003.88
941.25
832.88
901.12
727.25
839.88
832.88
998.75
1007.88
843
879.12
683.62
999.62
947.38
903.88
724
813.88
733.25
970.38
740.88
858.38
721.75
706.38
789.38
854.75
909.12
820.5
737.88
832.75
854.62
896.38
848.25
761.12
693.75
812.38
715.25
893.25
812
790.62
645.5
919.12
850.62
838.25
900
782.75
913.25
990.25
895.62
912.75
905.62
738.5
732.38
908.25
739.25
820.38
690.5
867.38
890
850.38
812.5
754.25
833.5
764.75
818.12
839.5
781.5
896.5
1001.75
955
804
946.38
848.12
741.75
742.75
835.62
691.75
801.75
1015.38
890.88
837.25
773.12
766.5
714.12
725.38
725
759
788.88
839.5
951
784.38
844.38
929.25
900.5
756.12
747.25
808.88
885.5
894.38
844.88
707.88
845.12
961
927.5
948.62
924.75
924
933.75
853.75
943.5
1009.38
795
733
699
953.12
924.62
926.62
927.38
692
849.75
787
879.75
779.12
748.25
837.75
718.88
842.25
847.75
828.5
920.38
814
999.88
892.5
1083.12
981.38
852.12
609.62
734.88
819
686.12
912.12
705.25
766.38
854.5
861.38
788.12
808.38
1132.62
947.75
1083.38
789.38
894.62
886.62
830.38
814.25
787.75
910.75
1019.25
1101.25
921.88
917.38
922.38
1039.75
816
966.38
1118.75
1255.25
1015.5
1202.75
1224.25
1037.75
1050.62
1140.12
1189.5
1153.75
1226.88
1097.88
1045.38
984.12
955.5
897.12
897.38
984.12
900.75
886.38
940.25
917.12
995.88
1058.25
1093.5
908.88
1145.88
997.62
986.75
991.88
1065.5
1012.75
918.38
961.12
930.5
1110
1041.62
1206.12
1017.75
888.75
872.5
1170.25
1158
862.5
1038.25
1017.5
1068.5
993.38
965.12
975.75
1058.25
926.25
783.88
1017.12
916.5
893
992.38
1080.62
1150.75
994.88
1054.5
1121.88
953.25
1143.38
1228.62
1506.5
1365.5
1521.88
1518.12
1427.38
1283.12
1593.5
1507.25
1393.75
1387.5
1325.62
1245.25
1267
1283.75
1527.75
1528.12
1497.12
1334.75
1321
1411.5
1173.75
1305
1339.62
1122.62
1455.25
1621
1324.12
1266.62
1374.12
1381
1294.38
1378.62
1482.25
1525
1361.25
1464.88
1536.38
1448.12
1443.5
1406.12
1444.62
1386.25
1402.12
1550.62
1493.38
1582.38
1510.88
1335.75
1346
1232.5
1530.12
1489.88
1328.75
1278
1247.25
1250.75
1271.5
1122.62
1368.88
1489.12
1573.75
1619.12
1447.62
1492.38
1325.25
1417.12
1489.5
1527.88
1737
1668.38
1556.5
1624.75
1565.62
1691.88
1602
1782.25
1418.5
1501.38
1453.75
1365.88
1529
1544.38
1424.12
1614.88
1303.88
1568.62
1460.5
1451.25
1623.75
1605.12
1642.38
1588.25
1565.5
1650.25
1485.75
1467.25
1457.88
1405.88
1544.12
1579.38
1462
1562.12
1574.75
1544.75
1628.62
1470.38
1576.12
1472.88
1583
1394.62
1345
1416.25
1356.62
1432.5
1544.12
1623.25
1585.25
1419.75
1216.25
1273.88
1237.5
1203.38
1223
1273.88
1366.62
1432.88
1371.62
1467.88
1216.5
1241.62
1502.88
1429.62
1176.12
1564.62
1426.88
1507.88
1301
1462.12
1484
1425.62
1445.38
1270.88
1287.75
1561.38
1438.38
1343.88
1360.5
1438.88
1321.5
1274.88
1444.38
1485.12
1455.25
1436.88
1456.38
1401.38
1571
1373.88
1372.25
1687.25
1461.62
1160.12
1355.75
1265.75
1495.75
1492.75
1206
1384.12
1462.88
1569
1463.25
1384.88
1489.38
1408.75
1433
1322.75
1446.12
1445.5
1361.62
1396.38
1368.62
1519.88
1640.25
1591
1400.75
1410.25
1486
1547.75
1386.75
1251.88
1142.62
1360.88
1464.25
1338
1179.88
1177.62
1182.62
1174.75
1056
979.88
1160.88
1017.12
991
978.38
1094.62
1082.5
1049.38
994.62
982.5
970.5
1170.62
1076
1169
1266.62
1227.12
1217.38
1221.38
1152.38
1072.62
1072
942.38
1185.75
1018.75
1060.38
1152.38
913.25
967.25
1075.75
1319.12
913.25
994.12
1098.25
1270.25
1143.12
1035.75
1247
927.38
1058.88
1106.12
1154
996.25
934.62
1012.38
950.38
1078.38
911.62
948.62
1108.38
1079.75
1073.12
1058.75
1088.75
942.25
923.38
938.5
895.25
1053.88
1061.62
844.62
877.12
935.25
936.62
853.5
961.38
974.5
937.75
799.75
990.12
1118
1019
1024.38
928
851.5
883
1009.62
1062.12
995.12
1060.12
932.88
925.75
864
942.25
810.5
943.75
1058.62
1068.75
1005.12
1062
1143.88
1089.5
1238.38
1277.25
1138.5
1066.5
1129.12
1058.75
1236.88
1186.25
1077.12
1101.88
1128
1093.12
1197.62
1145
1328.5
1202.25
1268.12
1326.5
1364.38
1246.5
1169
1352
1332.5
1266.25
1186.88
1067.75
1361.62
1158.5
1360.62
1303.12
1542
1397.5
1188.5
1057
1178.25
1350.25
1111.75
1296.12
1418.88
1263.38
1272.25
1556.62
1438.5
1607.75
1231.5
1274.12
1352.88
1369.38
1454.75
1372
1165
1110.25
1259.12
1368
1214.88
1198.12
1396.88
1353.12
1227.62
1088.12
1136.25
1029.25
1067.5
1444.38
1026.62
1077.38
1339
1449.62
1345.88
1312.88
1379.38
1368.12
1286
1448.88
1476.12
1263
1261.75
1275.12
1305.88
1003.62
1216
1220.12
1291.25
1276.75
1326.88
1185.25
1188
1334.25
1126
1300
1073.75
1163.12
1297.62
1226.62
1444.62
1438.38
1257.75
1411.5
1447.25
1323.38
1356.88
1277.62
1420.5
1194.75
1267.75
1433.75
1267.5
1173.25
1245.38
1175.62
1180.38
1178.75
1314.25
1246.5
1169.38
1171.62
1303.38
1230.62
1303.75
1325.88
1293.75
1358.12
1304
1379.88
1105.12
1276.5
1179.25
1194.88
1332
1216.88
1163.75
1199
1360.12
1202
1330.38
1399.62
1349.88
1255.25
1167
1172.25
1182
1286.75
1356.75
1376.75
1138.25
1246
1318.12
1117.12
1315.5
1121
1156.12
1259.5
1230.88
1167
1119.38
1108
1144
1098.12
1187.62
1002.25
1014.25
1012.5
1136.25
1100.75
1112
1098.12
1144.5
1221.88
1166.62
938
858.75
1003.88
924
928.5
1134
1036
994.38
1013.88
1197.88
1066.12
1007
1077.88
1060.5
1173.75
1158.88
1049.12
1090.75
1132.62
1222
1155.12
1123.25
1160.25
1240.25
1269.12
1138.5
1098.25
1280.75
1201.25
1275
1314.5
1269.25
1127.75
1334.5
1214.12
1196
1186.25
1036.5
1039.12
1034
1257.38
1425.12
1141.5
1331.75
1165.38
958.25
1052
1089.5
1094.62
1088.62
1267.12
1399.88
1129.25
1178.88
1268.25
1333.88
1279.12
1310.75
1253.75
1168.12
1239.75
968.88
1267.12
1215.5
1125.88
1234.5
1139.75
1129.75
1278.12
1171.38
1289.25
1276.38
1399.88
1060.62
1209.75
1093.12
1169.12
1212
1154.5
1053.38
1313.25
1223
1157.12
1176.12
1172.12
1270.75
1350.5
1144.12
1226.62
1161.12
1220.5
1130.5
1116.12
1288.88
1165.5
1173.75
1245.5
1174.12
1380.25
1154.38
1374
1273.62
1308.5
1192
1155
1265.12
1109.5
1152.25
1174.62
1033.62
1081.12
1310
1316
1434
1377.5
1407.12
1296.62
1326.62
1433.38
1389.75
1360.5
1387.88
1271.75
1146.12
1495.62
1303.38
1729.62
1417.38
1566.12
1474
1650.88
1336.62
1437.88
1584.25
1506.12
1555.5
1610.88
1544.12
1648.12
1471.5
1631
1528.88
1657.88
1571.12
1852.25
1652.75
1691.25
1648.75
1604
1510.25
1598.62
1325.38
1414.12
1537.5
1620.88
1736.62
1509.75
1493.62
1644.62
1687.62
1895.12
1485.62
1441.5
1587
1224.12
1552.5
1388.5
1317.38
1449.38
1377.5
1185.12
1375.38
1298.25
1316.62
1328.75
1136.12
1254.25
1140.25
1160
1072.62
1133.25
1238.75
1359.5
1455.62
1233.25
1127.5
1176.12
1183
1368.62
1254.38
1406.38
1378.5
1358.88
1501.88
1361.5
1299.88
1456.25
1334.12
1296.88
1344.25
1290
1352.75
1469.62
1444.5
1304.75
1189.88
1176.88
1229
1201.25
1311.25
1187.12
1292.75
1393.12
1166.25
1166
1248.12
1446.25
1574.62
1276.12
1364.25
1569
1463.12
1540.62
1571.12
1472.25
1602.38
1519.25
1388.62
1423
1447
1442.12
1476
1071.12
1284.62
1442.75
1320.5
1473.75
1471.62
1452.75
1409.88
1422.5
1366.62
1394
1343.5
1597.12
1362.5
1449.62
1368.25
1304.38
1415.5
1593.12
1684.25
1513.12
1478.62
1474.12
1489.75
1500.75
1481.75
1561.62
1409.5
1361.38
1401.75
1491.25
1272.62
1274.38
1130.25
1338.5
1283
1175.12
1051.5
1153.12
1030.62
1075.62
1031.88
1120.62
