1032.12
1043.75
1013.38
874.38
997
1078.88
972.38
1096.75
1065.12
1108.88
1001.38
917.88
950.38
861
962.88
937.75
821.38
881.75
971.38
870.5
752.88
721.5
976.88
913.75
843.62
951.5
926.38
765
800.88
877.62
732.25
760.12
797.25
772.5
887.25
771.88
722.38
962.5
865.5
838.75
937.25
974.75
974.38
819.12
712
638.62
624.12
801.62
778.25
908.75
840.38
889.88
1040.75
924.62
875.12
930.38
885
1179.5
1010.62
1002.38
860.12
900.5
1140.88
871.75
898.38
979.62
1058.12
1090.88
1113.38
1158.88
938.12
966.25
1186
1031.25
1024.25
1068.38
953.75
1121.5
1169
1157.88
1206.62
1021
1082.62
1162.38
1144.5
1201
977.25
847.62
936.75
1127.88
1024.38
871.25
905.12
902.25
820.62
1034.38
879.25
1104.5
1084.12
1044.62
1120.12
1043.12
1038.25
1053
1233.62
1064
1001
1163.62
1048.38
1119
1010.88
1179.75
1250.62
1050.25
1220.75
1191.88
1112.88
998
1104.25
964.75
1085.38
1104.12
1311.5
1000.25
1027.12
803.75
884.75
877.88
788.62
856.12
1015.5
944.38
894.5
975.5
989
912.5
1192.75
1196.38
1219.75
1112.12
1061.25
905
1091.25
1101.12
1062.75
1168
1154.38
1126.75
1091.25
1025.25
1020.38
1017
1071
978.12
1103.88
1242.62
1292.88
1222.25
1090.75
969.88
1086.75
1095.38
1005.88
1125.25
1057.12
1105
1068.62
1022.88
1109.12
1231.5
1110
1009
1043.88
1026.25
1293.38
1200.12
1240.88
1283.5
1352.25
1093.88
1106.38
1175.88
1262.25
1036.5
1038
1231.75
1049.12
1247.75
1109.5
1090
1084
996.5
1240.75
1153.25
1378.88
1195.38
1148
1193.25
1048.88
1081.5
1031.75
1052.25
1044.5
1082.88
1227.25
1121
1007.75
908.88
1083.88
981.12
893.5
948.88
1016.88
1189.38
1035.75
1219.62
1152.25
1259.38
1250.38
1267
1287
1281.62
1411.5
1370.62
1198
1307.75
1233
1341.12
1194.75
1292.12
1157.62
1139.62
1267.25
1343.5
1310.5
1418.12
1244.12
1324.5
1156.88
1162.38
1212.38
1362.25
1215.12
1258
1430.88
1200.62
1302.62
1318.12
1350.88
1275.62
1263.25
1098.75
1220.38
1059.62
1110.88
1010.25
1017.88
1174.5
1131.12
1266.38
1060.62
1006.5
1101.75
1100.12
1125.25
995.75
1029.62
1111.12
1186.25
1119.12
1121
1184.12
1154.75
1286.38
1117.75
1210.88
1170.25
1190
1316.25
1473.75
1460.62
1318.38
1258.75
1272
1366.25
1205.12
1280.75
1238.38
1388.75
1320
1135.75
1228.88
1298.5
1289.5
1199.38
1194.25
1362.62
1408.75
1249.12
1255
1358.62
1311.25
1262
1373.75
1301.12
1273.62
1200.62
1262.12
1243.12
1266.38
1256.12
1137.88
1103.38
1131.75
1220.25
1234.75
1196
972.62
1073.75
1193.38
1129.88
935.25
990.5
1103.38
998
1129.38
1079.12
1158
951.88
1113.5
1060.5
1015
1178.38
1228.12
1127.25
1119.75
951.38
1091.62
1118.12
960.25
1187
1211.5
1168.62
1161.38
1061.88
1022.38
1142
1179.25
1071.5
1079.12
951
1199.25
1227
1180.5
1162.25
1046.38
1140.75
1111.75
1202.88
1132.88
1304.5
1225.12
1172.88
1361.25
1128.12
1112.75
1159
1228.38
1112.12
1031.25
1150.88
1002.62
984.5
1052.5
997.12
929.5
1110.25
1175.38
1099.38
1047
1005.25
1058.5
905.5
914.88
1109.38
989.75
1098.12
1125.62
1050.25
944.38
958.25
941.62
1099.5
1049.62
962.25
1011.5
1097.5
955.75
976.5
1061.38
897.75
1151.62
1112.5
1188.12
1339.75
1093.5
1102
1060.25
1141.12
1058.5
1091
1235.38
1179.62
1169.75
1118
1052.38
1126.5
982.5
946.88
1109.5
1006.75
1080.75
1156
1371.88
1431.25
1247.12
1491.62
1127.38
1238.75
1229.88
1367
1240
1086.75
1130.75
1066
935.25
1016.12
1007
1123.5
1078.25
1084.25
981.88
1045.5
910.25
1056
1058
835.62
1036.88
849.62
824.38
947.75
891.38
1073.25
999.12
1017.5
1033.62
1122.25
1124.62
798.88
1203.12
997
1085.25
1031.75
1118
1079
1134.12
1247
979.12
1144.25
1101
1066.88
1071.12
1193
1093.38
1218.62
1211
1138.88
1095
1125.12
1148.25
1111.38
1037.62
1085
996.62
1289.38
1196.62
1140.25
1064.75
1203.12
1096.25
1046
1063.75
1232.75
1210.62
1089.88
925.25
1097.75
1229.88
1209.12
1130.12
1117.38
1112.88
1193.5
1217.62
1150.25
1172.38
1066.25
1166.12
1021.88
1191.38
1125.38
1195.75
1141.88
1038.12
1168.88
956
908.12
1053.25
942.12
1025.12
987.12
1256.88
1107.5
1113.88
1219
1250
1137.38
1102.5
1155
1013.12
1177.25
1185.75
1148.25
1173.12
1212.12
1171.38
1131.12
1130.88
969.5
1132.75
1142.12
1206.5
1106.25
1082.38
1252.62
1174.62
1086.75
1266
1051.62
1193.62
1146.5
1158
1099.12
1093.25
1260.62
1282.5
1228.25
1169.25
1234.88
1255.12
1410.12
1156.25
1146.38
1186.5
918.25
1011.75
1187.88
1007.25
1208.25
1251.62
1222.5
1057.5
1131.25
1105.12
1115.88
1355.62
1164.12
1227.75
1217.25
1090.75
1206.5
1199.25
1069.88
1120.88
1190.25
1217.25
1282.12
1217.75
1075.88
963.25
1092.38
1150.62
1141.62
1189
1185.62
1077.12
1082.12
1233
1246.62
1200.5
1048.12
1154.5
1096.38
1075.75
1219.88
1237.88
1072.12
1113.62
1007.88
1135.75
1061.62
1076.88
986.62
1218.25
1238.88
1243.75
1068.75
1062.75
1069.88
1156.38
1259.12
1144.25
1245.25
1120.12
1020.12
1096.38
1122.25
1031.75
1226.38
1165.12
1141.25
1101.75
1218.88
1131.5
1160.62
1015.5
1076.62
1155.38
962.38
1089
1108.38
1072.25
1163.5
1099.88
1260.62
1315.75
1317.75
1154
1167
1305.88
1089.5
962.5
1165.38
1305.88
1070.25
1147
1174.5
1017.88
1282
1183.38
1168
1208.25
1198.12
1090
1148.38
1275.12
1370.38
1330.62
1328.38
1319.88
1304.75
1326.25
1193.75
1134.38
1309.25
1240.75
995.88
1256.88
1217.5
1365.62
1260.88
1156.38
1218.12
1119.62
1082.75
1066.62
976.5
1149.25
1029
1233.5
1130
939
1060.5
1024.88
974.12
1061.12
1091.88
918.25
956.75
879.25
1009.75
1005.75
847.5
1124.62
1233
1153.12
903.5
1144.62
1207.88
1052.62
1123.12
1189.25
973.88
1157.25
1021.25
1026.25
1018.75
1169.38
1294.5
975.88
1064.25
1159.25
1092.38
1141
1097.75
1078
1143.88
1012
1287.25
889.75
1097.75
1087.5
1178.5
1018
872
926.25
919.75
1027.25
1073.25
999.25
1146.25
1183.75
945.88
1164.88
1356.12
1143.38
905.62
1046.62
1181.88
1284.12
1365.5
1147.38
1228.25
1212
1252.38
1445.25
1350.38
1333.38
1217.5
1264.5
1362.75
1065.5
1287.12
1106.12
1103.88
941
1055.5
1017.5
1046.88
754.75
899.75
984.75
867.62
945.38
1029
1024.75
851.62
839.12
968.38
964.88
901
954.38
1037.62
1069.88
859.12
863.12
1012.38
1102.12
1099.25
1035.38
995.38
1235.75
910
1156
1102.25
1074.12
1137
1108.88
937.25
861.25
816.75
908.38
897.38
964
803.5
1024
969.62
899.88
1214.88
1067.25
1038.62
1083.12
1075.12
1025.88
992.75
983.88
1110
1086
1042.25
910.25
932.25
1108.25
967.88
822.12
933.75
996.12
1182.75
1190.12
1286.12
1029.88
1082.62
1093.5
997.25
1070.88
1093.12
1125.25
1135.88
1012.38
994.62
909.25
948.5
1112
963.75
1000.75
879.12
937.5
901
1015.75
973
943.25
1078.88
1188.5
887.62
993.38
1097.62
1000.12
1044.38
980.5
934.62
979.75
954.75
1000.88
1191.12
1048.25
1155.5
1151.25
1042.62
1015
905
904
964.62
1100
932.62
753.25
867
868.88
617.12
742.38
778.5
796.62
776.25
778
660.12
609.12
633.5
718.38
648.38
577.5
615.38
590.12
641.12
558.5
538.62
708.5
601.75
495.62
554.12
566.75
642.88
538.62
613.75
593
656.12
871.75
708.88
589.62
615.25
649.75
514
729.62
653.12
605
913.5
687.75
765.25
632.25
531.62
618.25
629.62
555
573.75
690.25
624.12
645
651.5
686.62
616
593.75
287.12
477.12
535.25
593.5
623.38
473.62
528.75
602.12
599.5
504.75
593.38
447
577.75
528.62
630.88
713.88
597.12
716.88
648.38
546.62
543.75
557
740.62
733
596.5
556.75
590.12
572.88
502
594.88
734.12
741.88
493.75
684.12
437.12
551.88
599.5
460
643.38
587.25
554.75
491.88
548.75
690.5
594.75
504.5
513.38
462.62
599.38
594.5
573.62
471.62
403.88
484.12
438.75
493.88
536
554
522.38
526.12
559.75
559.12
495.75
537.25
497.75
548.5
359.62
432.62
384.62
448.12
387.75
316.62
428.88
560
452
493.12
415.75
512.12
358.88
503.38
388.62
441.62
516
437.5
407.5
514.88
418.12
423.62
468.12
529.38
562.12
526.5
479.88
429.75
633.62
424
520.62
537.12
481.25
436.75
577.75
491.38
566.12
544.62
441.88
426.88
483.25
469.88
538.62
460.5
543.5
505.38
550.38
602.5
577
606.88
433
509.25
568.5
535.12
548
521.75
460.5
465.12
452.25
593.12
567.5
635.88
555.75
506.62
601
631.75
561
537.25
558.75
700.38
560
525.75
689.62
561.38
671
620.12
603.12
483.88
464.5
527
515.38
605.12
636.25
615.38
508.12
503.75
469.25
544.25
537
449.75
416.75
584.25
504.75
581
612.75
494.12
464.38
534.88
490.5
592.25
484.5
581.25
509.62
487.5
679.38
470.5
388.25
480.25
470.62
442.62
495.75
539.12
647
561.12
527.88
462
593.75
528
649.5
614.12
622.12
658.25
530.38
669.88
576.88
571.38
628.5
550.62
513.25
540.88
576.88
434.12
469.75
410.12
445.88
434.5
529
447.88
566.88
583.75
472
423.88
529.38
538.38
659.5
544.75
438.88
668.88
573.88
579.88
587.88
750.25
450.38
516.5
616
602.88
492.62
584.38
550.88
614.62
522.5
412.25
483
515.62
692
530.5
643.38
541.62
531.62
712
494.75
495.75
453.75
662.88
498.25
532.12
412.25
458.12
514.62
495.5
454.75
377.38
436.62
432.5
436.38
399.75
514
459.62
470.62
369.75
369.88
375.12
407.88
444
536.75
654.75
501.38
435.12
554.62
404.75
355.38
388
403.5
373
390.62
390.62
465.62
422.38
574.38
318.62
377.88
320.25
323.12
420.62
365
460.25
548.12
500.38
463.25
457.38
343.75
428.12
354.5
286.62
374.62
361.75
393.38
321.62
384.62
521.25
417.62
373.75
374.12
391.5
495.5
443
429.75
551.75
418.5
499.88
565.75
429.62
446.12
479.75
456.62
469.25
461.88
509.38
426.75
501.38
434.38
388
483.62
407.75
335
310
501.25
454.25
555.38
410
506.75
396.62
465.62
446.88
401.62
457
457.38
354.5
467.75
385.5
427.38
283.62
400.88
489.5
377.88
473.25
408.5
290.25
370
322.62
436.88
545.25
475.88
382.25
363.25
432.5
412.25
411.5
396.88
347.62
336.38
331
398.5
357.75
427.12
376.75
430.62
333.25
314.5
417.75
409.5
374
334.75
427.12
465.25
444.38
420.25
374.5
373.25
323
325.62
304.62
398.88
296.12
372
450.5
386.25
329.88
351.38
375.5
498.5
465.5
488.5
398
426.62
430.25
452.62
411.25
349.38
387.75
365.62
399
276.12
415.88
306.75
335.5
335.62
408.25
514.12
456.25
512.12
473.62
419.75
330.88
426.12
450.88
473.12
467.38
411.62
474.75
472.62
547.75
543.25
518.38
690
624.12
596.25
541.62
585.38
637.88
490.25
658.62
591.75
644.25
618.38
415.88
611.25
375.38
415.62
441.38
592.5
565.5
488.38
662.12
639.38
474.38
692.62
534.38
468.88
545.38
594.12
400.75
651.75
566.62
609.12
603.75
531.12
570
522.75
636.25
570.38
489.5
448
527.25
480
581.12
579.12
575.88
625
698.12
600.75
542
674.75
613.88
530.25
678
636.5
646.75
686.62
702.5
683
588.5
621.5
577.38
579.88
588.88
552.38
642.88
635
517
636.38
547
522
422.12
490.25
555.88
478.25
352.12
523.5
403.12
459.25
441.38
340.38
430.25
464.12
478.75
429.75
495.62
393.38
433
488.62
408
432.75
405
425.5
342.5
462
542.38
453.5
458
457.88
479.88
512
541.75
431.88
506.75
565.25
499.75
529.25
484
495.88
523.38
407.5
457.12
450
477.38
539.5
507.5
427
418
597.88
533.75
408.75
502.12
684
581.38
610.5
483.88
478.75
572.5
648.12
603
591.88
535.88
593.25
644.5
517.75
417.75
535
534.12
498.88
637.62
545.12
525.5
580.75
567.12
665.88
460.12
507.12
511.25
526.25
614.62
525.25
421.12
437.88
461.5
528.88
530.62
502.88
511.62
617.38
610.25
587.25
574.75
465.75
482.38
474.62
435.12
486.12
621.12
465.38
575.25
426.38
480.38
429.62
539
573.38
550.25
505
554.75
416.12
537.12
631.12
455.75
499
565.62
558.38
386.12
461.38
492.88
529
611
592.75
665.75
470.5
466
501.75
413
428.75
612
513.5
296.62
390.75
442.5
472.12
421.12
364
443.62
488.38
521
444.88
572.5
569.12
515.25
459.75
525.88
439
464.12
488.5
420.62
470.25
531.38
436.5
488.38
399.12
531.25
455.25
601.88
511.62
435.62
518.38
450.5
611.25
584.38
340
569.88
427.5
479.5
702.38
651.62
628.5
712.75
617.5
620
559.5
548.25
546.38
541.5
511.25
424.38
403.12
421
467.75
427.5
385.88
480.5
456.62
549.38
656.75
560.88
656.62
575.62
648.25
716.25
664.62
662
568.88
711.88
514.25
425.25
478.5
520.12
539.75
491.88
625.12
805.75
755.88
826
660.88
839.88
699.12
581
589.12
463.12
441.25
395.25
473
402
431.88
421
578.38
477
542
459.38
484.25
560.25
492.12
528.5
534.75
405.25
464
573.5
530.25
562.12
424.88
560
480.75
516.88
571.38
505.25
536.5
449.62
551.5
539.62
458.75
534.38
377
415.25
386.88
435.25
327.62
263.62
446.62
351.62
284.25
345.12
397.5
384.38
404.25
525.25
575.88
406.62
438.5
431.5
471.75
254.38
436.5
392.12
270.62
429.62
430.88
363.62
312.12
463.25
495.88
405.62
404.5
384.62
415
364.12
389
414
283.5
358
417.38
361.75
461.75
342
355.12
418.38
532.75
383.75
342.62
377.62
417.25
518
442.75
393.75
333.12
366.75
442
390.62
509.62
518.62
522.25
525.75
511.62
484.25
508.75
812.88
835
671.5
623.62
454.38
604
581.88
585.5
615.25
621.88
615.62
700.5
544.12
470.12
446.25
598.75
521.5
685.62
587.88
492.38
487.88
573.25
491.38
431.25
509
425.38
523.62
503.75
519.5
608
577.12
469.38
573.38
571
606.62
578.62
558.88
631.25
707.75
660.38
683.5
657.5
650.5
568.75
609.5
551.88
561.38
589.38
626.5
525.12
593.75
632.12
645.38
707
798.62
551.5
636
509.62
620.75
503.75
495.62
562.25
492.12
528.88
456
493.88
531.25
605.88
419
457.88
543.75
542.62
519.38
437.88
487.12
519.25
401.75
487.25
444.25
654.38
511.12
455.75
564.5
570.88
489.25
590
501.75
438
453.38
526.5
500.12
502.12
550.25
544.5
530.75
652.12
518
433.12
514.12
474.88
548.12
437.38
491.88
612.25
600.38
539.5
524
530.12
427
472.75
512.25
533.88
584.5
639.75
494.5
595.88
497.75
475
486.75
552.38
485.25
425.12
544
512.62
485.12
525.88
465.38
587.5
561.5
578.25
540.5
531.75
571
545.12
700.25
693.88
673.62
634.12
605.75
660.88
505.38
643
708.25
565.62
507.38
497
548
521.25
406.62
453.38
346.75
495.5
484.12
436.88
451.88
406.75
506.62
499.75
406.62
404.38
461.88
541.25
565
450
509.5
498.5
531.38
503
428.88
424.62
423.38
491.88
531.12
529.75
392.62
472
497.12
334.5
379.5
505.12
454.62
479.25
491.12
478.75
450.62
486.5
323.62
406.62
438.75
407.25
434.75
382.12
423.5
434.38
470.62
502.62
542
518.62
483.88
382
456.75
518.25
422
490
351.62
336.5
486.5
460.88
655.12
651.38
738.75
663
423.38
424.5
397.5
489.38
397.88
460.38
537
476
516.38
525.38
580
579.75
543.12
499.25
484.12
556.75
535.38
504.62
606.12
509.12
584.38
672.12
498.88
699.75
292.62
441
502.5
482.88
391.38
331.38
495.62
524
487.38
443.25
497.75
572.12
625.25
452.88
510.25
590.12
734.25
615.62
577.75
558.75
479.38
480
464.75
543.62
538.88
526.25
549.25
556
523.12
487.88
505.62
607.5
511.75
574
585.88
478.88
441.75
576.38
394.38
404.12
411
442.25
315.75
422.25
376.88
372.75
428
475
382.25
437.12
431.5
496
488.5
397.12
378.38
479
371.38
545.38
446.88
502.12
542.25
395
441.88
425.12
445.75
433.75
469.25
370
526.88
388.5
566.5
532.38
479.5
338.5
307.38
428.12
450.62
430.38
327.38
363.12
377.38
429.88
389.75
526.38
411
390.62
392.25
468.75
508.25
464.88
375.75
334.75
441.62
405.62
414.62
427.62
515.12
559.5
532
540.12
489.12
492.38
387.5
516.12
432.62
444.25
451.62
546.12
530.75
597.12
612.75
487.75
595.75
645.5
737
436.38
476.12
456.5
556.88
525.62
455.88
556.12
420.25
450.75
502.75
486.12
373.5
442.62
366
420.62
483.88
569.5
409.38
522
458
561.62
494.12
415.38
484.75
557.5
511.5
389.12
594.12
395
442.12
571.5
463.5
499
600.88
421.12
462.38
417.25
453.38
495.38
493.12
425.25
462.38
364.38
429.38
334.75
372.88
512.12
397.25
425.12
385.88
437.12
440.25
412.62
378.62
560.88
508.62
437
569.88
501.62
389
426.62
422.38
457.12
534
570.75
461.38
538.38
700.38
568.5
584
511.12
524.12
606.25
561.5
523.88
447.5
449.5
551.88
519.88
467.12
489.75
483.88
432.25
490
659.62
561.75
640.12
530.12
485.75
547.88
530.12
521.38
452.62
560.62
523.38
626.62
506.75
609.88
485.38
413.88
489.25
542.88
490.5
510.25
487.75
572.12
674.12
558
384.75
400.62
501.5
444.62
524.75
442.38
655.88
497.88
497.12
504.12
613.5
497.12
490.75
578.12
646.88
704.38
594.75
681.5
639.75
652.38
564.75
659.38
597.25
662.12
572.62
637.62
655.25
604.25
411.62
674.12
611.25
536.5
582.75
651.88
503.5
504.62
588.25
655.75
551.75
510.88
603
476
547.12
565.5
596.25
628.75
529.25
530.25
473.88
521.62
577.75
547.88
520.62
575
482.5
559.38
606.75
512.25
500.12
592.88
547.62
540.88
526.62
595.25
643.62
635.12
520.88
566.25
520.62
551.5
581.75
478.88
495.25
689.88
562
600.88
615.88
647.38
656.5
645.38
633.12
585.62
673.38
565.5
595.62
614.88
548.62
510.38
467.62
582
558
538.75
478.5
512.75
607.38
589.62
616
484.88
555.38
440.25
513
459.62
439.12
514
476.25
395.5
389.25
390.88
391
357.38
318.38
493.88
520.38
311.62
463.88
432
633.12
549.75
450.25
444
503.62
442.62
399.12
310.62
366.5
319.38
317.25
427.25
378
404.38
429.25
457.62
373.12
409.88
442.25
477.88
496.25
489.75
570.5
597.25
698.25
546
533.62
624.88
513
532.25
553.75
621.62
627.75
561.5
688.5
503.25
547.25
568.62
526.12
485.25
605.25
631
563.38
579.25
743
737.62
548.5
628.12
596
747.38
712.25
706.25
656
591.25
632.75
620.5
516
674
536.25
567.88
642.25
544.25
614
648.5
562.62
638.12
719.62
640.88
687.62
666.12
635.75
641.88
687.38
677.5
648.5
567.5
615.5
615.62
573.62
714.75
682
718.38
620.75
622.5
555.88
661.62
735
717.12
680.88
602.88
672.12
558.5
670.25
604.38
509.5
675.75
699.12
656.5
682.62
745.25
742.38
662.25
702.25
648.12
532.62
625.62
695
706.62
646.62
658.62
763
833.75
749
725.62
661.5
790.38
842.5
698.38
712.5
717.25
764.38
756
625
606.62
666.38
759.88
692
737.5
599
632.5
636
571.5
443.62
669
566.25
603.25
651.88
600.25
709.12
656.5
644.75
677.38
597.25
832.62
608.25
583.12
526.25
623.25
674.88
584.12
672.62
688.75
587
533.5
612.5
692.38
593.38
687
775
637
718.62
618.5
571
723
586.38
618
582
619.75
513.5
654.88
622.88
577.62
768.5
739.88
649.88
502.25
681.75
601.75
613.25
687.75
766.25
739.38
584.38
666.62
666.25
712.5
710.75
659.38
733.25
607
578
635.88
583
572.62
647.62
555
641.38
696.88
633.5
659.38
708.12
515.75
560.75
572.12
672.38
613
663.25
605.25
601.5
688
430
508.62
617.75
633.62
661.62
669.12
663.5
582.38
657.25
600
559.88
553.88
536
708.75
766
711.12
687
636.12
673.38
571.88
562
462
585.62
663
598.75
631.75
504.25
501.75
421.5
435.25
690.25
580.88
586.38
631.12
532.38
560.75
618.62
541.75
670.38
548.5
413
456
507.5
543.38
548
497.25
423.88
400.62
500
484.75
559.25
487.62
497.38
541.12
583.25
475.75
454.38
595.25
488.25
641.88
634
586.25
626.25
606.38
569.38
605.12
535.62
546.88
580.25
543.38
524.5
567
578.75
606.88
572.25
501.62
556.25
441.62
544.88
550
568.62
564.5
548.88
628.38
589.5
580.75
684.62
634.12
544.25
491.75
613.75
667.62
576.88
484.75
493.5
519.62
563.88
590.75
476.5
483.12
486.62
507.38
491.5
474.75
561.62
500.38
462.88
551.62
547.88
572.25
480.62
508
505.12
535.5
536.88
449.38
579
659.88
628.75
549.12
480.25
535.75
538.12
449.25
525.38
553.38
516.75
511.62
543.38
587.75
476.25
726.38
475
490.38
464.25
453.38
407.75
428.38
423.62
521.5
485.62
410.25
423.12
478.88
462
472.88
439.38
420.5
501.12
417.12
521.38
454
463.5
365.12
388.75
437.5
454.38
457.62
422
433.25
468.88
469.25
514.5
499.25
521.25
493.5
463.62
519.88
511.62
480.38
499.12
508.62
457.5
473.5
441.25
425.75
491
378.75
443.75
489.62
468
472.25
467.5
555.5
424.12
483.75
516.75
492.62
451.5
536.62
465.38
546.5
460.38
378.62
422
512.88
463.5
415.38
444.62
430.5
482.5
508
486.62
461
510.38
487
445.62
557.5
514.75
581.25
594.5
435.75
484.5
501.5
587.88
565.75
601.5
634.25
659.12
486.75
533.88
441.38
574.12
554
507.75
448.88
574.88
462.5
532.38
471.12
496.88
494
524.25
451
496.5
458.25
486.62
489.5
420.5
494.12
468.88
517.88
494.25
452.12
460.62
450
547
458
380.38
424.75
420.38
316.62
358.88
407.25
325.38
335.25
385.12
393.62
423.12
380.62
460.38
472
384.25
391.12
464
373.38
429.5
434.62
450.25
416.38
362.75
393.62
358.12
419.12
413.38
437.5
445.38
460.75
382.25
433.12
441.88
262.88
363.62
476.75
448
393.88
407.62
395.5
347.12
381.62
395
410.88
404.88
535.25
411.25
434.75
540.38
391.5
365.12
347.62
442.88
411.5
398.62
479.25
491.38
553.88
563.62
486.38
555
385.88
426.88
417
467.88
394.5
520
446.75
448.38
530
527.38
513.5
475.25
557.62
432.5
547.75
427.5
501.12
415
549.25
440
530
419.12
366
336.5
382.38
372.12
435.75
503
448.88
581.62
488.75
426
540.38
469.88
465.88
474.38
493.75
432.75
529.62
470.38
474.12
372.38
503.25
544.25
528.62
444.25
503.38
471.12
481.62
443.12
554.25
422.5
465.62
481.38
527.38
492
487.25
351
417.75
492.62
469.62
631.62
458.12
475.38
403.88
492.88
518.88
497.38
498.12
338.62
525
517
462.12
647.5
539.75
448.12
403.75
425.12
423.12
412.62
494.75
555
444.25
450.25
536.62
482.12
486.38
501.88
452.75
582.75
534.62
454.75
448.12
337.38
501.12
532
653.12
638.75
488.75
460.25
557.12
510.88
540.88
445
538
507.88
461.62
489.62
622
508
597.5
423.12
449.5
528.5
479.75
481.5
497.88
531.38
484.5
605.75
422.62
494.75
565.88
518.38
492
458.5
486.25
484.12
479.25
523.25
516
468.25
617.5
519.12
504.12
441.75
523.38
603
507.25
655
540.38
540.12
550.5
587.38
609.62
513.5
474.5
494.38
482.5
523.5
490.75
458.75
491.12
556.12
504.12
532.25
646.88
509.88
575.62
587.5
480.75
430.88
496.62
643.75
640.88
517.75
542.5
492
479.88
500.12
433.5
471.38
513
611
473.88
454.12
460.75
535.38
529.25
521
604.25
461.38
601.12
525
