      S1
1248.12
1252
1360.88
1351
1358.38
1293.38
1188.62
1115.5
1011.12
1007.12
990.38
937.62
964
1125.38
1103.62
1072.5
1118.12
1149.88
1229.88
1171.5
1290.75
1264
1091.12
1243.75
1272.88
1502.62
1499.88
1334.88
1250.38
1281.5
1441.62
1379.12
1429.5
1480.38
1545.75
1630.25
1586.88
1418.75
1590.62
1429
1534.88
1622.62
1462.75
1384.62
1407.25
1569.88
1588.5
1570.38
1699.75
1728.75
1705.75
1621.25
1748.62
1491.5
1671
1611.62
1650.12
1578.25
1568.88
1750.12
1639.38
1764.5
1531.75
1546.25
1459.88
1619.62
1683.38
1846
1645.88
1537.38
1688.75
1688
1753.88
1726.88
1743.75
1842.75
1673.62
1766.38
1667.62
1566
1388.25
1434.88
1447.75
1426.62
1493.62
1521.88
1445.88
1558.38
1495.25
1707.38
1583
1664.5
1509.88
1599.62
1619.38
1566.75
1647.5
1586.5
1510.88
1604.25
1763.75
1731.5
1716.38
1652.75
1408.62
1508.75
1478.75
1726.5
1653.88
1609.88
1394.88
1489.62
1538.25
1600
1516.12
1468.12
1557.38
1542.38
1396.25
1594
1534.25
1642.62
1640.5
1742.88
1572.75
1452.25
1345.75
1209.62
1370.5
1665.25
1384.12
1503.75
1599.88
1553.62
1533.88
1590.25
1552.38
1599.5
1572.88
1543.5
1535.75
1389.12
1380.75
1549.25
1666
1461.75
1476.75
1570.12
1767.12
1490.88
1409.12
1334.25
1569.75
1591.88
1674.12
1537.12
1465.25
1592.75
1475
1335.25
1505.62
1461.75
1390.25
1380.25
1474.75
1456.62
1395.38
1354.75
1308.75
1430.75
1305.75
1325
1284.88
1432.38
1424.38
1442.88
1337.75
1562
1420.75
1563.75
1329.25
1668
1548.38
1548.62
1654.62
1348.88
1609.38
1630
1539.88
1509.75
1391.12
1415.25
1463.12
1507.5
1495.5
1454.12
1417
1517
1599.38
1466.88
1475.88
1383.25
1382.75
1413.75
1341.75
1334.5
1486.12
1380.62
1419.25
1500.12
1490.38
1481.25
1493.38
1396.38
1345.75
1404.38
1442
1240
1363.88
1508
1447.88
1298.62
1543.75
1471.25
1342.38
1338.25
1328.5
1553.62
1411
1484.5
1504
1201.5
1436.12
1285.75
1444.25
1372.62
1226.5
1508.38
1412.88
1653.38
1409.25
1497.62
1469.38
1424.75
1664
1352.75
1338.5
1121.38
1045.5
1372.38
1410.75
1519.75
1582.38
1470.25
1318.75
1474.75
1354.62
1492.25
1564.75
1243.12
1403.25
1177.75
1258.25
1247
1219
1357.75
1414.25
1522.62
1246.12
1329.38
1442.88
1445.12
1358.75
1435
1336.5
1517.38
1396
1513
1473.12
1422.88
1562.62
1498.38
1500.5
1459.62
1381.12
1413.5
1455.5
1257.5
1623.75
1375.75
1303.62
1319.88
1340.5
1270
1349.12
1453.12
1526.25
1486.62
1465.12
1398.12
1443.12
1470
1512.62
1477.25
1477
1552.5
1516.75
1517.62
1541.25
1352.25
1484.88
1586.25
1574.88
1447.12
1673.38
1523.38
1507.88
1316.88
1368.25
1353
1345.25
1258.75
1274.25
1092.5
1338.25
1195.38
1127.12
1285.12
1226.12
1268.75
1095
1136.5
1214.25
1276
1259
1478.25
986.88
1344.75
1319.38
1189.5
1177.75
1210.5
1195
1239.62
1022.25
1008.38
1155.38
1119.38
1070.75
1150.38
1125.25
1365.88
1357.62
1361.25
1444.62
1083.5
1125.5
1233.25
1157.5
1347.62
1344.5
1263.88
1371.12
1043.75
1176.88
1197.75
1026.75
1082.88
1174.62
1059.75
1096.38
1244.25
1210.62
1284.88
1149.88
1129.88
1161.88
975.25
1207.62
1175.88
939.5
1210.5
1205
1110.5
1258.5
1030.75
1107.5
1094.75
1146.38
1059.5
1028.12
1068
982.5
1178.5
1152.62
1139.38
1156.38
1046.38
1195.25
1237
1218.5
1357.88
1144.5
1336.25
1425.5
1427.25
1413.12
1353.62
1235.5
1344.38
1145.88
1085.75
1199.25
1227.38
1458.12
1317.12
1334.12
1188.75
1367.5
1273.5
1366.88
1466.62
1194.88
1303.75
1192.75
1257.25
1327.25
1143
1249
1320
1318
1350.25
1365.88
1466
1264.12
1325.62
1237.12
1227.25
1152.88
1245.12
1157.5
1289.12
1278.25
1294.12
1130.12
1284.38
1220.62
1320.12
1257.75
1336.25
1327.5
1343.25
1318.12
1291.75
1254.88
1404.5
1246.38
1287.25
1252
1357.25
1279.62
1411.12
1313.88
1498.12
1305
1292.25
1263.5
1327.75
1274.88
1311.62
1252.25
1264.25
1283.5
1327.62
1263.5
1232
1293.25
1249.38
1281
1235.62
1294.62
1298.5
1326.62
1288.75
1270.12
1297.88
1251.5
1230.88
1353.38
1380.38
1449.75
1478.5
1622.62
1472.75
1474.25
1565
1542.25
1357.5
1366.75
1402.38
1485.12
1452.5
1447.12
1464.88
1571.12
1429.38
1320
1285.75
1387.12
1163.38
1266.75
1278.62
1255.5
1330.38
1413.88
1421.75
1498.12
1451
1473.75
1425.12
1365.25
1337.88
1438.88
1412.38
1294.5
1376
1346.75
1155.12
1335.5
1181.5
1104.38
1358.88
1333.25
1159.88
1139.75
1409.5
1387.75
1521.88
1481
1341.25
1374.12
1373.88
1417.75
1436.88
1348.25
1318.5
1250.38
1263.38
1344.38
1342
1282
1507
1443.62
1373.88
1493.75
1379.5
1508.38
1489
1359.75
1452.25
1416.12
1419.5
1371.88
1346.25
1358.25
1497.38
1266.5
1414.38
1394.62
1407.25
1306.75
1510
1594.12
1509.25
1425
1356.5
1430.62
1306.88
1341.75
1418.38
1361.12
1220.25
1292.88
1494.62
1530
1356.75
1482.75
1500.62
1384.12
1379.25
1505.5
1401.12
1575.62
1418
1336.25
1374.5
1386.5
1241
1345.62
1300.38
1265.38
1325.75
1248.38
1298.75
1347.5
1377.88
1332.25
1268.25
1315.62
1216.5
1238.25
1394
1237.12
1165.75
1276
1399.25
1316.12
1329.62
1195.38
1129.12
1330.5
1246.88
1136.25
1228.25
1296.38
1417.75
1268.75
1295.62
1366.5
1233.75
1070.25
1222
1192.5
1400.75
1107.88
1240
1246.75
1168.25
1311.62
1287.38
1226
1304.12
1110.62
1165.38
1133
1133.38
1142.88
1126.5
1140.5
1105.12
1182.88
1165
1254
1287.88
964.5
1148.88
1235.5
1225.25
1330.25
1252
1455.62
1300.75
1404.12
1359.75
1174.75
1317.12
1349.5
1257.38
1460
1368
1474.75
1310.75
1464.12
1353.88
1398.62
1443.5
1431.25
1243.62
1289.88
1315.38
1305.5
1363.88
1502
1592.38
1393
1370.12
1180
1306.38
1340.62
1261.25
1465
1212.12
1225.5
1304.12
1379.5
1458.88
1057.5
1189.88
1341.25
1275
1406.38
1378.62
1182.88
1151.25
1031
1115.75
1325.12
1188.38
1241.88
1357.75
1387.62
969.25
1020.38
1188
1120.5
1192.62
1183
1254.62
1184.25
1230.38
1099.38
1203.25
1082.25
1151.88
1342.62
1229.25
1003.12
1061.38
1210.75
1367.12
1206.12
1308.12
1340.38
1331.88
1403.62
1430.5
1330.5
1443.62
1265
1354
1304.88
1307.25
1325.62
1236.25
1380.62
1415.12
1436
1341
1402
1354.38
1371.38
1422.25
1476
1280.12
1288.75
1422.5
1353.5
1278.62
1358.88
1307.25
1279.62
1383.62
1283.12
1238.75
1292.5
1164
1329.62
1246.25
1327.88
1217.12
1332.12
1179.38
1429.12
1407.88
1437
1427.12
1432.75
1306.12
1385.38
1354.12
1481.5
1497.38
1273.12
1335.75
1447.25
1504.88
1497.25
1475
1490.88
1478.12
1232.38
1448.75
1446.75
1443.38
1553.75
1319
1533
1456.75
1580.88
1545.25
1523.88
1357.25
1361.25
1345.62
1425.75
1450.62
1561.12
1470.38
1367.25
1379
1345.25
1354.88
1434
1285.75
1303.62
1379.12
1303.75
1440.12
1471.12
1395.38
1419.75
1414.25
1357.25
1407.38
1346.5
1497.88
1626.75
1728.75
1596.25
1302
1283.12
1571.62
1521.38
1430
1425.88
1468.5
1498.75
1442.25
1445.62
1457.38
1561.12
1618.62
1459
1388.5
1708.62
1397.62
1160.12
1366
1400.5
1216
1185
1311.75
1319.5
1336.5
1522
1432.25
1425
1484.88
1358.62
1497.62
1381.88
1325.25
1333.25
1492.75
1492.88
1522.88
1546.88
1508.25
1463.5
1439.38
1445
1609
1608.38
1663.62
1718.75
1665.62
1546
1501.25
1556.38
1336.25
1474.12
1511.75
1624
1690.88
1539.88
1536.88
1474.62
1512.62
1571
1525.62
1727.25
1567.5
1477.62
1525.88
1422.38
1568.62
1350.62
1547.62
1566.88
1551.62
1591.75
1459.25
1645
1427.25
1453.25
1430
1615.25
1520
1535.12
1315
1473.25
1454.12
1577.5
1416.88
1299.38
1522.88
1527.75
1531.5
1453.38
1555.38
1336.12
1526.75
1550.25
1698
1665.75
1395.75
1361.75
1502.62
1584.12
1504.38
1349.62
1432.5
1389.12
1501.38
1351.62
1255.88
1470.88
1424.62
1315.75
1496.88
1598.88
1413.62
1382.12
1537.25
1650.12
1323.88
1532.75
1511
1392.12
1415.25
1313.75
1442.38
1371.62
1315.38
1473.62
1487.38
1384.75
1291.38
1325.5
1394.5
1482
1247
1496.75
1336.62
1277.88
1314.88
1294.38
1413.62
1471.88
1386.38
1405.5
1502.38
1524.62
1348.12
1356.25
1432.75
1328.38
1146.88
1171.88
1287.75
1314.88
1263.5
1298.5
1382.25
1415.38
1375.25
1453.12
1347.38
1120
1416
1390.12
1292.12
1158.5
1286
1289.5
1196.5
1227.75
1150.88
1157.5
1318.62
1122.62
1228.5
1050.38
1224.5
1283.88
1121.62
1191.62
1351
1152.25
1177.75
1326.38
1143.25
1145.88
1104.62
1101.12
1359
1319.25
1191.88
1165
969.5
1257.12
992.12
1173.88
1040.5
1025.38
1135.25
1066.25
1159.62
1187.62
1091
1284.38
1099.25
1146.5
1273
1136.12
974.25
1101.62
1245.25
1088.75
1075.5
1113.5
950.62
1050.75
1111.62
948.75
1118.62
1079.75
1051.25
1004.75
1209.75
1124.38
1223.25
1162.62
1091.12
1129.62
1484.62
1387.62
1242.88
1272.62
1303.75
1279.75
1174.12
1176.62
1021.75
1126.25
1124.25
1113.12
1425
1341.88
1233.62
1007.62
1238.75
1240.62
1115.75
1298.25
1172.38
1497.5
1665.75
1496.75
1217.88
1366.25
1174.88
1512.88
1585.75
1513.38
1361.75
1404.38
1240.88
1319.38
1375
1282.62
1309.5
1535.5
1352.5
1332.75
1402.25
1389.75
1504.25
1475.75
1350.88
1340.12
1422.12
1364.62
1401.38
1145.12
1139.25
1254.38
900.12
1072.12
1127.88
1051.88
1257.75
1184.88
1395.38
1193
1182.62
1323.12
1497.88
1440.38
1246.12
1506.25
1465
1056
1127.12
1115.25
1062.75
1006
1126
1076.88
966.25
1099.12
1003.12
1046.5
1041.62
1156.12
917.88
962.5
1166
1173.75
1099.38
1210.5
1268.38
1240.75
1026.62
1112.38
995.12
1167.75
1177.25
1223.88
1194
1182
1278.5
1061.25
1227.62
1218.62
1131.25
1177.75
1125.25
1311.25
1177.25
1339.25
1101.62
1356.75
1125.88
1195.88
1081.38
1223.12
1336.75
1226.5
1139.5
991.88
1062.12
1118.5
973.12
1078.75
1308.5
1237.5
1047.12
1380
1369.25
1562.75
1240.25
1551
1267
1434.25
1386.5
1588.88
1459.25
1366.25
1398.12
1228.25
1300.62
1370.12
1409.38
1398.38
1129.88
1120.5
1019.75
995.25
859.88
1078.62
1141.25
1200.75
1108.5
1212.88
1048.75
1009.75
1067.25
1183.88
1125.62
1199.12
1292.25
1174.12
1363.88
1420.12
1273.12
1209.88
1318.88
1581.88
1281
1379.88
1323.75
1453.62
1416.62
1334.38
1176.25
1409
1269.62
1395.25
1272.5
1213.25
1288.38
1303.75
1276.5
1298.88
1158
1251.88
1361
1233.5
1482.12
1524.62
1348
1586.38
1621
1354.62
1536.5
1370.38
1571.38
1597.12
1537.88
1644.12
1574.25
1602.38
1574.88
1397.12
1395.62
1377.38
1481.88
1464.62
1654.38
1671.75
1729
1644
1639
1705.5
1681.25
1684.75
1630.62
1727.12
1634
1582.12
1468.25
1565.12
1473.88
1329.12
1554.75
1556.25
1325.12
1471.88
1473.38
1430.12
1459.38
1494.75
1537.25
1620.62
1471.88
1375
1440.75
1381.62
1380
1371.62
1528
1491.25
1623.5
1585.62
1587.12
1384.88
1635.25
1430.5
1587.38
1586.5
1714.5
1556.75
1548
1403.38
1610.62
1361
1550.5
1432.62
1522.25
1546.12
1631.5
1539.38
1532.62
1420.75
1355.88
1412.5
1455.12
1429.12
1222
1340
1321
1302.75
1331.75
1208.38
1236.38
1206.25
1200.38
997.25
958.38
1091.5
1079.88
1194.75
1189
1066.62
1061.38
1297.5
1434.5
1120.12
1045.12
1194.25
1269.38
1303.75
1099.62
1243.88
1263.62
1062.38
1304.88
1384
1290.5
1390.5
1417
1246.88
1387.12
1194
1198.12
1248.12
1377.88
1168
1380.5
1422.12
1472.12
1474.88
1587.38
1293.38
1496.88
1296.12
1450
1382.5
1476.5
1452
1548.5
1467.62
1267.25
1258
1256.5
1595.62
1222.62
1398.62
1281.88
1173
1196.12
1420.38
1171.5
1205.75
1343.38
1280
1206.12
1259.75
1383.25
1399.75
1355
1401
1540.5
1201.25
1476.88
1497
1502.38
1628.38
1535.62
1497.88
1270.75
1418.62
1671.25
1402.38
1589.38
1486.75
1643.75
1468
1612.75
1412.62
1304.88
1443.38
1576.25
1468.25
1463.5
1405.88
1511.5
1319
1495.62
1451.12
1235.25
1250.38
1252.62
1437.62
1467
1369.38
1313.75
1311.5
1107.12
1124.25
878.12
985.88
1061
1243.25
1221.5
1091.62
1302.88
1128.88
1289.25
1150.88
1309.12
1286.5
1066.75
1258.38
1335.88
1368.75
1208.5
1249.75
1263.62
1364.38
1159
1135.62
1133
936.5
1144.88
1189
1184.12
1200.25
1122.25
1342.5
1137.38
1151
1080.75
1157.88
1077
1054
1159.12
1169.12
909.75
1140.5
874.88
1060.62
1263.5
1216.88
1038.75
996.5
1095.75
1328.12
1034
1224.12
1275.5
1176.25
1037.38
1144.5
1129.25
1223.88
1232.75
1104
1366
1329
1260.38
1109.38
1059.88
1127.38
1283.38
1237.88
1184.12
1177.25
1199.5
1322.88
1360.5
1286.62
1124.12
897.88
966.12
1318.88
1054.12
1072.5
1145.5
986.12
837.25
1056.12
1023.62
1061.5
954.88
1058.88
1116.62
1001.62
1034.38
1236.88
1240.75
1279.88
1082.88
1205.38
1038
1131.88
1218.12
1015.62
1088.38
1267
1282.75
1525.5
1315.25
1348.5
1329.62
1406.75
1358.62
1566.5
1538.25
1390.88
1161.5
1293.12
1503.5
1378.38
1099.62
1387.38
1331.5
1252.88
1087.62
1173
1222.62
987.38
1130.88
1001.25
866.12
880.12
936.5
1178.25
1106.38
1010.88
1090.12
1086.5
865.25
850
792.75
846.38
879.25
1004.75
961.5
918
828.25
925.75
920.25
1022.38
846
968
899.25
825.12
948.38
919.25
1168
969.88
1016
1050.88
877.25
1119.62
883.12
949.5
785.88
786.75
840.38
1007.88
852.38
1213.88
996.5
1029.38
992.38
1000.75
1035.5
1073.5
1039
712.88
695.25
759.88
828
760.62
758.88
627.62
844.62
774.25
972.75
902.12
784
760.25
743.75
918.62
850.88
797.25
687.88
734.25
829.62
970.12
814.88
847.5
990.5
712
1118.88
1122
1219
1120.25
1042.12
1015.62
985.38
999.62
1080.12
1072.12
1145.5
1060.38
896.25
992.38
961.88
1013.62
1078.75
1136
1091.25
1075.88
1437.38
881.88
1126.62
1241.38
1343.75
1097.75
1120.75
1104.5
1242.88
1317.12
1212.75
1348.88
1282
980.88
1014.12
1170
1169.75
1180
1123
1168.62
1243.25
1331.5
1274.75
1226.25
1228.25
958.12
966.75
1144
1271.25
1246.5
1217.5
1109.62
1167.25
1095.25
1072.62
1202.12
1056.38
1071
1120.5
1269.12
1389.38
1220.12
1034.25
1095
1179.25
1165.5
1023.75
1160.88
1176.5
1118.25
938.88
806.5
886.25
873.75
876.5
1049.75
1115.38
1008
1069.25
874.12
786.75
1142.25
1011.75
1034.62
1072
1147.25
932
971.75
998.75
1044.62
1140.25
1140.5
980.88
1076.88
1149.5
1083.25
952.5
942.25
1057.38
1167.75
1090
876.62
977.12
976.62
1036.75
1149.88
1043.88
1184.5
1181.88
1097.25
991
1159.25
1109.12
1151.88
1211.62
1103
1041.12
1079.5
1116.88
1078.88
1002.12
1043.25
1110.12
929.38
941.12
1068.62
1046.5
1021.25
1175.25
1316.25
957
849.12
834.38
1077.12
961.38
965.38
1016
979.62
1080.62
1005
923.5
1133.75
1139.88
1198.62
1060.75
970.25
1044
1056.25
1038.62
908.75
1056.12
833.62
860
964.62
863.75
1076.75
961.12
703.62
925.62
1033.5
856.25
1168.25
1143.38
1137.5
1171.5
923.25
1142.25
1107.5
1269.75
1156
1016.88
1131.5
1096.12
1178.25
911.62
965.38
1059.5
955
974.62
1004
1022.25
1157.25
972.75
971.5
996.88
999.38
1051.75
975.62
1042.5
995.12
1067.75
917.25
807.88
892.62
981.62
859.38
963.88
848.25
976.88
1041
1068.62
1032.5
873.88
948.62
912
840.12
973.5
902.88
1113.12
924.5
1002.12
1002.62
1001.62
983.88
1032.5
1033
951.62
1128.38
1087.75
890.88
974.62
1104
1184.62
1003.25
897.25
954.25
988.38
968.25
993.38
913.62
939
896.88
874.88
710.75
1047.38
906.12
1054.5
924.5
1056
1057.75
978.88
1003.25
1197.25
1100
1182.88
1172.88
1062.38
981.62
1185.38
1171.12
1125.25
1214.62
858.75
1275.25
1067.38
1143.88
1022.88
995.38
1125.62
1100
1103.88
947.25
1033.88
1003
1056.38
997.88
1048.62
1024.5
960.38
890.25
855
752.88
823.5
923.12
943
955.62
993.62
750.62
810.88
943.12
972.62
968
820.88
943.12
1022.38
867.62
1097.5
1079.25
1096.12
1023.62
1069.5
1073.88
1117.38
936.25
908.25
801.38
929.5
829.88
923.5
824.75
863.88
902.12
1011.5
827
755.5
828.88
1077.5
772.88
875.62
789.62
1048.25
845
908.38
836.62
938.88
892.62
965.75
1290
1172.88
1146.12
1237.12
1149.25
1189.75
1068
1106.88
1275.75
938.88
1092.88
1235
1106.62
1166.12
1251.5
1207.5
1213
1189.62
1266
1186.75
1125
1209.5
1161.88
1426.5
1299.62
1309.12
1244.75
1442
1357.5
1394.88
1476.62
1224.88
1305.62
1328
1458.88
1180.5
1288.75
1264.25
1099.62
1264.88
1249.25
1456.88
1628.88
1465
1465.5
1205.88
1303.75
1009.12
1345.38
1126
1265.12
1136.25
1165.25
968.62
1155.62
1161.12
1291.88
1017
1302.38
1187.75
1109
1378.12
1371.62
1314
1278.75
1464.62
1369.38
1306.12
1319.38
1341.38
1399.88
1549
1338.62
1376.75
1427.62
1470.75
1646.88
1522.62
1378.25
1414.62
1379.75
1448.25
1384.75
1445.25
1244.38
1256.62
1251.25
1316.75
1213.88
1249.38
1252.25
1345.62
1556.88
1389.25
1469.38
1527.88
1462.88
1589.38
1453.25
1311.88
1205
1272.38
1180.88
1246.5
1338.38
1404
1321.38
1533
1440.75
1347.88
1432.75
1269.5
1348.75
1497
1431.12
1243
1363.62
1408.25
1530.75
1193.62
1392.5
1359.88
1227.75
1335.38
1427.38
1579.38
1374.5
1356.62
1497.38
1753.88
1677.62
1718.88
1428
1551.62
1585.88
1391.75
1442
1567
1552.75
1459.5
1581.12
1451.88
1508.5
1474.38
1316.38
1493
1589.38
1411.25
1215.75
1500.62
1449.88
1311.62
1469.38
1388.12
1296.25
1298.5
1076.12
1234.12
1138.75
1312.75
1087.88
1316
1330.12
1244
1508.75
1461.5
1443.25
1191.38
1349.38
1397.12
1311.88
1412
1466.5
1405.12
1432.75
1444.62
1405.5
1318.12
1437.38
1374.62
1376.88
1166.25
1272.62
1236.12
1264.25
1322
1446.12
1039.88
981.5
1173.88
1131.5
1017.38
1120.88
1133.5
1145.25
887.38
1143.38
1021.62
1002.75
1111.25
1027
1011
1204
956.25
995.25
964.38
1102.38
1088
1221
982.88
903.88
955.38
1094.88
970
935.38
838.38
793.5
949.25
710.62
801.38
826.62
953.75
948
1039.12
1075.75
886.12
831.25
825.25
1095.75
977.75
940
983.75
1224.25
1026.62
1088.38
976.38
1206.62
899.12
1150.88
1179.88
1201.62
1264.12
1047.12
1149.38
1224.62
1371.88
1260.62
1099.25
1279.62
1276.88
1220
1239.5
1260.62
1211.75
1237.38
1213.62
1341.38
1448.38
1346.5
1257.88
1367.25
1304.25
1228.38
1225.5
1208.38
1397.25
1053
1104.75
1234.38
1273.5
1348.25
1475.5
1344.75
1375.25
1531.38
1339.75
1289.62
1377.88
1463.62
1541.88
1420.25
1271.12
1214.75
1345.38
1399.25
1290.38
1404.5
1276.38
1367.38
1071.62
1232.38
1274.88
1285.75
1410.75
1350.5
1403.12
1383.5
1301
1578.88
1382.12
1441.25
1427.38
1355.5
1426.12
1499.75
1255
1237.5
1348.75
1321
1374.38
1427.12
1317.75
1330.12
1415.75
1417.75
1354.62
1343
1550.5
1272.25
1292.75
1379.5
1224.75
1506.12
1077.38
1438.5
1268.62
1179.75
1236
1319.62
1238.5
1291.75
1215.88
1189.38
1306.88
1449.25
1279.62
1410.75
1313.12
1074.88
1418.88
1244.88
1226.38
1242.38
1559.25
1306
1222.88
1308.5
1444
1274.62
1300.62
1195.88
1371.5
1297.88
1272.88
1110
1415.25
1419.88
1150.88
1192.5
1352.12
1097.5
1369.12
1329.12
1201
1524.88
1403.88
1265.88
1407.38
1354.62
1426
1403.88
1297.25
1408.62
1338.25
1389.25
1418.75
1333.5
1242.38
1459.12
1222.12
1508.5
1327
1271.12
1306.25
1448.12
1407.12
1453.62
1374.75
1212.5
1446.25
1423.25
1546.88
1510.62
1459.38
1366.38
1315.88
1411.88
1292.5
1366.5
1383.5
1452
1476.25
1589.38
1619.88
1538.38
1337
1408
1513.75
1653.62
1591
1473.25
1521.12
1526.25
1467.88
1488.75
1573.25
1549.62
1435.38
1459.88
1401.62
1235.38
1340.38
1272.88
1301.25
1224.25
1372.25
1445.25
1219.5
1400.38
1413.38
1417.12
1338.5
1592.25
1485.12
1443
1391.25
1244.5
1119.38
1257.62
1405.88
1232.12
1478.5
1419.12
1323.75
1253.12
1359.25
1341
1390
1227.75
1218
1397.38
1294.12
1195.75
1292.38
1409.88
1318.62
1358.25
1324.12
1367.38
1256.38
1442.38
1191.25
1423.75
1260.88
1265.88
1131.75
1274.75
1313.25
1357.12
1409.88
1345.5
1375.5
1346.62
1088.88
1257.38
1189.88
1299.25
1391.38
1332.5
1338.12
1439.88
1273.12
1361.75
1359.38
1481.25
1347.88
1487.62
1480.5
1308.75
1400
1161.5
1239.5
1336.12
1212.88
1203.5
1242.12
1310.75
1140.5
1324
1385.75
1402.62
1582.62
1453.38
1318.88
1450.88
1520.75
1498.62
1444.25
1400.5
1274.12
1206.25
1338.88
1186.25
1449.88
1432.12
1375.5
1172.38
1314.12
1240.12
1366.25
1373.5
1599.25
1575.62
1510.62
1421
1683.75
1557.38
1754.12
1673.5
1572.62
1527.25
1672.88
1516.38
1479.62
1494
1539.62
1416.38
1512.62
1243.12
1415.12
1417.75
1489
1315
1297.75
1484.5
1474.88
1526.75
1201.62
1229.25
1298.62
1464.88
1382.12
1405.75
1512.62
1475
1534.12
1485.5
1679.88
1584
1698.25
1734.88
1674.12
1659.25
1455.75
1457.88
1598
1504.12
1455
1569.25
1689.88
1322.88
1525.88
1362.12
1264.5
1083.5
1379
1300
1306.62
1601.12
1613.5
1504.5
1404.12
1512
1371
1464
1316.38
1437.38
1437.88
1450.5
1656.38
1610.5
1517
1422.38
1435.62
1478.5
1469.12
1671.25
1685.88
1721.12
1503.62
1737
1403.25
1686
1423.5
1344.62
1325.75
1460.62
1314.12
1494
1456.12
1539.5
1352
1333.62
1394.62
1153.12
1424.88
1371.75
1305.12
1079.38
1158.88
1223.75
1254
1339.75
1177
1381
1209.25
1319.38
1137.88
1521.5
1078.62
1140.75
1058.25
1143.25
1195.75
1268
1253.75
1365.62
1335.25
1412.12
1405.75
1413.75
1452.25
1490.12
1567
1353.25
1260.38
1465.25
1297
1339.38
1303.38
1352.38
1144.12
1246.5
1290.25
1363
1342.75
1285.38
1264.62
1362
1320.62
1405.5
1270.12
1349.5
1426.38
1363
1423.38
1319.38
1314.38
1168.75
1153.75
1189
1057.88
1100.12
1187
1352.38
1153.5
1336.88
1429.62
1273.5
1316.12
1469.12
1308.5
1348
1435.38
1535.5
1364.62
1404
1357.38
1427
1327.75
1448
1200.12
1430
1468.5
1415.62
1232.5
1344.12
1456.62
1359.75
1455.88
1400
1395.75
1426
1472.25
1378.88
1322.75
1237.25
1323.88
1251.12
1293.88
1446.5
1497.5
1400
1321.25
1207.62
1189.62
1144.88
1276
1254.12
1367.25
1175.62
1368
1162.38
1479.12
1247.88
1364.88
1521.5
1287.88
1360.38
1354.88
1441.38
1347.62
1297.62
1357.38
1330
1239.75
1273.75
1296.38
1216.88
1276.75
1256.38
1187
1263.88
1175.88
1362.38
1369.25
1200.75
1185.62
1190.12
1198
1256.38
1160.25
1131.62
1226.12
1387.25
1398.12
1130.88
1317.12
1221.62
1379.75
1344.88
1228.62
1295.12
1143
1208.12
1280.38
1252.62
1328
1369.75
1314
1182.75
1317
1264.38
1291.5
1269.5
1386.25
1338.25
1191.12
1278.5
1238.62
1169.88
1364.12
1385
1274.5
1480.5
1217.38
1279.38
1427.25
1264
1225.38
1305.88
1429.75
1501
1319.5
1351.25
1304.75
1331.62
1283.62
1403.38
1260
1477
1212.62
1295.75
1384.38
1326
1289.25
1392.25
1559.25
1304.88
1438.38
1489.12
1258.12
1410.38
1339.25
1368
1649.88
1599.25
1323.75
1236.38
1520.38
1325.75
1505.62
1481.5
1153.5
1328.25
1251.75
1209
1241.88
1270.88
1178.75
1248.25
1205.62
1286
1292.12
1119.5
975.62
1145
1172.5
1249.62
1269.88
1129.25
1132
1082.5
1235.88
1215.38
1350.88
1262.88
1308.25
1260.12
1186.62
1310.38
1162.88
1255.75
1283.62
1382.75
1274.25
1314.88
1063.75
1137.88
1170.38
1249.62
1166.25
1141.88
1119.75
1191.12
1230.25
1131.5
1183.38
1140.5
1391.5
1199.62
1086.62
1327
1326.38
1295.75
1187.88
1300.62
1114.88
1262.5
1378
1369.88
1134.25
1173.75
1231
1422
1222.38
1316.88
1337.12
1313.38
1178
1095.62
1203.25
1096.25
1013.88
1108.5
1197.38
1135.75
1194.38
1258.12
1101.88
1044.62
1103
1141.75
1216
1050.12
1090.38
1147.88
1124.25
1013.38
1154.88
1090.12
1292.5
1480.38
1429
1221.62
1131.75
1260
1417.25
1275.62
1259.88
1250.38
1241.12
1250.38
1274.75
1361.25
1378
1332.75
1411.88
1247.12
1246.88
1270.62
1282.88
1389.5
1442.62
1269.62
1170.12
1334.38
1322.62
1288.12
1053.38
1155.12
1417.38
1290.75
1318
1234.62
1145.62
1018.62
1290
1155
1199
1206
1206.88
1180.5
1084
1147
1255.12
1362.5
1321.88
1374.62
1365.25
1299.12
1492.12
1339.12
1446.75
1421.88
1329.75
1453
1398
1540.5
1495.75
1605.5
1467.25
1598.62
1430.5
1572.88
1447.38
1504
1300.12
1523.62
1381.62
1353.62
1370
1229.75
1201.75
1225.88
1468.5
1320.25
1255.75
1268.12
1321.12
1235.5
1302.5
1276.88
1088
1372.25
1347.5
1285.38
1474.25
1268.38
1430.62
1198
1281.5
1318.75
1332.38
1351.88
1294.75
1437.62
1130.5
1383.12
1346
1186.62
1316.38
1296.62
1316.38
1243.38
1237
1233.5
1408
1363.88
1341
1288.75
1361.75
1156.75
1302
1255.5
1018.25
1108.5
1016.62
1313.25
1172.25
1217
1210.12
1238.5
1392.88
1456.12
1301.62
1362
1271.12
1536.88
1278.12
1380.75
1308.12
1151.25
1340.25
1182.25
1216
1284.88
1305
1373.75
1203.88
1282.75
1281.75
1227.12
1455.25
1395.25
1255
1451
1365.38