0.1496724
0.1786666
0.1688438
0.1295596
0.1432569
0.1407421
0.1452687
0.1647927
0.1649288
0.1607983
0.1911101
0.1636786
0.1618778
0.1775385
0.1688779
0.1697458
0.1829292
0.1508638
0.1692607
0.1675308
0.1721352
0.1659485
0.1801081
0.1847669
0.1966444
0.1983771
0.1903291
0.1935783
0.173637
0.1788349
0.188139
0.1689566
0.1874362
0.1751234
0.1405194
0.1541302
0.1428471
0.2099055
0.2399528
0.1412503
0.1791036
0.1687952
0.1310084
0.1608351
0.1162097
0.1570829
0.1496992
0.1475611
0.1507749
0.1498673
0.1544215
0.156075
0.1462941
0.1271795
0.1218085
0.1553512
0.1326632
0.1473824
0.1383757
0.1556366
0.1566589
0.1840055
0.2070414
0.2185544
0.1589477
0.1624309
0.1640009
0.1621896
0.1674641
0.1345627
0.1813044
0.2019512
0.2115589
0.2061738
0.2227057
0.2222811
0.2131115
0.195993
0.19821
0.2002011
0.2088719
0.1272504
0.1252139
0.1440874
0.1620773
0.1486212
0.1395102
0.1550167
0.1621348
0.1395159
0.1297466
0.1575927
0.1703591
0.1342279
0.1709495
0.1789993
0.2029518
0.1637267
0.1764202
0.1832964
0.1785785
0.1723464
0.186082
0.1798402
0.1787058
0.1782441
0.1741678
0.1910715
0.1808851
0.1660353
0.1821232
0.1574938
0.1728195
0.1751047
0.1838619
0.1884819
0.1863878
0.1564819
0.1721261
0.1437659
0.1593911
0.1598016
0.14381
0.1566405
0.2003998
0.1988871
0.1930482
0.2065959
0.1610721
0.2118572
0.2096041
0.153871
0.1877311
0.1711333
0.1728494
0.1766002
0.1294808
0.1436041
0.1621133
0.1547046
0.1601073
0.1480875
0.1240108
0.1691847
0.1425504
0.1346033
0.1476965
0.1640282
0.1350589
0.1312527
0.1340277
0.1269242
0.1361054
0.1627919
0.128334
0.1346874
0.1608047
0.1460188
0.132639
0.1421171
0.1496752
0.1644063
0.1393658
0.1692089
0.1765172
0.1708796
0.1550538
0.1726115
0.1820517
0.1765024
0.179614
0.1673499
0.1878448
0.1544872
0.1478459
0.1436122
0.1529781
0.139681
0.1611801
0.1336464
0.1565529
0.1641836
0.1493774
0.1501012
0.1588785
0.1759385
0.1663754
0.1716865
0.171149
0.146451
0.1522099
0.1543478
0.1421681
0.1388578
0.1348462
0.1714352
0.1676702
0.156289
0.1780727
0.1658031
0.1642003
0.1840176
0.1572273
0.1718547
0.1559415
0.1907122
0.1742326
0.204283
0.1969371
0.2092456
0.1772899
0.176487
0.1714576
0.160177
0.1998134
0.1860721
0.1791289
0.1856219
0.206098
0.1678357
0.1798374
0.1673779
0.1749497
0.1558683
0.1677671
0.1484474
0.1470551
0.1558526
0.1457193
0.1665201
0.1381807
0.1246842
0.1406241
0.1266251
0.134357
0.1263755
0.1630398
0.1641986
0.1476533
0.1305469
0.1562384
0.1856306
0.1994208
0.1675294
0.1583323
0.2003125
0.1671425
0.1643663
0.1743289
0.1852425
0.1929896
0.166219
0.1684762
0.1768597
0.1754784
0.1824814
0.1986021
0.1657189
0.1599865
0.1420727
0.1439364
0.1357697
0.1178839
0.1263267
0.129791
0.1241516
0.1320437
0.114038
0.1209213
0.1389061
0.1132556
0.1151312
0.1231831
0.1249074
0.125376
0.1374401
0.1186635
0.1432522
0.135971
0.1492183
0.1255058
0.1442691
0.1332299
0.1355848
0.1452587
0.1408444
0.1329815
0.145345
0.1394454
0.1271476
0.1204089
0.1246154
0.1186579
0.1319058
0.1429421
0.1418779
0.1320901
0.1484376
0.1308435
0.1397568
0.1409629
0.1446464
0.1648025
0.1449853
0.1628714
0.1594854
0.1562471
0.1473865
0.1363496
0.1418274
0.1335872
0.1382081
0.1328218
0.1343822
0.1391169
0.1584103
0.1559974
0.1701456
0.1285975
0.1473504
0.1574217
0.1620018
0.1524888
0.1361571
0.1467897
0.139096
0.1582368
0.1726097
0.1606982
0.1589778
0.168471
0.1503451
0.1557488
0.1471877
0.154459
0.1436328
0.1471799
0.1614833
0.1503794
0.1300145
0.1786778
0.1451701
0.1560757
0.1472508
0.134479
0.1625173
0.1449289
0.132371
0.1406606
0.1356467
0.1477885
0.1438372
0.1663719
0.1565226
0.1520518
0.1370558
0.1475105
0.1511401
0.1558864
0.1536297
0.1333802
0.1669207
0.1633047
0.1680594
0.1743433
0.161742
0.1828069
0.1417653
0.153759
0.1315268
0.1264844
0.1485184
0.1783942
0.1441465
0.1390606
0.1501944
0.1444599
0.1580152
0.1605211
0.1359051
0.1573495
0.1492947
0.1534726
0.1606121
0.1409918
0.1478874
0.1271794
0.1481704
0.1391004
0.162736
0.1632184
0.1796432
0.1846374
0.1925131
0.1864094
0.2012882
0.1877512
0.208695
0.1824433
0.183101
0.2120224
0.1831436
0.2109673
0.21753
0.2384924
0.1953725
0.1969766
0.1992153
0.1930993
0.1973266
0.2107057
0.1973644
0.1844485
0.1516888
0.1839676
0.1729555
0.1687884
0.1448605
0.1278134
0.1431073
0.1457062
0.1636078
0.1593073
0.1576392
0.1420009
0.1520932
0.1456534
0.1445665
0.1425218
0.1234514
0.1418971
0.1196317
0.1306699
0.1448019
0.1540979
0.1665394
0.1760413
0.1701224
0.1693079
0.1675671
0.1622031
0.1758511
0.1841975
0.1712688
0.1669384
0.1735454
0.1619325
0.1637111
0.2029926
0.168233
0.1766477
0.1549433
0.1719189
0.1557438
0.1510434
0.1733101
0.1318962
0.1432837
0.1582409
0.1641982
0.139106
0.1473775
0.139603
0.1784349
0.1984884
0.1885203
0.1777976
0.1897634
0.1886492
0.1725167
0.1557621
0.1689335
0.1619175
0.1733372
0.1710946
0.1669351
0.1801204
0.1566874
0.1470529
0.1437578
0.1694964
0.1557915
0.1369804
0.1546381
0.1659418
0.1516943
0.1441279
0.1687545
0.1791641
0.1749762
0.1878091
0.1980187
0.1710382
0.2043737
0.1892649
0.2366943
0.1940346
0.225155
0.2388174
0.2233998
0.2144051
0.1853391
0.1904154
0.1867795
0.1734853
0.1579569
0.1867596
0.1840156
0.1605797
0.1825974
0.1744261
0.1665758
0.1493531
0.1509113
0.1437374
0.1499977
0.1673182
0.1581984
0.1530344
0.1583236
0.1594116
0.1708671
0.1509568
0.2053061
0.1571215
0.1553117
0.1600546
0.1458834
0.1424646
0.1835045
0.1699494
0.1929893
0.1409771
0.198822
0.1678577
0.1890099
0.1573487
0.1797105
0.2270375
0.1829585
0.151959
0.1698407
0.1653547
0.1807813
0.1843919
0.1741059
0.1610152
0.1817485
0.1582472
0.1523973
0.1477194
0.1667667
0.1632278
0.1771502
0.1475453
0.1661402
0.1531653
0.1556958
0.142454
0.140387
0.129514
0.1508173
0.1393866
0.1403472
0.1551845
0.1853405
0.1621771
0.1563959
0.1455649
0.1296269
0.1605944
0.1543062
0.1616965
0.1446244
0.1438763
0.1332161
0.1508802
0.1452228
0.1458701
0.1886711
0.1616461
0.196567
0.1757942
0.1725845
0.1587711
0.1808926
0.1674301
0.1495029
0.1865562
0.1703921
0.1555361
0.1955157
0.1683138
0.1561615
0.1760003
0.1830289
0.1790186
0.1991203
0.2055631
0.1967996
0.2321781
0.2189842
0.1711519
0.1632996
0.1610815
0.1607946
0.1439807
0.1734508
0.1633314
0.1734718
0.1819483
0.154798
0.1801209
0.164828
0.1845479
0.1659099
0.1850605
0.1723104
0.1490505
0.1825593
0.1693875
0.1611009
0.2178478
0.2196046
0.2144387
0.1595785
0.1937467
0.1792569
0.2116126
0.2007422
0.1795047
0.18572
0.2039541
0.1848297
0.1933306
0.1457236
0.1994132
0.1829697
0.1841839
0.1757281
0.1865963
0.1764813
0.155086
0.1891447
0.1643257
0.1919601
0.1614489
0.1762313
0.182908
0.1554579
0.1560965
0.1816577
0.1755997
0.1857001
0.1590459
0.1532496
0.2335872
0.1893439
0.1807596
0.1862359
0.1955204
0.1630912
0.2016273
0.1821878
0.1654615
0.1689105
0.2113972
0.192648
0.202061
0.1631701
0.1747079
0.1901193
0.1730337
0.1825542
0.1869785
0.1479625
0.1803418
0.162822
0.1636287
0.1790317
0.2055882
0.1864463
0.168884
0.1853588
0.1662745
0.2239685
0.2032168
0.2023751
0.1964851
0.1762335
0.1612692
0.1684702
0.187145
0.1942408
0.2079978
0.1884572
0.1924521
0.195278
0.1985639
0.2024242
0.1803222
0.1625042
0.2122813
0.2094183
0.2343298
0.2167515
0.2157889
0.2226015
0.2223631
0.2369967
0.1929935
0.20768
0.2286109
0.1999369
0.2120377
0.1842321
0.2149208
0.1858682
0.2155087
0.2191245
0.2293936
0.2480414
0.2438372
0.2512644
0.2139482
0.2004626
0.1665695
0.1925057
0.1713497
0.1666246
0.1892993
0.1879001
0.1901956
0.1744763
0.1763073
0.2080245
0.2019181
0.1608965
0.1925932
0.1714635
0.2071442
0.1651887
0.1799609
0.1797995
0.1867626
0.1894615
0.1938583
0.1922157
0.2135573
0.1865283
0.2249821
0.2154404
0.2194925
0.1937433
0.2107602
0.1749683
0.1765894
0.2062901
0.2272965
0.2151853
0.208496
0.2037907
0.1940346
0.2206151
0.2063871
0.1839838
0.1919332
0.2112015
0.2034019
0.1918742
0.1883113
0.2059339
0.1871262
0.1874584
0.1961184
0.1875245
0.2097283
0.2090278
0.1887607
0.1841682
0.1852026
0.1844136
0.1802121
0.1969612
0.1865778
0.1998721
0.1821901
0.1627901
0.1761577
0.1788257
0.1839877
0.1796324
0.1572898
0.1828108
0.2041422
0.2080778
0.1895523
0.2046812
0.180696
0.1732264
0.1901229
0.202827
0.1879
0.1981009
0.2030382
0.1982533
0.1830275
0.1815831
0.1605717
0.1940415
0.1878164
0.1656973
0.1864472
0.1829935
0.1737977
0.1823685
0.1827306
0.1864724
0.170388
0.1767315
0.1614444
0.1783973
0.1671177
0.1662237
0.1708237
0.1720187
0.1656785
0.1836034
0.1975344
0.1997812
0.211472
0.1867518
0.1816397
0.2063738
0.2348553
0.2331503
0.2248348
0.226657
0.1826001
0.2192232
0.2108727
0.1928231
0.1944143
0.2015659
0.2092218
0.1904389
0.2125062
0.2062169
0.206204
0.1852483
0.1961005
0.2043246
0.1808356
0.1718597
0.1906151
0.1912871
0.1888145
0.1943612
0.2083459
0.2073348
0.1977163
0.1531668
0.1701272
0.1833698
0.1541205
0.1789374
0.18737
0.1569135
0.1953016
0.1666922
0.1717661
0.1722536
0.1645952
0.1782173
0.1642274
0.1542107
0.1700894
0.1606084
0.1638772
0.1649633
0.1671765
0.1519223
0.1578804
0.1700363
0.1735237
0.1532574
0.1719607
0.1817967
0.1485491
0.1875629
0.1586198
0.1642694
0.1555844
0.1707606
0.1466104
0.1625776
0.1437805
0.1545473
0.1520813
0.1672666
0.1709506
0.1576333
0.1610466
0.1703364
0.1559964
0.1602292
0.1605066
0.1838049
0.1847289
0.1730407
0.1793774
0.1629485
0.1736197
0.1924062
0.1474985
0.1605128
0.1742604
0.1845638
0.2023805
0.1873091
0.1801217
0.213688
0.181125
0.2142341
0.186353
0.238792
0.2296032
0.1910028
0.2119674
0.1765909
0.1619443
0.1581799
0.1878786
0.1887242
0.1884195
0.1735715
0.1945229
0.2022509
0.177831
0.1770122
0.2038859
0.1852333
0.2278724
0.1727707
0.2000677
0.2035149
0.1998769
0.2508175
0.1746464
0.2058505
0.1804415
0.2014814
0.1843862
0.1638876
0.1625824
0.1913343
0.1889504
0.1979055
0.1848509
0.1891281
0.182505
0.2202591
0.1933769
0.2014461
0.1891335
0.190802
0.1793614
0.2357269
0.2063109
0.2306237
0.1955664
0.2252659
0.2163954
0.196956
0.2066091
0.1994808
0.1790271
0.1772788
0.2005266
0.2001737
0.1824176
0.1832525
0.1955512
0.1744843
0.1693963
0.170774
0.1757718
0.1679087
0.1775977
0.1829389
0.1782574
0.1851632
0.214611
0.1768637
0.1807632
0.2053644
0.1728198
0.1770004
0.1858549
0.1924313
0.1803397
0.1919524
0.1997501
0.2592866
0.2360395
0.2265269
0.2073429
0.186305
0.2183717
0.2074794
0.2066985
0.225502
0.2193437
0.1992223
0.1485472
0.1762888
0.1724746
0.1714643
0.1781332
0.1781788
0.1953712
0.1990816
0.2056596
0.1747377
0.1967588
0.2217454
0.1577233
0.1905165
0.1564761
0.1753043
0.1649692
0.1749955
0.1968967
0.195977
0.1816737
0.1959536
0.1982853
0.2169564
0.2189057
0.1848455
0.2310289
0.19702
0.207429
0.2176934
0.2145697
0.2161717
0.2298562
0.2285218
0.2140923
0.2110483
0.2238086
0.2218842
0.234185
0.2296606
0.2298251
0.2245459
0.2260252
0.2064367
0.2252867
0.2351563
0.2122465
0.189695
0.1769523
0.2085305
0.1911399
0.2005983
0.2033383
0.1841661
0.1754995
0.187363
0.2030589
0.2199854
0.1886158
0.2064953
0.2019058
0.1977388
0.1800513
0.1735964
0.1826275
0.1671477
0.2009631
0.1741731
0.2105476
0.2147817
0.1616147
0.1715006
0.1780581
0.215174
0.1550376
0.1828254
0.1719632
0.1866238
0.1760863
0.1966836
0.192123
0.1512899
0.1657804
0.1610116
0.1699694
0.1980318
0.1761034
0.2026206
0.1867859
0.199644
0.2116319
0.1750402
0.2083741
0.179266
0.2075306
0.209229
0.2030676
0.2018518
0.1858083
0.1948789
0.1988017
0.1945121
0.1821767
0.2266023
0.2088697
0.2251826
0.1885737
0.1553273
0.1696325
0.1721528
0.1869441
0.2009529
0.193337
0.1647571
0.216027
0.1694665
0.1829728
0.1768308
0.1839807
0.1993892
0.1498463
0.1731449
0.1490932
0.1794619
0.1785324
0.1570854
0.1777106
0.208774
0.17843
0.1963234
0.2047864
0.192282
0.1801379
0.1961061
0.1814638
0.1740642
0.2102338
0.188207
0.1800753
0.1588872
0.1571135
0.166526
0.1778996
0.1780235
0.1757232
0.1959175
0.191123
0.1853061
0.1666895
0.1563716
0.1535093
0.1724952
0.1520487
0.1371703
0.1713557
0.1781138
0.1706979
0.1531462
0.1673136
0.1665911
0.1580316
0.1651693
0.1482107
0.1752013
0.1597835
0.1539922
0.1562283
0.1442196
0.1618927
0.1563939
0.1601407
0.1599234
0.1553168
0.1505296
0.1534396
0.1482081
0.1643709
0.1615728
0.162152
0.1693109
0.1560442
0.1481404
0.1612407
0.1580082
0.1472657
0.1294372
0.1498867
0.1524655
0.1449986
0.1404743
0.1507601
0.1643967
0.1419424
0.1539388
0.1359589
0.1620205
0.1708986
0.1411962
0.135039
0.1509717
0.1464961
0.1291732
0.1536338
0.1419246
0.1518949
0.1381684
0.1422864
0.1576815
0.1494277
0.1672912
0.1462598
0.1557467
0.1595894
0.1532015
0.1520956
0.1637207
0.1574168
0.1735418
0.1631109
0.1842676
0.1648745
0.1734291
0.1849383
0.1520929
0.1816198
0.1748453
0.174305
0.1537575
0.1528018
0.1561208
0.1525602
0.1479807
0.163335
0.1304714
0.1365764
0.1613168
0.1495658
0.1805562
0.1527165
0.1529552
0.1454922
0.1536268
0.1455371
0.1383637
0.1520896
0.1620602
0.1565443
0.1266521
0.130226
0.1563489
0.1569242
0.1772518
0.1733138
0.1417559
0.1618166
0.187522
0.167083
0.1452014
0.1709998
0.1682742
0.1705606
0.1762537
0.1667297
0.1641912
0.1488182
0.1471213
0.1599958
0.1486304
0.1725935
0.1461501
0.1391046
0.1518926
0.1530268
0.1498361
0.1524869
0.1604988
0.1517161
0.17056
0.162083
0.1422061
0.1547623
0.1514652
0.1456316
0.1525075
0.1441418
0.1411064
0.1532106
0.1452482
0.1658399
0.1493688
0.1627041
0.1502223
0.1421694
0.1640446
0.1442851
0.1446969
0.1368746
0.1292983
0.1378981
0.145818
0.1700175
0.1514857
0.1660998
0.161685
0.1611893
0.1669472
0.1621143
0.1813831
0.187433
0.1765512
0.1785145
0.1810304
0.1697847
0.1735804
0.1439943
0.1677523
0.1750157
0.1773463
0.1463972
0.1364633
0.1542854
0.1720893
0.1636085
0.1543805
0.1513572
0.1663331
0.1607559
0.1469056
0.1596129
0.1402848
0.1472104
0.1686285
0.1524844
0.1626783
0.1421815
0.1378394
0.1396185
0.1769134
0.1526492
0.1549557
0.1598141
0.1375736
0.1620421
0.1824405
0.1909742
0.1610701
0.1614031
0.1699754
0.1655822
0.1648069
0.1640117
0.1417632
0.1495488
0.1611543
0.1426704
0.1625434
0.1540431
0.1518342
0.1404975
0.1495589
0.1505226
0.1499319
0.1506996
0.1666921
0.1502802
0.1455634
0.1550815
0.1581167
0.1714352
0.1374153
0.1345939
0.1400803
0.1465399
0.1340396
0.1447995
0.1608
0.1457439
0.1775327
0.1761866
0.1615361
0.1550099
0.1457112
0.133943
0.1311711
0.1640685
0.1288493
0.1457028
0.1383094
0.1290554
0.1452596
0.139521
0.1387186
0.1453967
0.1464221
0.1591242
0.1251508
0.1372133
0.1680292
0.1582042
0.1448391
0.1348169
0.1767187
0.1529767
0.1427621
0.1754422
0.147186
0.1516451
0.1426623
0.1506713
0.1820844
0.1668524
0.1749557
0.1675357
0.1379943
0.1391838
0.1571134
0.1675136
0.1778114
0.1657402
0.144906
0.1584526
0.1736171
0.1733915
0.1680604
0.1417092
0.161544
0.1659441
0.1850256
0.1625272
0.1593435
0.1642942
0.1716143
0.1511193
0.141773
0.1566286
0.1585115
0.1482068
0.1455588
0.1361775
0.1442448
0.1412089
0.1386468
0.1409854
0.131464
0.1584838
0.1754366
0.1741284
0.2068603
0.1407908
0.1643928
0.141887
0.1697226
0.1529893
0.1785296
0.1471878
0.1620828
0.1457494
0.1653642
0.1791205
0.1530997
0.1487297
0.1693474
0.1721715
0.1504975
0.1688202
0.1516442
0.1399402
0.1504771
0.1566637
0.1605547
0.1722743
0.1642463
0.1519271
0.1421282
0.1405478
0.1395598
0.1418535
0.1465074
0.1758234
0.1473156
0.1343513
0.1625541
0.1559177
0.1615175
0.1669075
0.1651471
0.1543154
0.1340798
0.1402522
0.1388331
0.1560376
0.1389637
0.1420349
0.1535302
0.1585208
0.1482405
0.1597874
0.1629189
0.1584712
0.171149
0.1779771
0.1625735
0.1376039
0.1813883
0.1624326
0.1354503
0.1623894
0.146858
0.1208544
0.1379878
0.1828876
0.1672713
0.1748982
0.1949957
0.184909
0.194971
0.1827751
0.1925649
0.1725349
0.168106
0.1642497
0.1544969
0.1567208
0.170314
0.1745637
0.1789926
0.1970978
0.1704608
0.1660598
0.140479
0.1799045
0.1571731
0.1381233
0.1609384
0.148051
0.1807768
0.1598035
0.1724647
0.1839874
0.1935807
0.1935897
0.1494587
0.172604
0.1562924
0.1598928
0.1535839
0.1411444
0.1123873
0.1292944
0.1281336
0.1473957
0.145784
0.1341073
0.1491511
0.145282
0.1602423
0.1556337
0.1682123
0.1521399
0.160196
0.1331641
0.1683069
0.1952718
0.1534167
0.166401
0.1488057
0.1755378
0.1724444
0.1639949
0.1511008
0.1374189
0.1201744
0.158397
0.146359
0.1215321
0.1538363
0.1365249
0.1636359
0.1448728
0.1302082
0.1732169
0.1322014
0.1545756
0.144067
0.1744889
0.177569
0.1550081
0.1546312
0.1515814
0.1248158
0.1288077
0.1404005
0.1358729
0.1401184
0.1476479
0.1499528
0.1521317
0.1692901
0.1488181
0.14908
0.1295765
0.1393487
0.1340227
0.1288297
0.1598073
0.1654236
0.1657795
0.1454858
0.1433271
0.1535353
0.1455988
0.1669112
0.1526981
0.1561015
0.1367777
0.1708795
0.1545831
0.1463108
0.1893443
0.1660257
0.1566921
0.162631
0.1248894
0.1594004
0.1596848
0.1390942
0.1157586
0.1666
0.134556
0.1577024
0.1274491
0.1462157
0.1469482
0.1520879
0.1350884
0.1422125
0.1590167
0.1314629
0.1624018
0.1319334
0.1671896
0.1422733
0.1511678
0.1556121
0.1631495
0.1809461
0.1780746
0.1799398
0.1811469
0.1588655
0.2041209
0.1767737
0.1810539
0.155665
0.1795365
0.1859977
0.1632846
0.203542
0.197721
0.1780638
0.1688399
0.1950197
0.1917167
0.1979665
0.1826707
0.1740012
0.2055476
0.2065787
0.1673445
0.1961595
0.1644101
0.1757555
0.2107171
0.1805676
0.1740761
0.1557672
0.1684279
0.1752783
0.1805094
0.1770243
0.1968842
0.2150244
0.1908999
0.1550835
0.2059835
0.1708075
0.1950526
0.1746327
0.1686233
0.1788148
0.1528637
0.185257
0.1653162
0.1748155
0.1731554
0.1529608
0.1707081
0.166287
0.2152106
0.1802282
0.1967311
0.1676171
0.1598228
0.1417883
0.1679643
0.1882952
0.1858469
0.159689
0.1493766
0.1725066
0.1509108
0.1514179
0.1617625
0.1586468
0.1675211
0.1601853
0.1655271
0.1821254
0.1894635
0.1690124
0.1800226
0.1710667
0.173143
0.1702278
0.1674265
0.1709449
0.1817526
0.1651939
0.1702834
0.1626467
0.1695278
0.1853002
0.1735042
0.1820032
0.2015554
0.192733
0.1784302
0.1973577
0.1849386
0.1908725
0.1543619
0.1717629
0.1849861
0.1635676
0.1599918
0.1470468
0.1612339
0.1656911
0.1745427
0.1697111
0.1591036
0.1800128
0.1787661
0.1716837
0.1736979
0.1730922
0.1668629
0.1559896
0.1736041
0.1925096
0.1759502
0.1873206
0.1776587
0.1827776
0.1839219
0.1804981
0.1651778
0.1720152
0.1742378
0.1908161
0.1632728
0.1740325
0.2073169
0.1786554
0.1717821
0.1912627
0.2063419
0.1740358
0.1811601
0.18106
0.1752982
0.2019795
0.1842866
0.1850342
0.1592167
0.2090253
0.2054352
0.1953267
0.1840159
0.2039881
0.1853523
0.1519365
0.1825498
0.1849264
0.1584467
0.1795767
0.1710673
0.2017569
0.1949622
0.1921322
0.203376
0.1936712
0.2306285
0.1922403
0.1917062
0.1631043
0.1876534
0.182771
0.1577986
0.2149859
0.1866737
0.1834021
0.1943597
0.175369
0.1578072
0.160744
0.1552554
0.1677443
0.1802174
0.1843481
0.1800717
0.1948207
0.1596877
0.1618947
0.1443181
0.1445429
0.1631123
0.1502995
0.1570692
0.1759627
0.2020852
0.1640138
0.1919877
0.1944954
0.1742301
0.1625674
0.2032484
0.1783136
0.1966717
0.2006189
0.1938324
0.2263793
0.1846369
0.1726409
0.1610068
0.1490545
0.1821185
0.1324501
0.1925359
0.1666255
0.1245844
0.1486461
0.1251017
0.1468223
0.1565779
0.1535247
0.1555005
0.1463101
0.1616407
0.140917
0.1416186
0.1478803
0.1558855
0.1311728
0.1463189
0.1731802
0.1853455
0.1529649
0.1653126
0.1776244
0.1391376
0.1354239
0.1444366
0.1681128
0.1763315
0.206482
0.2145154
0.2031612
0.1886809
0.1690686
0.1685673
0.1635177
0.1691525
0.2017065
0.1849101
0.1937674
0.149593
0.1580943
0.189449
0.1730602
0.1892083
0.200167
0.1613289
0.1931997
0.1898929
0.2023888
0.1494409
0.1555099
0.1683704
0.1601357
0.1778387
0.1613984
0.1547423
0.2511457
0.2393296
0.2149962
0.1829751
0.1567333
0.1726199
0.1922953
0.2015367
0.2184173
0.1928044
0.1922886
0.1791085
0.1643447
0.1871735
0.1777891
0.1646422
0.1799028
0.1689124
0.1731148
0.1464068
0.2060642
0.1552303
0.1700553
0.1287837
0.1657259
0.1437157
0.1544324
0.140738
0.1633422
0.1518554
0.1555692
0.1625219
0.1747313
0.1672197
0.1889385
0.1720726
0.1443225
0.1744766
0.1498101
0.1584236
0.1481149
0.1652133
0.1492445
0.1663237
0.1507722
0.190517
0.1690887
0.1590705
0.1520983
0.1272291
0.142985
0.1440734
0.1288309
0.1567833
0.1473883
0.1519302
0.1727327
0.1850557
0.1570578
0.1748383
0.1450662
0.2135017
0.1884489
0.163681
0.1703903
0.177622
0.2210396
0.1756717
0.1600547
0.1719055
0.1570095
0.1535162
0.145865
0.1529842
0.1615579
0.1608358
0.1580341
0.1572035
0.1433495
0.1559036
0.1408011
0.1531816
0.123545
0.149497
0.1206471
0.1357278
0.1380123
0.1397972
0.1487992
0.1603531
0.1853561
0.1762566
0.1802806
0.1869903
0.2011356
0.1965701
0.2092593
0.1933369
0.1792229
0.1967528
0.1552927
0.1938776
0.1429981
0.1578152
0.1378159
0.1540466
0.1676137
0.1453812
0.1260719
0.1215417
0.1529036
0.1625634
0.1654264
0.1669618
0.1412275
0.1441505
0.137706
0.1560471
0.1572586
0.1485067
0.1372275
0.1463844
0.1256673
0.1466517
0.1491286
0.1290252
0.1394301
0.1699473
0.1686836
0.1670053
0.1697512
0.1536926
0.1569062
0.1420718
0.1594707
0.1445707
0.1434004
0.147033
0.1491365
0.1458762
0.170666
0.1953394
0.1865802
0.1952477
0.1917308
0.177984
0.1301908
0.1366584
0.1360406
0.1719941
0.1621087
0.1678651
0.1782719
0.131335
0.1410445
0.1511609
0.1477869
0.1621316
0.1738058
0.1616219
0.1343957
0.1485582
0.1332482
0.1368228
0.1524587
0.1426304
0.1739267
0.1965858
0.162769
0.1668386
0.1574226
0.1616208
0.1580434
0.1813461
0.1594004
0.1494254
0.1502632
0.1438058
0.1421806
0.1645065
0.1629388
0.1358167
0.1415948
0.1404154
0.1574295
0.1532186
0.1307633
0.1432798
0.1526806
0.1440007
0.1531178
0.1399168
0.1761691
0.1609261
0.1800162
0.1692992
0.1664885
0.1583847
0.1611431
0.1746624
0.1769224
0.1829216
0.1857279
0.1902637
0.1875428
0.1830339
0.1991367
0.1995909
0.1740522
0.1783695
0.1641483
0.1767848
0.156477
0.1497429
0.1367334
0.1793533
0.159137
0.2021713
0.1528049
0.1525519
0.1542672
0.130682
0.1365914
0.1571498
0.1537239
0.1590703
0.1781611
0.1372819
0.1424043
0.1585829
0.1327892
0.180053
0.1695713
0.1666948
0.1587473
0.1535753
0.1556922
0.1561327
0.1349425
0.1649691
0.1931514
0.1764824
0.131981
0.1473634
0.1579831
0.141861
0.1597133
0.1708817
0.1639598
0.1561571
0.154001
0.1612616
0.1507218
0.1693883
0.152401
0.1651187
0.1953513
0.1676346
0.1854945
0.1352863
0.1393377
0.1407816
0.1443045
0.1589841
0.1524494
0.1783208
0.1946134
0.1643913
0.1772207
0.1670383
0.1891925
0.1967432
0.1961297
0.19131
0.161756
0.1193128
0.148995
0.1553839
0.1669392
0.152999
0.1801691
0.1710915
0.1733539
0.1717886
0.1444475
0.1649848
0.1824171
0.1614311
0.1328394
0.1341587
0.139743
0.1483903
0.1396204
0.1285023
0.1442758
0.1554659
0.1693001
0.1552085
0.1472102
0.1773118
0.1860035
0.185899
0.2091874
0.1772244
0.2018512
0.198187
0.1823503
0.1616657
0.1520681
0.1629659
0.1744333
0.194013
0.1780003
0.1787776
0.1811243
0.1647735
0.1573284
0.1739648
0.1657935
0.1757598
0.182474
0.1942205
0.1956075
0.2049452
0.1747184
0.1728441
0.2046099
0.1952506
0.2227582
0.1804668
0.1900145
0.172201
0.1657385
0.1462762
0.1368727
0.1603225
0.1569109
0.1844913
0.1662116
0.1822299
0.1619833
0.149523
0.1543053
0.1681491
0.1842734
0.1801553
0.1613379
0.1871039
0.1701297
0.2030123
0.2043455
0.1717346
0.1920634
0.1823908
0.1730221
0.1946943
0.1828209
0.2017937
0.1737764
0.1989214
0.2051623
0.187166
0.1922565
0.152643
0.1901578
0.1793059
0.1762321
0.1809435
0.1753801
0.1828382
0.1666259
0.1415082
0.1712082
0.1700117
0.1540107
0.1986171
0.18196
0.1658872
0.1750073
0.1707698
0.1815704
0.1887715
0.1649799
0.1834123
0.1668364
0.1657707
0.176216
0.1854323
0.1793143
0.1579949
0.204705
0.1625267
0.1510903
0.1722817
0.150237
0.1536962
0.1741574
0.1450904
0.1672566
0.1542342
0.1492204
0.1558376
0.1840236
0.1509345
0.170805
0.1531002
0.1599859
0.1482643
0.1584088
0.1386814
0.1487488
0.1517024
0.1863583
0.1748904
0.1735319
0.1552618
0.1635248
0.1521687
0.1436727
0.1715028
0.1865621
0.1552228
0.1958588
0.1968637
0.2134744
0.150256
0.1799493
0.1631676
0.1771563
0.166421
0.196922
0.1818787
0.1817132
0.1795953
0.1911509
0.1766888
0.1969095
0.1667449
0.1661874
0.1737105
0.148159
0.1726678
0.1547221
0.1725888
0.1711271
0.1558672
0.1662201
0.1788941
0.1696671
0.1799899
0.1494882
0.1947433
0.1664513
0.1554517
0.151318
0.1629664
0.1516119
0.1522444
0.1483931
0.137254
0.1472467
0.1629514
0.1347392
0.1475459
0.1500601
0.151342
0.126984
0.1520723
0.1684938
0.1508634
0.1539803
0.1449202
0.1408092
0.1555413
0.1688433
0.157778
0.1808514
0.1627785
0.1407613
0.1658811
0.1830952
0.1593764
0.1790396
0.157256
0.1600175
0.1570835
0.1635455
0.1628063
0.1450484
0.1529818
0.1479917
0.1553575
0.1773461
0.1629128
0.1351795
0.130189
0.146746
0.1484784
0.1308137
0.1552677
0.1647383
0.1544107
0.167345
0.1582537
0.1449515
0.1604
0.1657266
0.1629147
0.1523577
0.1388485
0.165717
0.1548792
0.1367017
0.1765429
0.1394757
0.1318491
0.1448537
0.1624906
0.1620148
0.1816062
0.1456484
0.171834
0.1670143
0.1523154
0.1706862
0.1564343
0.1738333
0.1580585
0.1361339
0.1505413
0.1290192
0.1404642
0.1433935
0.1244276
0.1274495
0.1216331
0.1243318
0.139049
0.1303421
0.1164911
0.1368878
0.1630698
0.1451536
0.1462815
0.160331
0.1484913
0.134824
0.1498791
0.1591228
0.1429595
0.1211745
0.1468467
0.1404053
0.1356412
0.1374456
0.1954764
0.16276
0.1634465
0.1876516
0.1893763
0.175936
0.1794414
0.1931181
0.1742835
0.1446515
0.167223
0.175058
0.1743046
0.2004405
0.1663847
0.1710996
0.1600698
0.1674269
0.1413169
0.1404709
0.1513032
0.1829736
0.1473693
0.1238487
0.1600916
0.158054
0.160845
0.1411729
0.1574014
0.1557924
0.1683043
0.1504323
0.1659467
0.1641811
0.1493583
0.1748107
0.1620207
0.1717469
0.1553235
0.1710067
0.1468411
0.1510229
0.1547489
0.1547119
0.1358626
0.1307747
0.1608667
0.1595918
0.1497438
0.1493227
0.1766144
0.1771116
0.1572938
0.1715124
0.177966
0.1604511
0.159019
0.1797425
0.1736831
0.1756363
0.156429
0.144354
0.1751079
0.1646988
0.1709882
0.1701162
0.1235152
0.1669452
0.1560424
0.1586279
0.1931195
0.1457268
0.1653146
0.1465556
0.1777318
0.1580488
0.150075
0.1793381
0.1377482
0.1691119
0.1848563
0.1748899
0.1622408
0.1463009
0.1405394
0.1424809
0.2204028
0.2018646
0.2352043
0.2175756
0.1731091
0.1998237
0.1822132
0.2158
0.1918088
0.1817775
0.1820589
0.1783718
0.1516927
0.1826168
0.2210757
0.2026348
0.1757965
0.139862
0.1658509
0.1660718
0.1732167
0.1587214
0.1653933
0.179116
0.1824359
0.1928567
0.2161655
0.2109426
0.2047581
0.193375
0.2200659
0.1734977
0.2025165
0.1761412
0.1791221
0.183284
0.2020004
0.1668013
0.1787391
0.1877021
0.1924249
0.1422528
0.1597102
0.1267682
0.1536076
0.1730986
0.1584275
0.1647508
0.182565
0.1515558
0.1747067
0.1851003
0.1597971
0.185996
0.185904
0.1707001
0.1608195
0.1873512
0.1822777
0.1692569
0.1860223
0.1823195
0.1800701
0.1526798
0.1764514
0.2040752
0.1761636
0.181152
0.203196
0.2017442
0.1856842
0.182709
0.2004401
0.1969685
0.199474
0.1905367
0.2111181
0.1951619
0.1726258
0.201228
0.1909782
0.2014133
0.1835353
0.1883107
0.1626948
0.1929001
0.1747768
0.1772142
0.1783734
0.1858528
0.1698188
0.1972238
0.1978677
0.176061
0.197138
0.1766621
0.178363
0.188234
0.1980101
0.1891589
0.1869083
0.1700326
0.1975976
0.1677818
0.1647035
0.1770569
0.1980211
0.1972433
0.2259464
0.2034407
0.2056671
0.2055348
0.1650268
0.179381
0.2079397
0.1677609
0.209008
0.2235344
0.1974492
0.1790492
0.1782021
0.2033553
0.2103484
0.2274124
0.1822027
0.1907093
0.2093576
0.2012282
0.2251544
0.2405353
0.1762361
0.1803731
0.2018264
0.2219392
0.1967651
0.194997
0.1967004
0.2401779
0.1969557
0.2017731
0.2253638
0.1866481
0.1814398
0.1960454
0.226513
0.2297968
0.235007
0.2493377
0.2513019
0.2087183
0.2335571
0.2535439
0.230394
0.2267593
0.2383342
0.2366946
0.2349309
0.231312
0.2536202
0.2268628
0.2208151
0.2470838
0.2229779
0.2421048
0.2308358
0.2269988
0.1959329
0.183524
0.2016813
0.192647
0.1882768
0.2388787
0.1766823
0.1917423
0.1952284
0.1677819
0.2044754
0.2008958
0.1904424
0.2107818
0.1816707
0.1887912
0.2003842
0.1984372
0.1979599
0.1674751
0.1823233
0.1919845
0.2115245
0.2092355
0.1856866
0.1718782
0.1858847
0.1696812
0.1789237
0.2147834
0.2052091
0.2042504
0.2151345
0.1832018
0.2072386
0.1713618
0.1641648
0.2058338
0.1959839
0.2328536
0.1934699
0.1965446
0.2146158
0.224885
0.2040175
0.1996387
0.2225881
0.2369935
0.2420937
0.2488083
0.2475051
0.2113607
0.2020069
0.2562149
0.243326
0.2074507
0.2255796
0.1939943
0.2062284
0.181157
0.2274486
0.2143414
0.2001656
0.2228572
0.2286531
0.1962373
0.1959952
0.2231867
0.1948183
0.2306771
0.2361477
0.2337536
0.2259809
0.2421029
0.2525918
0.1839532
0.1817565
0.1973749
0.1681176
0.1792919
0.1915879
0.1912199
0.1943785
0.1866682
0.2122076
0.1795223
0.1986363
0.1806756
0.1898469
0.171921
0.1779413
0.1810684
0.1884111
0.1780116
0.2046418
0.231866
0.1994924
0.2133353
0.1778299
0.1979217
0.201697
0.2076823
0.1829841
0.2201531
0.1845803
0.1816529
0.2063194
0.2207449
0.2162258
0.2040721
0.2031024
0.2073748
0.2234624
0.2002251
0.1929403
0.1953016
0.1791376
0.1951251
0.2162544
0.221579
0.1760514
0.2153352
0.222075
0.2007513
0.192953
0.1563128
0.1711716
0.1544593
0.1609775
0.1832734
0.1791576
0.158308
0.1682311
0.1749271
0.1572706
0.1966056
0.1973377
0.1597459
0.182903
0.1967808
0.160561
0.16124
0.1527916
0.1667627
0.1755871
0.1419472
0.1452991
0.1465204
0.1616687
0.1970919
0.1890489
0.1761259
0.1683617
0.1449884
0.1716636
0.1728033
0.1790278
0.1661595
0.1834935
0.1798433
0.1884568
0.1519829
0.1920318
0.2005367
0.2409722
0.1690469
0.163399
0.160795
0.1530664
0.1897144
0.1899805
0.2133124
0.177211
0.2119195
0.1762168
0.1831874
0.1821864
0.1650133
