0.1754235
0.1733104
0.1921998
0.1731321
0.2068705
0.184159
0.2267568
0.1981751
0.177884
0.1924878
0.18704
0.1930156
0.1798922
0.1664637
0.1673612
0.1741158
0.1647484
0.1889495
0.1601747
0.1734682
0.2064376
0.1776835
0.177003
0.1690652
0.1714059
0.1673232
0.1937793
0.1899576
0.1812787
0.1775852
0.1513014
0.1998547
0.1629172
0.2003821
0.1989154
0.1973332
0.133736
0.1637765
0.1730483
0.1701155
0.1697954
0.1419095
0.1501928
0.1635372
0.1493441
0.1530618
0.1440375
0.1662307
0.1548672
0.1116314
0.1155302
0.1251139
0.1084767
0.1442039
0.1479619
0.1512926
0.1310176
0.1409391
0.136129
0.178324
0.1899385
0.1341365
0.1356809
0.1360756
0.119612
0.1176199
0.1185933
0.1117752
0.1278461
0.1483478
0.1385699
0.1471853
0.1218506
0.1642389
0.1340376
0.1423586
0.1257862
0.1302064
0.1562474
0.1249913
0.1367453
0.1700687
0.1848731
0.1801776
0.2114559
0.1639504
0.2054238
0.2210234
0.2035428
0.1818621
0.2009999
0.1415542
0.1981462
0.121848
0.1211541
0.1346551
0.1484753
0.133093
0.1616146
0.1519852
0.1509253
0.1384628
0.1262944
0.1689937
0.1221931
0.1370167
0.1267078
0.106713
0.1442462
0.1855687
0.1604418
0.1611306
0.1551236
0.1733661
0.1598142
0.1673244
0.203094
0.1222882
0.1691085
0.1509478
0.1540806
0.1213202
0.208644
0.164935
0.1749244
0.1801625
0.1552996
0.1931943
0.1704168
0.1616777
0.1801458
0.137972
0.158822
0.1438953
0.1578125
0.1648071
0.1571669
0.1677375
0.1551312
0.1524307
0.1704089
0.1555318
0.1578643
0.1577387
0.1796222
0.1409905
0.1613045
0.1770388
0.1834239
0.1811002
0.1685917
0.2132392
0.1992943
0.1943654
0.1806358
0.181295
0.1499219
0.1715984
0.1630935
0.2026742
0.1759788
0.1943142
0.1719232
0.2220789
0.182639
0.191663
0.1862317
0.1956325
0.1593492
0.1598215
0.171082
0.1789944
0.1420381
0.1766906
0.2364511
0.2009013
0.2037178
0.1514698
0.1815388
0.1595314
0.1548249
0.1580124
0.1440061
0.1763932
0.1638867
0.1493348
0.1454111
0.1561959
0.1487759
0.1646556
0.1611449
0.1079952
0.156297
0.1495332
0.1016243
0.1511563
0.1210249
0.110575
0.1332587
0.1405275
0.1528667
0.135468
0.1182581
0.1237024
0.1345979
0.1564834
0.1334201
0.1945928
0.0956705
0.1040207
0.1173587
0.129406
0.1208854
0.1394135
0.2253536
0.19239
0.217097
0.2169656
0.1863897
0.1782057
0.1939341
0.1981886
0.1811249
0.1613712
0.1618933
0.2289664
0.157312
0.1684965
0.160864
0.1628098
0.162717
0.1675542
0.1468874
0.1894593
0.1618199
0.1685965
0.1702383
0.2011284
0.1905922
0.1607317
0.1750634
0.1565531
0.1315755
0.1514646
0.1775657
0.178004
0.1698621
0.1824631
0.1829422
0.1786103
0.1795067
0.193798
0.1667862
0.1939638
0.1360721
0.162723
0.1577044
0.1477569
0.1313524
0.1718549
0.1596854
0.1994169
0.1812747
0.175988
0.1622346
0.1908456
0.1538414
0.1995697
0.1980728
0.1862453
0.1672874
0.1841216
0.1909475
0.1837529
0.1619398
0.1745369
0.1525179
0.1848712
0.2207496
0.2060176
0.1781963
0.1882817
0.2099736
0.1915785
0.1882357
0.185736
0.1751325
0.1698548
0.1822722
0.1647854
0.2123055
0.2042656
0.2268225
0.1698586
0.2067968
0.1615159
0.1509653
0.1405326
0.2061798
0.1717018
0.1698792
0.1633109
0.181881
0.1646371
0.2006537
0.1581215
0.1890738
0.1986262
0.1688847
0.1707672
0.1583318
0.1647206
0.1613996
0.1569115
0.1537449
0.1665298
0.1817281
0.1182963
0.1646144
0.1779041
0.1333186
0.1571068
0.1467453
0.1768801
0.1775942
0.1721833
0.1515516
0.1580794
0.131635
0.1482839
0.1650043
0.1515951
0.1451502
0.1387917
0.1397229
0.1297851
0.1323408
0.1585284
0.1481899
0.1708427
0.1326251
0.1359494
0.1497085
0.1388988
0.1585237
0.1303311
0.1145221
0.1139679
0.1461134
0.1717713
0.1441918
0.1507635
0.1545309
0.1434752
0.1397506
0.1411178
0.1407178
0.143814
0.1142901
0.1286267
0.1325986
0.1294473
0.1163721
0.1314891
0.1313731
0.1160087
0.1555285
0.1200539
0.1412058
0.1433969
0.1379938
0.1504665
0.114306
0.1273936
0.1430931
0.1285741
0.125501
0.1302697
0.1295326
0.1309775
0.1481124
0.1347491
0.1420147
0.130599
0.1643421
0.1737465
0.1688351
0.1314713
0.1250009
0.1556405
0.1580714
0.1491943
0.1460781
0.1100207
0.1662794
0.1599059
0.1348646
0.1502447
0.1743609
0.1785822
0.144646
0.1469995
0.1431739
0.1558202
0.131444
0.1202387
0.1469132
0.1553809
0.1604496
0.1413868
0.1633037
0.1686131
0.155971
0.1412849
0.154982
0.157067
0.1387867
0.1492224
0.1659453
0.1497501
0.1350691
0.1485518
0.1480804
0.157152
0.1468158
0.1702559
0.1487689
0.1449338
0.1513003
0.1500736
0.1469281
0.1466902
0.1475749
0.1392961
0.1410851
0.1668223
0.1507494
0.1256137
0.1586016
0.1468344
0.1379312
0.1534446
0.1602759
0.1658441
0.1477438
0.1516421
0.1156172
0.1220251
0.1328884
0.1257581
0.141182
0.1721537
0.162247
0.1540814
0.1615872
0.1516951
0.1603797
0.1476184
0.141735
0.135472
0.1403798
0.1287455
0.153763
0.163205
0.1509148
0.1492934
0.1508719
0.1346806
0.1380178
0.1265478
0.1269014
0.1140785
0.1223058
0.1398162
0.1679218
0.1570797
0.154287
0.1585894
0.1811977
0.1418812
0.1648319
0.1661471
0.1718917
0.1555174
0.1421921
0.1389906
0.1224453
0.1321912
0.1490795
0.142657
0.1415527
0.1409151
0.146391
0.1562337
0.1455535
0.1499506
0.1372037
0.1363257
0.1592903
0.146476
0.1329142
0.1457652
0.1267958
0.124719
0.154478
0.1492567
0.1404195
0.1227626
0.1171638
0.1441368
0.1391598
0.1378822
0.1510493
0.133516
0.1363464
0.1517827
0.1403128
0.1305184
0.1507744
0.1421013
0.1341056
0.1137323
0.1281698
0.1438347
0.1551964
0.1367664
0.1453696
0.1369227
0.1409271
0.1394407
0.1682364
0.150816
0.1322576
0.1671618
0.168562
0.1649174
0.1418565
0.1587956
0.1436211
0.1680346
0.1833205
0.194387
0.212465
0.2221468
0.1833318
0.187864
0.1873275
0.1976216
0.1845342
0.2216676
0.2046629
0.1888587
0.1776726
0.1750867
0.1998143
0.205081
0.1905906
0.1732524
0.1712935
0.1955899
0.2124461
0.2083894
0.2357037
0.2201583
0.2010042
0.1719903
0.2102656
0.1697212
0.1937361
0.1986354
0.2007926
0.1844525
0.1851435
0.2030178
0.2057766
0.1998663
0.1857993
0.1948281
0.2095441
0.1367335
0.1659003
0.1562634
0.1491531
0.162389
0.1468434
0.1494963
0.1680624
0.1572418
0.1456125
0.1602274
0.1515852
0.1636906
0.1392745
0.1406079
0.189364
0.149213
0.1540908
0.1682399
0.1533028
0.1487646
0.1658639
0.1561403
0.1523227
0.1603107
0.1718163
0.1541735
0.1448013
0.1781041
0.1833587
0.1527529
0.1431399
0.1630891
0.1566655
0.1665335
0.1667266
0.1413346
0.1498074
0.1756401
0.1964195
0.1564033
0.1572556
0.1389289
0.1657809
0.1640535
0.1612654
0.1466981
0.1789131
0.1509998
0.1720716
0.1821111
0.1796015
0.220298
0.214754
0.2441249
0.2234673
0.2310933
0.2320189
0.2308932
0.2166796
0.2317156
0.2188727
0.186565
0.1627047
0.1465337
0.1429449
0.1451316
0.1700958
0.2061677
0.1718648
0.1772442
0.1826294
0.1742966
0.1774173
0.1797312
0.1761474
0.1635372
0.1481152
0.1708885
0.1812966
0.1768637
0.1690416
0.1612809
0.1685044
0.1652316
0.1443948
0.1921292
0.1759486
0.1641733
0.1597652
0.1782929
0.162292
0.165965
0.1910854
0.1635736
0.1871735
0.1828133
0.1442097
0.1624151
0.1576055
0.1725164
0.1695941
0.1554304
0.1669411
0.1673436
0.1972149
0.1569827
0.1576736
0.1488543
0.1398183
0.1589553
0.1452142
0.1636015
0.1522062
0.1832824
0.1379155
0.138526
0.1842
0.1812155
0.1603924
0.1427508
0.1584557
0.1546988
0.1478579
0.1505586
0.1371412
0.1395815
0.1657317
0.1541145
0.1517474
0.1497632
0.1693447
0.1748616
0.1772967
0.1927276
0.1588819
0.1933134
0.1435864
0.1886748
0.1626153
0.1769771
0.1883321
0.1981504
0.175552
0.178747
0.1702094
0.1887399
0.162566
0.1587684
0.1820692
0.1467245
0.1709744
0.1788296
0.1466846
0.1512414
0.1697382
0.1764529
0.1664902
0.1504065
0.1807336
0.1711724
0.1700885
0.1978249
0.1626826
0.1583811
0.2020002
0.1899606
0.1633755
0.146381
0.1775491
0.1574148
0.2039637
0.1722182
0.1800903
0.1939102
0.1622774
0.168609
0.1964824
0.1754802
0.1781261
0.1873053
0.1752792
0.1575514
0.1598974
0.1389239
0.174145
0.159499
0.1569986
0.1443781
0.1591201
0.1462312
0.1547523
0.1840758
0.1665827
0.1558418
0.1762128
0.1557758
0.1671538
0.1449955
0.1478426
0.1746447
0.1810665
0.1773611
0.1953821
0.1690096
0.1843618
0.1673952
0.1745688
0.1882765
0.1805228
0.1547986
0.1777551
0.198266
0.2020464
0.1969589
0.2113794
0.1852735
0.1772612
0.2537398
0.2202964
0.2350183
0.2195916
0.1830287
0.1825035
0.2012551
0.1774743
0.1562266
0.1908287
0.1918343
0.164434
0.1527695
0.1531802
0.1662523
0.1841021
0.1838154
0.1767655
0.1775623
0.1701443
0.1544689
0.1697273
0.1742643
0.1699275
0.1561648
0.168815
0.1543017
0.1558174
0.1432861
0.143491
0.1726971
0.1738527
0.1754522
0.1651877
0.1771955
0.1648668
0.1726219
0.1640379
0.165541
0.1460869
0.184102
0.1553814
0.1578696
0.1400307
0.1519328
0.1571386
0.1374192
0.1485377
0.166181
0.1626888
0.1769837
0.1413132
0.1517227
0.1667549
0.1580123
0.1610096
0.1578366
0.1680237
0.1568752
0.1976992
0.1614453
0.1863187
0.1919262
0.1993281
0.1918108
0.1898238
0.1968598
0.1898234
0.1986848
0.2078419
0.2211442
0.1366986
0.1311386
0.1614429
0.1657077
0.1474873
0.1596769
0.154042
0.1590683
0.1581365
0.1451588
0.1419354
0.1817638
0.1495489
0.1547784
0.1474104
0.1572897
0.1513367
0.1625535
0.159668
0.1746903
0.179804
0.1573368
0.1734148
0.1523652
0.1101518
0.1408446
0.1581125
0.1321396
0.1358608
0.1421973
0.1302825
0.1119274
0.1432205
0.119693
0.1606594
0.1480477
0.1455812
0.1577016
0.1268653
0.1415955
0.149383
0.1168922
0.1340417
0.1567835
0.1511913
0.1285391
0.143621
0.1555615
0.1577405
0.1630238
0.1688384
0.1774785
0.1517804
0.1553545
0.1643071
0.185351
0.1427528
0.1625692
0.1554707
0.1504569
0.1708445
0.1902984
0.1611519
0.1413587
0.150616
0.1553473
0.1658082
0.1527788
0.1736804
0.1702496
0.1711262
0.1680212
0.1841771
0.1790907
0.1552883
0.1646134
0.1391848
0.1569862
0.1361612
0.1849922
0.1450507
0.172705
0.1462716
0.1391851
0.1518402
0.1414872
0.1628762
0.1864858
0.1664822
0.1794466
0.160793
0.144849
0.1699508
0.146563
0.1747916
0.1559337
0.1418973
0.1487302
0.1325511
0.1615043
0.1414507
0.1481632
0.1507842
0.144559
0.1524277
0.1377889
0.1311506
0.1403797
0.1761457
0.1688704
0.1677861
0.1530255
0.1615979
0.1642781
0.1681072
0.1638314
0.1607632
0.1948801
0.1587128
0.1374056
0.1636107
0.1364235
0.1495822
0.1568425
0.1474268
0.1612929
0.164165
0.1964348
0.1863833
0.1939659
0.1835873
0.2036491
0.1974807
0.2075255
0.1864964
0.2021462
0.1805153
0.2147464
0.2024418
0.2076696
0.2307273
0.2378943
0.2243097
0.2292798
0.2085806
0.2156746
0.2126127
0.1976424
0.169036
0.1769971
0.1654406
0.1743223
0.1828939
0.153963
0.1724253
0.1906539
0.2174065
0.1850633
0.2156323
0.2271259
0.191182
0.2158727
0.2177887
0.210883
0.1778989
0.2016181
0.1865383
0.2203285
0.21719
0.2228544
0.2332094
0.2247091
0.2214814
0.2086051
0.2111934
0.218885
0.2029278
0.2251233
0.2016301
0.2015382
0.212699
0.2103375
0.2102354
0.1991988
0.2142395
0.1950129
0.2027083
0.2203048
0.2316604
0.2090842
0.2150256
0.2059952
0.2206562
0.2166282
0.2081621
0.1988848
0.2007832
0.2209239
0.2069747
0.2026075
0.235691
0.2432131
0.2266886
0.2129252
0.2360341
0.2345799
0.2242352
0.1883317
0.2066862
0.2199269
0.2137634
0.2151017
0.1789373
0.175497
0.1624335
0.1776936
0.1754867
0.1986924
0.1654258
0.1661506
0.1979229
0.2141993
0.1771221
0.1919615
0.1844542
0.2111378
0.2176803
0.1989101
0.1896447
0.17417
0.1596785
0.1791526
0.1563952
0.1924179
0.1746458
0.1643839
0.205457
0.1632608
0.1592269
0.1777819
0.1444565
0.1258363
0.1916932
0.1588683
0.1661501
0.187587
0.1837307
0.1696667
0.1775439
0.1700949
0.1742694
0.2032016
0.1500141
0.1508194
0.1683361
0.1705482
0.1836756
0.1896512
0.1956504
0.1491781
0.1802699
0.2123526
0.2106319
0.1914758
0.1582866
0.1592962
0.1599775
0.1882806
0.1672124
0.175874
0.1762519
0.1875453
0.1636156
0.1933039
0.1786464
0.1785132
0.1809591
0.1998293
0.2003218
0.1398952
0.1733135
0.1587444
0.1641489
0.1674592
0.1712613
0.1702278
0.1634693
0.1723794
0.1821703
0.1673077
0.1848317
0.174061
0.1707491
0.1837933
0.1671605
0.1680526
0.1751228
0.1650176
0.1555815
0.1446663
0.1662201
0.1522097
0.1679811
0.1584649
0.1645937
0.1474823
0.1503097
0.1626877
0.1825994
0.1686015
0.1463809
0.1547894
0.1646941
0.2015194
0.195059
0.1770534
0.1889472
0.1811987
0.163699
0.1529763
0.184617
0.1764986
0.1818901
0.1788484
0.2145916
0.1674192
0.1775411
0.1982972
0.1567703
0.1627236
0.1784689
0.1584432
0.2070331
0.1723281
0.1954781
0.1782762
0.1685582
0.1966362
0.1734315
0.1777736
0.1677882
0.2210022
0.2072167
0.1887105
0.1676482
0.1828942
0.1718201
0.1885999
0.186607
0.1740238
0.1727005
0.1714626
0.169133
0.1636061
0.1737139
0.1801972
0.1839885
0.1681331
0.194265
0.1938658
0.1733426
0.1860795
0.1799219
0.1707777
0.1567955
0.1879724
0.1731549
0.1615573
0.1683435
0.1783887
0.1859915
0.1996884
0.1612891
0.1710615
0.1681998
0.1686743
0.1815725
0.1535213
0.1885587
0.1843051
0.1944059
0.1772057
0.2004155
0.1558433
0.1856777
0.1778379
0.1764712
0.1878783
0.1516058
0.1784358
0.1795094
0.185505
0.1805984
0.1682578
0.1785694
0.2285846
0.1806186
0.1778614
0.2009927
0.2013321
0.195729
0.1728476
0.203417
0.187622
0.1965389
0.1585817
0.1886886
0.1706036
0.2112631
0.2028362
0.2073939
0.2033002
0.2124154
0.1906205
0.2285555
0.2112738
0.2104089
0.2427208
0.2204229
0.2074415
0.1791127
0.2027917
0.1859368
0.1714676
0.1633396
0.1642569
0.1942111
0.1668075
0.2083753
0.1919731
0.1884249
0.1746266
0.1722652
0.1780117
0.1735034
0.1972838
0.1779877
0.1549654
0.1712652
0.1789486
0.188213
0.1822326
0.1824638
0.2011393
0.1981191
0.1917785
0.17782
0.1810028
0.1802738
0.207089
0.1696142
0.1631354
0.1689802
0.1721664
0.1979932
0.1779455
0.1875893
0.1710384
0.1565206
0.1756429
0.1826642
0.1904641
0.1585948
0.1774976
0.202834
0.2212569
0.2201863
0.2139034
0.1945203
0.1939932
0.1912646
0.2174942
0.193186
0.1935467
0.2041627
0.192991
0.1737613
0.1780922
0.1590903
0.1706591
0.1635841
0.1702934
0.2049164
0.1612904
0.1912881
0.1700114
0.171361
0.1965937
0.185531
0.1750208
0.2086848
0.1950653
0.1533085
0.1663719
0.1749049
0.1291517
0.135427
0.1545127
0.1536544
0.1526664
0.1559076
0.1545065
0.1747196
0.1446222
0.1323219
0.1436903
0.1610942
0.1402397
0.1448234
0.1766881
0.1703512
0.1552917
0.1854707
0.1748937
0.1691211
0.1519348
0.1496759
0.1792641
0.1560918
0.1721839
0.1642304
0.1692664
0.1861137
0.1608955
0.1564136
0.1780349
0.159235
0.1530319
0.1643712
0.1608524
0.1710888
0.1635676
0.1710816
0.1635652
0.1422283
0.1526508
0.1750767
0.1653264
0.1712825
0.1488337
0.1651008
0.1476861
0.1442973
0.1640572
0.1400941
0.178214
0.1602662
0.170861
0.1815115
0.1690052
0.1403693
0.1811067
0.1826347
0.1429319
0.150147
0.1592565
0.1422446
0.1487291
0.1694216
0.1504866
0.1502676
0.1695368
0.1513318
0.1601817
0.1635195
0.1542132
0.1663539
0.1527731
0.1733381
0.1655477
0.1576616
0.1484342
0.1613253
0.1522884
0.1554135
0.1564792
0.1760142
0.1806726
0.1772239
0.1534681
0.1545812
0.1548638
0.1580765
0.1575043
0.1600055
0.1721618
0.1416316
0.1546688
0.1751
0.1746597
0.1799551
0.1702211
0.1778808
0.1624547
0.1518178
0.1734
0.1768752
0.1663601
0.1611434
0.1585725
0.1700237
0.1760291
0.195685
0.1711216
0.1972889
0.2131408
0.1553749
0.1888624
0.1553265
0.1613448
0.1809392
0.1680224
0.1872888
0.1840844
0.1819279
0.1892851
0.1947727
0.1686838
0.1810358
0.1709425
0.1437496
0.1825184
0.1761801
0.1667611
0.1848156
0.1853693
0.1960869
0.1856382
0.1996377
0.1936534
0.2154004
0.1774019
0.1829563
0.206961
0.1971971
0.2061833
0.1984411
0.1926577
0.1924782
0.2102088
0.200508
0.1783347
0.1782983
0.1818807
0.1811756
0.1708386
0.1565359
0.1677011
0.1580711
0.1781352
0.1724124
0.1686765
0.1671064
0.1782268
0.1552793
0.1574931
0.1546283
0.1467892
0.1757577
0.1847663
0.1869908
0.1742562
0.1578377
0.1767472
0.1877765
0.1917146
0.1750333
0.1770439
0.1734627
0.1820551
0.1767541
0.1521722
0.1931051
0.1524493
0.1567719
0.1915164
0.1546534
0.1589244
0.1957301
0.1537222
0.1733834
0.1501307
0.1659181
0.1571831
0.1489666
0.1576238
0.1288652
0.1702688
0.1424888
0.1560609
0.1418127
0.1547534
0.1124354
0.1111044
0.1250917
0.1317717
0.117222
0.1367904
0.1312052
0.1406968
0.1602537
0.1298221
0.1371923
0.1183339
0.1374598
0.1560756
0.130742
0.1456172
0.1511391
0.1811308
0.1825021
0.1480326
0.1733066
0.1433442
0.1761493
0.1630429
0.1365875
0.1891633
0.1801637
0.1669004
0.146212
0.1579924
0.172566
0.1501528
0.1754802
0.1579751
0.1592967
0.1725053
0.1728822
0.1623723
0.1850304
0.1820848
0.1583203
0.17633
0.1735281
0.17133
0.1707637
0.1762396
0.1838819
0.1545788
0.1781925
0.181799
0.1729606
0.2024
0.1753862
0.1591517
0.154844
0.1673801
0.1745041
0.1828998
0.191969
0.1665584
0.1784776
0.1824746
0.1852492
0.1914354
0.1702313
0.1498605
0.1834993
0.1574035
0.1975855
0.1851783
0.1743681
0.1610841
0.1630102
0.1565279
0.1764881
0.161442
0.168136
0.1432288
0.1439814
0.1459265
0.1541535
0.1772746
0.1731364
0.1582669
0.1542534
0.1625052
0.1404842
0.1612012
0.179895
0.1604506
0.167271
0.1704418
0.1860057
0.1749452
0.1893311
0.1967744
0.1731539
0.1601875
0.1576577
0.1565201
0.1565679
0.1557404
0.1560153
0.1681534
0.1955634
0.1568976
0.1646725
0.1473096
0.1696387
0.1740122
0.1953707
0.1894863
0.1900873
0.2191276
0.188768
0.1879628
0.1674197
0.1645569
0.2084243
0.2033503
0.1892894
0.1875367
0.182743
0.1764044
0.2237817
0.2004206
0.1769288
0.1866392
0.1839366
0.1660098
0.1669281
0.1813819
0.1563059
0.1361181
0.1665952
0.1826926
0.1716984
0.1877921
0.1864846
0.1683829
0.1670511
0.160345
0.1748896
0.1867575
0.1822163
0.1844688
0.1953509
0.1742614
0.1958278
0.1885407
0.1723803
0.1915297
0.1452492
0.1445443
0.158194
0.193977
0.155176
0.1634473
0.1870767
0.1979975
0.1730583
0.1928719
0.163301
0.1904089
0.1518728
0.1594029
0.156994
0.1697317
0.1761438
0.2160525
0.1877748
0.17609
0.1825761
0.1871921
0.147294
0.1600395
0.1966963
0.1529378
0.17247
0.1872756
0.1772626
0.211445
0.1657748
0.1669423
0.1706155
0.1698439
0.1660027
0.1580715
0.1658203
0.1774067
0.1675289
0.1708273
0.1820501
0.19548
0.1738447
0.205644
0.1664439
0.1674366
0.1671764
0.1693704
0.1667265
0.1826167
0.1684996
0.1781332
0.1584441
0.1668115
0.1662071
0.1727922
0.1653535
0.1806295
0.1792827
0.1714869
0.1790892
0.1825241
0.1786113
0.1720298
0.1690828
0.1492612
0.1670616
0.1974985
0.1867294
0.1802665
0.1774297
0.1958244
0.1660046
0.1526853
0.1850441
0.1691074
0.170735
0.1727535
0.1649506
0.1771907
0.1770927
0.1587126
0.1580816
0.1658651
0.1803728
0.1660041
0.1707956
0.1605199
0.1904367
0.1874034
0.16678
0.1611442
0.1769907
0.1558612
0.1771172
0.1824655
0.1733488
0.1679249
0.1749351
0.1786215
0.1607111
0.1452665
0.1472639
0.1594914
0.1566862
0.1826518
0.1626999
0.1566142
0.1614917
0.1456793
0.1670054
0.1732833
0.1659373
0.1624444
0.1654342
0.1590404
0.1612675
0.1588935
0.1813877
0.1483678
0.1628982
0.1650667
0.1505921
0.1634008
0.1614844
0.1572615
0.1608789
0.15795
0.1559675
0.1713161
0.173774
0.1737711
0.1705861
0.2069306
0.159491
0.156639
0.1760632
0.1621132
0.1751869
0.1730527
0.142327
0.1623182
0.1751042
0.1712677
0.2009618
0.1797443
0.1552665
0.1632326
0.2023907
0.223871
0.2071743
0.1920426
0.2120424
0.1890131
0.2025642
0.2100284
0.2161632
0.1798594
0.2113761
0.2021076
0.2091723
0.2078412
0.1813438
0.2073494
0.22393
0.1813613
0.1587733
0.1530647
0.1720877
0.1626949
0.1477277
0.1561272
0.143877
0.1570104
0.1775661
0.1819133
0.1519185
0.1922124
0.1564604
0.1602019
0.1682812
0.1766075
0.1786377
0.1777131
0.1923618
0.162223
0.1611959
0.1582209
0.1532
0.1487486
0.1447832
0.1517819
0.1622927
0.1815166
0.1416096
0.140199
0.1540299
0.1544529
0.1480987
0.1432373
0.1373586
0.1448366
0.1511042
0.1753163
0.1557585
0.1834918
0.1880252
0.1667549
0.1794241
0.1775908
0.1761366
0.196097
0.2021994
0.1666529
0.2027173
0.185165
0.1677667
0.1814134
0.1758325
0.1598023
0.1920837
0.1884892
0.2034644
0.2070259
0.1821118
0.1728945
0.2066817
0.2295388
0.1836429
0.2026139
0.2204981
0.2206284
0.2021893
0.2261035
0.1765648
0.180434
0.22071
0.2182571
0.1861888
0.1809448
0.1451499
0.1926789
0.2034907
0.1786606
0.2017794
0.1595742
0.1764151
0.1868282
0.1930205
0.1828002
0.1811329
0.195066
0.1950551
0.228711
0.1608973
0.2027003
0.2053764
0.174563
0.2013116
0.1841154
0.2368474
0.1602007
0.1876763
0.2104778
0.2117922
0.213345
0.2143124
0.2004725
0.2152044
0.1874453
0.1740621
0.1917787
0.1855178
0.1754153
0.1895756
0.17352
0.1856465
0.1766952
0.1937168
0.1968253
0.2186284
0.2038954
0.1901542
0.203711
0.1987633
0.192809
0.1993047
0.2188775
0.201472
0.190072
0.1845632
0.2131336
0.1839285
0.199985
0.1717994
0.2014266
0.1895673
0.2006563
0.2215849
0.171091
0.1850116
0.1957894
0.2013094
0.2041236
0.2143414
0.2149038
0.2331365
0.2120291
0.1821239
0.2276113
0.2037473
0.2039901
0.1883433
0.2004952
0.21053
0.2372238
0.1925612
0.2162376
0.2230565
0.19658
0.2314872
0.2486287
0.2263159
0.2030592
0.2126892
0.236966
0.1928888
0.2123127
0.2079156
0.2286133
0.2215704
0.2312123
0.2056322
0.2380251
0.2340084
0.2155687
0.1829756
0.1871153
0.1957774
0.1992599
0.223753
0.193599
0.2247176
0.2043095
0.201619
0.1879878
0.2098251
0.2337033
0.251448
0.2342039
0.2191186
0.2038694
0.2025329
0.2162153
0.1890229
0.2020048
0.1876732
0.1884527
0.1899947
0.2171286
0.2039956
0.1935011
0.1854684
0.2085449
0.1960329
0.1714402
0.1860559
0.1666132
0.1704774
0.177847
0.1681655
0.1810245
0.2008694
0.1956926
0.1989296
0.1763176
0.1882694
0.1702164
0.1745312
0.1919511
0.1843355
0.1667159
0.170073
0.1708313
0.1455622
0.17319
0.1878878
0.1644439
0.1900029
0.1922695
0.1896295
0.1963099
0.1850114
0.2028851
0.1914673
0.1949461
0.1832437
0.1722834
0.1826241
0.2205654
0.1659392
0.2013465
0.1833197
0.1681649
0.2060376
0.1929967
0.173278
0.2177406
0.1980623
0.1877802
0.2527455
0.1944828
0.2057504
0.1720228
0.1881676
0.1799742
0.1949956
0.1827685
0.1870969
0.2058427
0.1916601
0.194588
0.1945355
0.1782669
0.1598524
0.1672585
0.2079809
0.2152777
0.220936
0.2390499
0.2622086
0.2285239
0.2348166
0.2049115
0.2053121
0.2200361
0.2260823
0.2031553
0.2149809
0.2329682
0.1635725
0.2012669
0.164111
0.1692818
0.175358
0.1420781
0.1346899
0.1565062
0.1468682
0.1615713
0.1504046
0.1421916
0.1775294
0.2095086
0.1695271
0.1726446
0.1895164
0.1998618
0.1541648
0.1781951
0.1908534
0.1964395
0.1920828
0.1897571
0.1523893
0.1483621
0.1931899
0.1947844
0.1919134
0.1691904
0.1660662
0.1850044
0.1939048
0.187051
0.1802033
0.2137042
0.2250539
0.2256255
0.2271126
0.2322611
0.2554206
0.2296324
0.2534817
0.2489737
0.2494403
0.2492571
0.2008329
0.2121997
0.1945804
0.1980635
0.2130363
0.2046138
0.2051573
0.2329872
0.205198
0.2201781
0.2021247
0.2046966
0.2039001
0.1978946
0.2161346
0.1785854
0.2107204
0.2206149
0.2312184
0.1962439
0.1800142
0.1984574
0.2117259
0.2107073
0.2137507
0.1972499
0.2479713
0.2198213
0.1873854
0.1866318
0.1737517
0.194112
0.2079796
0.211459
0.1861008
0.2210591
0.1817163
0.2184929
0.2177484
0.1855813
0.1984182
0.1974937
0.2173761
0.1976625
0.1817009
0.2094086
0.154569
0.1597989
0.2009756
0.2043789
0.1999552
0.1957605
0.205187
0.2061895
0.1797666
0.2495896
0.1777346
0.1852793
0.1697626
0.223837
0.175018
0.1952462
0.2122824
0.1748731
0.1792384
0.2016708
0.2090051
0.1883644
0.2264815
0.2229515
0.2080985
0.2308794
0.2076178
0.217158
0.2030343
0.195836
0.1953612
0.2042948
0.1898161
0.1759221
0.2053347
0.1921787
0.188741
0.2143995
0.195172
0.2262962
0.2248622
0.2094946
0.2197379
0.2066756
0.2013414
0.2032013
0.2311042
0.2166336
0.1860743
0.1802841
0.1895062
0.2050724
0.2104382
0.212208
0.2104018
0.2056521
0.1973597
0.1987041
0.1936225
0.2031576
0.187558
0.2095423
0.1823159
0.2104246
0.1990602
0.221167
0.2013119
0.2182876
0.2326469
0.234161
0.225974
0.2161381
0.2163695
0.2124861
0.1907311
0.1676742
0.187135
0.1705349
0.1850923
0.1857941
0.1822813
0.1751454
0.1727628
0.1716678
0.1736427
0.1710393
0.1874668
0.1875091
0.1907166
0.1850559
0.2060969
0.1872398
0.1885577
0.1734449
0.1741007
0.1778998
0.1987091
0.1868115
0.1981261
0.180074
0.1692849
0.1923761
0.1882931
0.1681229
0.1897267
0.1554027
0.1651359
0.166341
0.1824224
0.2055394
0.1836325
0.1804786
0.1914528
0.1823016
0.1749509
0.1768412
0.1752222
0.2028091
0.1561016
0.1670681
0.1850649
0.1866468
0.2033025
0.1977451
0.1854143
0.1944012
0.2059354
0.2152431
0.2325766
0.2175003
0.1928689
0.1781767
0.2190722
0.1908712
0.1983698
0.1885581
0.1680976
0.1595782
0.1734242
0.1977886
0.1854976
0.1831551
0.1917104
0.1719635
0.1432989
0.2225691
0.2035966
0.2045934
0.2108787
0.1926776
0.19291
0.1998932
0.2041832
0.2221879
0.2347928
0.227195
0.2097719
0.236857
0.2255373
0.2097089
0.2120636
0.2187538
0.2050164
0.2133193
0.2065265
0.2184586
0.1970412
0.2081714
0.2140522
0.2081191
0.2204327
0.1991292
0.2359627
0.2148215
0.2220809
0.2442787
0.2023027
0.1934947
0.1796884
0.157339
0.1992164
0.2066675
0.2036726
0.209345
0.1913899
0.2054914
0.1914469
0.1977753
0.209604
0.1659141
0.1952482
0.1807948
0.1792869
0.1844772
0.1865156
0.1786267
0.1905506
0.2036111
0.1878998
0.2065292
0.2006319
0.1981904
0.1790094
0.1977611
0.1828914
0.17036
0.1936459
0.1872299
0.1784417
0.1727757
0.1447314
0.1936101
0.1768254
0.192308
0.214248
0.1835569
0.2174806
0.2264899
0.1856586
0.1888402
0.2120215
0.2046975
0.2049752
0.2297104
0.2229747
0.2306454
0.2562301
0.2117942
0.2181619
0.2184626
0.2293513
0.2050376
0.2446403
0.2266775
0.2091089
0.2300135
0.2213525
0.2166886
0.2114447
0.2188525
0.1849048
0.1929987
0.2200103
0.2134561
0.201846
0.1977458
0.2087588
0.1934373
0.1917523
0.2361161
0.2021992
0.2419627
0.2107839
0.2459286
0.2433279
0.2172016
0.2430554
0.2254159
0.2354051
0.2157004
0.2076154
0.2015724
0.1910989
0.2153382
0.2258452
0.2309745
0.2237875
0.2192314
0.236451
0.2204717
0.2153924
0.2358002
0.2442873
0.228684
0.2202669
0.2299078
0.231107
0.2490984
0.2323604
0.2163477
0.2227876
0.2223646
0.2200337
0.2353783
0.2043651
0.2208942
0.2250742
0.2245106
0.2093354
0.2546727
0.2549768
0.2261075
0.2059925
0.2461162
0.2332697
0.2528932
0.2439631
0.205899
0.2499772
0.2377686
0.2218876
0.2516646
0.2076694
0.2209898
0.2462632
0.2315112
0.2273896
0.2321277
0.2136773
0.2317325
0.2337769
0.2373673
0.2176755
0.2460923
0.2047776
0.2177428
0.2355345
0.2121481
0.2372752
0.1955037
0.2290594
0.2448372
0.2433531
0.2187653
0.2537029
0.2113731
0.2349464
0.2371085
0.2283377
0.2391854
0.2356875
0.2132675
0.2328164
0.272404
0.2262156
0.2313165
0.2360854
0.2117645
0.2259634
0.2335528
0.2694499
0.2482332
0.2438922
0.2235082
0.20399
0.2191663
0.2232138
0.2078062
0.2033646
0.2327221
0.2412677
0.2293286
0.2340746
0.2152213
0.227016
0.225545
0.2124653
0.2158861
0.2376096
0.2320967
0.2289593
0.2183488
0.2285641
0.2239008
0.2021673
0.1976496
0.2473229
0.1962216
0.1887936
0.1981609
0.1992539
0.2107472
0.2135809
0.2179001
0.1803099
0.198195
0.204045
0.2248291
0.2062339
0.2530914
0.2275755
0.2170471
0.2356798
0.2109413
0.2243379
0.231177
0.2190228
0.2234245
0.2270118
0.210888
0.2161718
0.2367715
0.2103771
0.2249921
0.2079723
0.2517066
0.2304338
0.2340587
0.2102811
0.2424942
0.2166063
0.2037705
0.218192
0.2578521
0.2444406
0.2690162
0.229745
0.249694
0.2641975
0.2459907
0.2460237
0.2722472
0.2339246
0.2572526
0.2609683
0.2480437
0.2524493
0.2587967
0.2772724
0.2623217
0.263299
0.2781227
0.2843439
0.2822487
0.2628864
0.2444164
0.2609643
0.2466289
0.2322015
0.2430823
0.2341976
0.2178056
0.2180344
0.2229655
0.1973277
0.1941739
0.2363487
0.1956597
0.1827374
0.2117003
0.1950045
0.1971405
0.2222108
0.1924558
0.1529009
0.1907088
0.2612098
0.1737664
0.2080637
0.1981779
0.2037978
0.2205716
0.2610393
0.2024438
0.2316136
0.1873867
0.1958048
0.1941617
0.2040656
0.1667416
0.2199246
0.1605056
0.1590163
0.1726162
0.1653187
0.1836264
0.1831767
0.2073881
0.1960755
0.205725
0.1865568
0.2079245
0.1892632
0.1960362
0.1894798
0.2038357
0.2136846
0.2012692
0.1840052
0.1914452
0.1966956
0.2011757
0.1794973
0.1834478
0.183574
0.1925264
0.1796535
0.1536048
0.1807528
0.177993
0.2054852
0.1750281
0.1801695
0.1865946
0.1957882
0.1784662
0.1959119
0.1668033
0.1716207
0.1789179
0.1654898
0.193481
0.185287
0.1784552
0.1821017
0.1934611
0.2124473
0.1500065
0.1593899
0.1876934
0.1664297
0.2015877
0.2006367
0.1763852
0.1703475
0.1791139
0.1829817
0.168861
0.1819584
0.1931513
0.1947797
0.2107942
0.1854857
0.1868206
0.1800755
0.1452007
0.1825745
0.1705629
0.1650771
0.1723164
0.1957397
0.178659
0.1945074
0.1823849
0.1720758
0.1941755
0.1806736
0.186712
0.1934945
0.1816098
0.1334778
0.1715519
0.1997574
0.1424569
0.1768762
0.1653788
0.1736027
0.1741863
0.1432714
0.1619605
0.190342
0.213898
0.2041194
0.1936883
0.2131144
0.2103283
0.1925267
0.1902156
0.1937507
0.1853397
0.1762583
0.1733683
0.1807165
0.1967202
0.1709292
0.1657464
0.1736581
0.2327644
0.1906642
0.1970188
0.2080694
0.1886696
0.1775356
0.1992709
0.2046097
0.1979573
0.1905892
0.1998744
0.1945146
0.1765793
0.2055176
0.2167265
0.1850079
0.1800489
0.2093489
0.20896
0.2099707
0.2165513
0.1966952
0.212742
0.2442705
0.1861649
0.1918893
0.1850413
0.1798149
0.2093768
0.2190719
0.233398
0.2077816
0.2563065
0.2426339
0.2361144
0.2340384
0.2420354
0.180571
0.2222004
0.240871
0.2350887
0.255798
0.2626686
0.2223127
0.2362546
0.271121
0.211866
0.2523485
0.236379
0.2601945
0.254624
0.2587346
0.2467046
0.2591735
0.2339097
0.2606567
0.2530797
0.2528134
0.2491964
0.2728972
0.2727794
0.2333517
0.2516096
0.2392256
0.240179
0.232801
0.2359484
0.2390094
0.2587307
0.2597733
0.2385654
0.2416399
0.2651786
0.2681019
0.2444543
0.261133
0.2423297
0.2447708
0.2480133
0.2648653
0.2432974
