0.1312741
0.1569073
0.158328
0.1515226
0.1386302
0.1412802
0.1622245
0.1530176
0.1590062
0.1642779
0.1469724
0.1435485
0.1499124
0.1466026
0.1457345
0.1423462
0.1367802
0.1343776
0.126918
0.1289963
0.1289743
0.1486786
0.1485869
0.133113
0.1297741
0.1664651
0.1490744
0.1860175
0.1580929
0.14847
0.1202848
0.1303032
0.1151498
0.1284485
0.1089522
0.1407232
0.1222273
0.1226903
0.1200136
0.1190045
0.1388934
0.1516129
0.1279789
0.1231378
0.1387852
0.1532479
0.1691882
0.1775354
0.1717367
0.1834481
0.1491636
0.1722398
0.1488874
0.1537089
0.1290231
0.1382127
0.1466639
0.1623572
0.1458934
0.1347518
0.1281267
0.1398278
0.1611226
0.1320889
0.1346147
0.125599
0.131449
0.1609693
0.1395145
0.1362147
0.1440952
0.1676239
0.1533225
0.1450404
0.1601429
0.1361898
0.1461279
0.1470488
0.1325559
0.1368167
0.1390335
0.1577464
0.1449919
0.1422554
0.1335375
0.1612013
0.1233809
0.135091
0.1239333
0.1721234
0.1658705
0.1711352
0.1579442
0.1561973
0.1380597
0.142597
0.1391691
0.1438634
0.1551441
0.1413298
0.1831844
0.2123888
0.158234
0.1563453
0.1698014
0.1470238
0.157681
0.15004
0.1722948
0.1556079
0.1437469
0.1703355
0.1673908
0.1564539
0.1919623
0.1458079
0.1548066
0.1686426
0.1662977
0.1620604
0.1482937
0.1744441
0.1492606
0.1716145
0.1751391
0.1694921
0.1677612
0.1581354
0.1556892
0.1313148
0.1536303
0.1620944
0.1303997
0.1478197
0.1491861
0.1368138
0.1696842
0.1780655
0.1717784
0.1435244
0.1363615
0.1351925
0.1423502
0.1712802
0.1587539
0.1499556
0.1974251
0.1360585
0.1522209
0.1675603
0.1781094
0.1482987
0.1750546
0.1639658
0.1531583
0.1562211
0.1568128
0.1429635
0.1328346
0.1435419
0.1489952
0.1219918
0.157156
0.1546588
0.1358747
0.1547908
0.1447523
0.1501428
0.1373078
0.1352547
0.137072
0.1360564
0.1559652
0.1409811
0.1274476
0.1297547
0.1259055
0.1403542
0.137174
0.1406113
0.1297804
0.1353887
0.1454744
0.1514226
0.142411
0.1353969
0.1354543
0.1627725
0.1666575
0.1411171
0.148596
0.1595528
0.1643362
0.1437808
0.1627424
0.1774242
0.1723867
0.1388736
0.1636489
0.1584358
0.1443994
0.1708481
0.1762145
0.1507941
0.1440792
0.1434888
0.151876
0.1503891
0.1755688
0.1597138
0.1613232
0.1576414
0.1413199
0.1459676
0.1294108
0.1473695
0.1437636
0.1586757
0.1598721
0.148912
0.1527942
0.1544525
0.1478066
0.1607427
0.13904
0.1464258
0.1405052
0.1481027
0.1586042
0.1493178
0.1605003
0.1355073
0.1401459
0.1735858
0.1495121
0.1695883
0.1578248
0.1554732
0.1543428
0.1480322
0.1550908
0.1554997
0.1467055
0.137694
0.1458181
0.1432859
0.1504913
0.135259
0.1465336
0.1412136
0.1537946
0.1277555
0.1627924
0.1638512
0.1459134
0.1399398
0.1514374
0.1538517
0.1512137
0.1753434
0.1465574
0.1448923
0.1404
0.133714
0.1445128
0.1355922
0.1232641
0.1397572
0.135478
0.1256621
0.1291941
0.1224389
0.137093
0.1291717
0.1279267
0.1339757
0.1264735
0.1326092
0.1264228
0.1241383
0.1404942
0.1319522
0.1327308
0.1315178
0.1134737
0.1233979
0.1367194
0.1431408
0.13367
0.1105721
0.1249362
0.1224614
0.1348688
0.1354183
0.1334946
0.1200109
0.1199658
0.1427578
0.1261316
0.1360258
0.1322936
0.1380223
0.1377295
0.1337854
0.1512013
0.1225614
0.148043
0.1278772
0.135283
0.1382558
0.1345479
0.1371236
0.1417834
0.1196961
0.1485532
0.131056
0.1521625
0.1476594
0.1288289
0.125885
0.1313676
0.1360174
0.1212742
0.1281911
0.1729496
0.154476
0.138235
0.1344857
0.1373929
0.1488032
0.1277444
0.1231
0.1682158
0.1627639
0.1602615
0.1536252
0.1712333
0.1493959
0.1186283
0.1204449
0.1246247
0.1240285
0.1238985
0.1139407
0.1225462
0.1178248
0.1235313
0.1151723
0.11796
0.1055677
0.1220187
0.1127888
0.1021344
0.0964291
0.1415368
0.1191389
0.1335638
0.1159452
0.109719
0.1326983
0.1472438
0.1382411
0.1192701
0.139061
0.1364989
0.1464902
0.1379002
0.1244885
0.1265904
0.1155841
0.1200499
0.1285687
0.1286619
0.1294131
0.1316349
0.1068345
0.1125581
0.1441631
0.140677
0.1211246
0.1168894
0.1332061
0.1137709
0.1286263
0.1197315
0.1319509
0.135366
0.1470073
0.1431223
0.1352189
0.150174
0.1740592
0.1574
0.1698757
0.1587567
0.1737392
0.1460545
0.1471915
0.1599674
0.1652221
0.1540585
0.137989
0.1337308
0.1491938
0.1529332
0.1451157
0.1438068
0.1603251
0.1388325
0.1402984
0.1438487
0.1248631
0.1340031
0.1155269
0.1161805
0.1165299
0.1168814
0.1048585
0.0919484
0.1014323
0.1330817
0.1123222
0.11263
0.1243586
0.1325381
0.1368136
0.1239261
0.1210918
0.1278837
0.1182034
0.1123885
0.132713
0.1349363
0.1345837
0.1397689
0.1334823
0.1443408
0.1344361
0.1228416
0.1291543
0.1247072
0.1469788
0.1384713
0.1217209
0.1253763
0.143459
0.1257992
0.1679577
0.146937
0.1451874
0.1476988
0.1377114
0.1469235
0.1282777
0.1433117
0.140068
0.1424357
0.1481151
0.1147744
0.1285772
0.1378292
0.1527763
0.1559496
0.125027
0.1483744
0.1427672
0.1416057
0.1380095
0.14633
0.1429186
0.1228792
0.1190133
0.1299653
0.1250247
0.1191429
0.1191581
0.1242776
0.1112286
0.1200027
0.1308322
0.1215739
0.1283835
0.1396936
0.1190973
0.1201941
0.1225548
0.1105907
0.1214132
0.1342276
0.128851
0.1207075
0.1180351
0.1358532
0.1281336
0.1364722
0.1348731
0.1236495
0.131366
0.1120261
0.1334148
0.1428307
0.1262927
0.1513072
0.1298869
0.1307622
0.1140841
0.1293981
0.1166171
0.1099174
0.143553
0.1301003
0.1298169
0.1190922
0.1132623
0.1520481
0.1189642
0.1436933
0.1528177
0.1387735
0.1307606
0.1531999
0.1315721
0.1404739
0.143134
0.1396717
0.1257448
0.1253012
0.1365086
0.1276927
0.1210894
0.131421
0.1294841
0.1233988
0.1289394
0.1493995
0.1421318
0.1458917
0.1388559
0.1264166
0.1234496
0.1186764
0.1041991
0.1194878
0.1160844
0.1190316
0.1292874
0.1491566
0.1341836
0.1438271
0.1406565
0.128676
0.1274542
0.1172474
0.1536288
0.12119
0.1229717
0.1271496
0.1503131
0.1334575
0.137385
0.1120084
0.1040657
0.1390323
0.1167894
0.1644182
0.1629627
0.1666504
0.1465237
0.1360638
0.1419218
0.1599001
0.1382026
0.1338343
0.1660511
0.1467799
0.1391717
0.1344912
0.1090246
0.1178067
0.1346038
0.1247057
0.1249308
0.1246744
0.1090286
0.1333581
0.128011
0.1502099
0.1534468
0.1622308
0.1529317
0.1523073
0.1262976
0.1587706
0.1483025
0.1433199
0.1331238
0.137939
0.155988
0.1332217
0.1445573
0.1356791
0.1434218
0.1394575
0.1355057
0.1599411
0.1509987
0.1492493
0.1747977
0.1716425
0.1554515
0.1871518
0.1661715
0.1556104
0.1446958
0.1651951
0.1566975
0.1734187
0.1833724
0.1732865
0.1635353
0.1188317
0.1191475
0.1146808
0.1357456
0.1266985
0.1105658
0.0964677
0.102645
0.1140471
0.1223623
0.1085502
0.1356275
0.1188815
0.1263869
0.1309372
0.1455748
0.1298377
0.1298242
0.1073458
0.1551213
0.1295594
0.1463589
0.1688374
0.1433543
0.1738964
0.1582187
0.1506198
0.1460106
0.1584673
0.1496605
0.1285991
0.1698108
0.1620909
0.1336301
0.1220265
0.1288827
0.1037422
0.1192989
0.0927062
0.0980927
0.1092463
0.1131627
0.094836
0.1229658
0.1236623
0.1072967
0.1042217
0.1228086
0.1301572
0.1315643
0.1186361
0.1058788
0.1288439
0.1204316
0.1368282
0.1251426
0.1117821
0.1013068
0.1253272
0.1304391
0.1322139
0.1101988
0.1084219
0.1281775
0.1172552
0.1091844
0.1030637
0.1041156
0.0937079
0.103999
0.1056674
0.1049956
0.1082049
0.1232089
0.1385824
0.1384237
0.1242693
0.1303108
0.0827063
0.099358
0.124602
0.1053797
0.0963628
0.1206881
0.1141989
0.1292833
0.1493667
0.1364741
0.1458023
0.1429917
0.1145285
0.1578746
0.1449022
0.1387126
0.1364051
0.1119325
0.1157949
0.1306742
0.1030478
0.1261228
0.103901
0.1136137
0.1088475
0.1019515
0.1111518
0.1029457
0.1177917
0.1209553
0.1163713
0.1328469
0.1118625
0.1107312
0.1207269
0.1114777
0.0991417
0.1191366
0.119542
0.1184437
0.131284
0.1354456
0.1336413
0.1026333
0.1191057
0.1204123
0.1193449
0.1246071
0.1155296
0.1112427
0.1162027
0.109288
0.1295586
0.1331174
0.1435385
0.1175401
0.1262509
0.1176942
0.1141568
0.1235972
0.1232383
0.1209824
0.123852
0.101978
0.1098504
0.1180545
0.1360927
0.1422259
0.1501611
0.1439294
0.1573242
0.1716494
0.1468783
0.1499873
0.1316368
0.1446961
0.1317119
0.1122766
0.1185175
0.1371901
0.1099995
0.1140152
0.137367
0.1299164
0.1147892
0.1314615
0.1408195
0.1301408
0.1436246
0.1106344
0.1248384
0.1130956
0.10372
0.1318335
0.131229
0.1254694
0.1347044
0.1311454
0.1874912
0.1478457
0.1383481
0.1232878
0.1165257
0.1072043
0.1365124
0.143507
0.1224276
0.1465744
0.1503065
0.1447214
0.1644347
0.1412783
0.1650292
0.1473873
0.1261685
0.1455562
0.1422898
0.1232157
0.1361647
0.1390016
0.1247857
0.1303107
0.1146181
0.118749
0.1128774
0.137191
0.1079423
0.1347702
0.1114019
0.1365219
0.1275163
0.1583677
0.1318911
0.1257803
0.1344249
0.1399687
0.1565606
0.1458902
0.1301187
0.1526982
0.1101346
0.1189121
0.1502514
0.1755536
0.1868546
0.1307015
0.1430586
0.1641061
0.1295301
0.1505919
0.1185315
0.1188524
0.1286167
0.1130861
0.1101144
0.1371822
0.1603759
0.1173824
0.1520288
0.1318346
0.1431156
0.1619075
0.1478104
0.1479352
0.1535719
0.1368331
0.1238545
0.1191078
0.1185942
0.1029683
0.1405656
0.1058361
0.1233806
0.1118422
0.1073645
0.1110219
0.1050687
0.1073466
0.1115485
0.1080281
0.0949239
0.1376776
0.1351733
0.1596307
0.1510509
0.162863
0.1094704
0.157223
0.1446525
0.1077026
0.1304215
0.1245331
0.129466
0.1199666
0.1513582
0.1129348
0.131966
0.125786
0.1124037
0.1279053
0.1321258
0.1329409
0.1264236
0.1147007
0.1242051
0.1399145
0.0960781
0.1258571
0.1309954
0.1403125
0.0956219
0.1347837
0.1282047
0.1354363
0.1420993
0.1076845
0.1142806
0.1125629
0.1229366
0.0864161
0.1398379
0.1447339
0.1166485
0.1236701
0.1379001
0.1166851
0.1374863
0.1251909
0.1253816
0.1118137
0.1242719
0.1118565
0.1466747
0.1479988
0.1297979
0.1379224
0.1544072
0.1386766
0.1378377
0.1720638
0.1367612
0.1222278
0.1179017
0.1296945
0.1083273
0.1115129
0.1352969
0.1118223
0.1387736
0.1404877
0.1465745
0.120898
0.1246422
0.1597337
0.1516002
0.159311
0.1333788
0.1681733
0.1509267
0.1123789
0.1098951
0.1371709
0.1182365
0.1276352
0.1361514
0.119581
0.1220479
0.1390411
0.1150728
0.1267743
0.1407644
0.1328037
0.123368
0.1114823
0.1364228
0.1209186
0.1143422
0.1155463
0.116466
0.1375776
0.1224351
0.1241268
0.1360969
0.1246652
0.1198776
0.1283326
0.1334
0.1075962
0.1240783
0.1216436
0.1122038
0.1264346
0.1170908
0.1239217
0.1159454
0.1212179
0.13682
0.1414689
0.136491
0.1269505
0.1259134
0.1237072
0.1401979
0.1293751
0.1107679
0.1244841
0.1073738
0.116082
0.1278397
0.1459544
0.118586
0.1369635
0.1394432
0.1234501
0.1226884
0.1087631
0.1108023
0.1197786
0.1224489
0.1268623
0.1201825
0.1257162
0.1241227
0.1011202
0.1104966
0.1266482
0.1047603
0.1358369
0.1208787
0.1238116
0.1269364
0.1382311
0.158362
0.1418824
0.1368438
0.1336875
0.1323815
0.1358549
0.1524542
0.1672174
0.1350305
0.13435
0.1215646
0.1312071
0.1158994
0.1367317
0.1609849
0.1290982
0.1360036
0.1384866
0.1250845
0.1503965
0.1050975
0.1333494
0.1217308
0.1437181
0.1471345
0.1379894
0.1298087
0.1329747
0.148636
0.1443585
0.2000886
0.1510368
0.1636917
0.1922309
0.1236116
0.0918143
0.1158262
0.1177559
0.1018358
0.1218625
0.1245673
0.1229873
0.1293826
0.1110353
0.121954
0.1195734
0.1368787
0.1302793
0.1136697
0.1139568
0.133508
0.1384335
0.1302855
0.1283269
0.125056
0.1108893
0.1281714
0.1229366
0.1344333
0.1450516
0.1514289
0.1249477
0.1304329
0.1259489
0.1306856
0.1269775
0.1506936
0.1160055
0.1336151
0.149262
0.1293959
0.1246214
0.1441583
0.1421985
0.1464761
0.1339616
0.131417
0.1078132
0.1271379
0.1314545
0.1506646
0.1381582
0.1176918
0.1347995
0.1379523
0.1293118
0.1335343
0.1161033
0.1382252
0.1305605
0.1238721
0.1429714
0.13363
0.135025
0.1282383
0.1011363
0.1228326
0.112629
0.1040645
0.1034024
0.1087902
0.0984949
0.1150646
0.1122036
0.1244434
0.1468522
0.1273608
0.1228034
0.1284544
0.1293807
0.1182535
0.1481984
0.1446975
0.1474957
0.1600669
0.1447137
0.1317455
0.1167995
0.1338863
0.150529
0.1300153
0.1350344
0.1264977
0.1325949
0.1415435
0.1475011
0.1352369
0.1517568
0.1279954
0.1163169
0.1327948
0.1213583
0.145238
0.1337516
0.1391638
0.1206393
0.1271037
0.1278011
0.1307675
0.1294099
0.1093391
0.1238073
0.1134172
0.1148238
0.1301496
0.1244935
0.1121425
0.1246168
0.1472488
0.1292027
0.1254732
0.1323692
0.1382948
0.125502
0.1092966
0.1267859
0.1376846
0.1213095
0.1380807
0.1380303
0.1268136
0.1283944
0.1370333
0.1564603
0.1426554
0.1292841
0.1252506
0.1503567
0.1304063
0.1330523
0.1356357
0.136443
0.1546727
0.129636
0.136986
0.1336496
0.1339333
0.132895
0.1551353
0.1602722
0.1814276
0.1411647
0.1819988
0.1813831
0.1472787
0.1673561
0.1611833
0.1322265
0.1591507
0.1505257
0.1547107
0.1425525
0.1510717
0.1533148
0.148995
0.1620826
0.178235
0.1759182
0.1658121
0.1664429
0.1351826
0.1412174
0.13929
0.1437507
0.155188
0.1521436
0.1315535
0.1245633
0.1221579
0.1269115
0.1351501
0.1302053
0.1338314
0.1444765
0.1314934
0.135509
0.1502743
0.1467036
0.1400425
0.1161782
0.1327525
0.1300616
0.1356931
0.1629007
0.1500112
0.1509667
0.1608114
0.1472684
0.1454075
0.1414625
0.1630017
0.1646164
0.1435722
0.1381208
0.1362498
0.1607956
0.1449542
0.1496077
0.1483022
0.1419218
0.1535398
0.1761323
0.1652794
0.1537458
0.1583793
0.143703
0.1374948
0.1377146
0.1423708
0.1442242
0.1388811
0.1383232
0.1345793
0.1423476
0.1525152
0.1299279
0.1517026
0.1694795
0.1529612
0.1570663
0.1462349
0.1520284
0.1415055
0.1670894
0.1446548
0.149092
0.1614267
0.1721448
0.1486422
0.1471334
0.1456038
0.1643472
0.1654348
0.1778367
0.1406112
0.162423
0.1557921
0.1556447
0.1496846
0.1428518
0.1369479
0.1596573
0.1557589
0.1675434
0.1408121
0.1556043
0.1588983
0.1444776
0.1549979
0.178363
0.1476588
0.1602352
0.1568843
0.1637177
0.1570512
0.1597315
0.1632724
0.1492655
0.1449589
0.1501786
0.1643389
0.1514285
0.1575884
0.1474266
0.1512347
0.1538335
0.1489067
0.1621853
0.1704742
0.1418344
0.1575915
0.1548895
0.1269145
0.1344189
0.124183
0.1355388
0.1239919
0.1405909
0.134737
0.1252384
0.1226307
0.1312971
0.1468237
0.1578314
0.141174
0.1422668
0.1441959
0.1516453
0.1289667
0.1459199
0.139468
0.1549626
0.1561398
0.153178
0.153336
0.1719948
0.1459887
0.1271929
0.127326
0.1523158
0.1316924
0.1328606
0.1406372
0.1357489
0.1584863
0.1311009
0.1467953
0.1467046
0.1218522
0.1445689
0.1343297
0.1344795
0.1390661
0.1380152
0.1289345
0.1308823
0.1229732
0.132919
0.1348788
0.1315458
0.1599284
0.1613166
0.1382174
0.1403782
0.154121
0.1513737
0.1483746
0.1525102
0.1542533
0.1560718
0.1433156
0.1365573
0.1469717
0.149353
0.13275
0.1436981
0.1397551
0.1310173
0.1161379
0.1329548
0.1202285
0.1437395
0.1468764
0.1272926
0.1329036
0.1446668
0.1466663
0.1585466
0.1526703
0.1580626
0.176292
0.1745097
0.1517889
0.1601095
0.1629184
0.1611073
0.1553885
0.131728
0.1492932
0.1371998
0.1450411
0.1160247
0.1199079
0.1242885
0.1294654
0.1181542
0.1173023
0.1355278
0.1356154
0.1311607
0.1128778
0.1193082
0.1307812
0.1108719
0.0910065
0.111517
0.1354866
0.1333995
0.1279578
0.1177531
0.12069
0.1197966
0.1157296
0.1231632
0.1153263
0.1215547
0.127752
0.1426924
0.1455444
0.130726
0.1270212
0.1520808
0.1376148
0.1124263
0.1407601
0.1314333
0.1274373
0.1405602
0.1357319
0.1249521
0.1243742
0.1322028
0.1522203
0.1406765
0.1406046
0.140285
0.1197667
0.1320995
0.1265979
0.1215354
0.1206234
0.1439495
0.1338186
0.1233705
0.1361012
0.1567624
0.1536578
0.1481725
0.1689438
0.1571416
0.1667234
0.1414578
0.1269744
0.1518375
0.1337928
0.1381932
0.1530177
0.1722364
0.1523653
0.1493935
0.1434318
0.1759281
0.1563094
0.1867516
0.1487885
0.1235614
0.1485738
0.1208274
0.1428289
0.1233539
0.1334601
0.1486527
0.1415062
0.1405842
0.1342476
0.1395491
0.1669365
0.1803868
0.1959147
0.1580613
0.1437324
0.1500442
0.141556
0.1487018
0.155747
0.1309961
0.1414134
0.1444862
0.150192
0.1347188
0.1435038
0.1355892
0.1431828
0.1213474
0.1271233
0.1454882
0.1332593
0.1349397
0.1200649
0.1519137
0.152039
0.1274146
0.1460385
0.1160686
0.1412907
0.1453436
0.1203974
0.13088
0.1439841
0.1395702
0.1361442
0.1155489
0.1169144
0.132706
0.1271284
0.12136
0.1281402
0.1646055
0.1492239
0.1545182
0.1483045
0.1692063
0.1469083
0.1777073
0.1636861
0.1493145
0.1668506
0.162679
0.1513159
0.1583284
0.1709335
0.1755088
0.1777336
0.1812445
0.1672067
0.1596482
0.1527609
0.1754959
0.1476523
0.1579929
0.1455033
0.15874
0.1484556
0.144213
0.1421138
0.1655242
0.1400764
0.1550054
0.1432571
0.1543091
0.1591713
0.1625991
0.1632371
0.1491538
0.1513974
0.146772
0.1458718
0.1602823
0.1754201
0.1676285
0.1616522
0.1693828
0.1483695
0.1275562
0.1490981
0.1473524
0.1620765
0.1395498
0.1253727
0.1287467
0.1526304
0.1415897
0.1430054
0.1486138
0.1461146
0.1664905
0.1704136
0.1467893
0.1453537
0.1381281
0.1391695
0.1550913
0.1805376
0.1578631
0.1457293
0.1321511
0.1581666
0.1962432
0.1588578
0.1471156
0.1542192
0.1550824
0.1783216
0.1547055
0.1465895
0.1530572
0.143671
0.1458959
0.1546645
0.1266223
0.1495872
0.1366229
0.1402986
0.1590188
0.1775742
0.1416035
0.1802883
0.1821297
0.1380753
0.1571734
0.1622466
0.1636096
0.1633064
0.1804343
0.172347
0.1513965
0.1425451
0.1407848
0.1752767
0.1823884
0.1947709
0.2055557
0.1650557
0.1816932
0.2095426
0.1595468
0.1610127
0.1684343
0.1791059
0.1737953
0.1592341
0.1512863
0.1465842
0.1827507
0.1370102
0.1421144
0.1655503
0.1480061
0.1465933
0.1526493
0.1624137
0.1602518
0.1460098
0.1382462
0.1496961
0.1408898
0.1773307
0.1516746
0.1345762
0.168853
0.1452082
0.1493487
0.16588
0.1514732
0.1641648
0.1422106
0.1421527
0.1434476
0.1449437
0.139079
0.1587348
0.1398843
0.1258787
0.14775
0.1359145
0.1452103
0.150497
0.142437
0.1511976
0.1495726
0.1432497
0.1666361
0.1434564
0.1426627
0.1718018
0.1428792
0.1672029
0.1549563
0.1529322
0.1413533
0.1384449
0.1404634
0.1771272
0.1668223
0.1178811
0.1800368
0.1501582
0.1473633
0.1488973
0.1510468
0.1520386
0.1521108
0.1528985
0.1588959
0.1548825
0.1499468
0.1543668
0.1600037
0.1525836
0.1579419
0.1450693
0.1303333
0.1680956
0.1530084
0.1639756
0.1697461
0.1895594
0.1537939
0.1531643
0.1699172
0.137954
0.1453706
0.150887
0.1458563
0.1456694
0.1403792
0.167956
0.1554552
0.1560179
0.1701861
0.1588161
0.1766591
0.178352
0.1751649
0.1604013
0.200452
0.1675076
0.1513227
0.1728615
0.1462627
0.149462
0.1651213
0.143669
0.1562144
0.1561977
0.1672694
0.1640796
0.1404131
0.1403804
0.1425495
0.1794801
0.1603158
0.1502202
0.1654038
0.1510889
0.1631595
0.1920239
0.1787447
0.1716457
0.1527598
0.1707445
0.1539606
0.16209
0.1535779
0.1889205
0.1679621
0.1408044
0.1428328
0.161641
0.1882559
0.1402721
0.1499139
0.1184612
0.1328145
0.1482148
0.136408
0.1626624
0.1530058
0.1504688
0.1811902
0.1730409
0.1881852
0.1444362
0.1357328
0.1493309
0.1901552
0.1728918
0.1792038
0.1230838
0.1503898
0.1352312
0.1498548
0.1520146
0.1189947
0.1416341
0.1588385
0.1511129
0.1793141
0.14296
0.1802769
0.1777341
0.1814148
0.1784875
0.1460752
0.1763172
0.1572485
0.1724922
0.2035601
0.1889299
0.2412567
0.193953
0.1876392
0.2039638
0.1751205
0.2176321
0.2062986
0.1859047
0.1735164
0.1673171
0.1992173
0.1517288
0.1575628
0.1563472
0.1987804
0.1771535
0.1433715
0.1776974
0.165142
0.1481701
0.1513138
0.1120807
0.1285902
0.1096367
0.1066186
0.1003458
0.1238943
0.110432
0.1206861
0.0999739
0.1192567
0.1121128
0.1204311
0.1157508
0.1423379
0.1234118
0.1186717
0.1542444
0.1494662
0.123584
0.1246587
0.1120858
0.1059056
0.0957443
0.1099758
0.1175605
0.0986907
0.1131173
0.0914416
0.1224598
0.1130685
0.1106384
0.1223209
0.1130678
0.1218633
0.1203843
0.1176937
0.1317011
0.1200365
0.11768
0.1327929
0.1308307
0.1298442
0.1332407
0.1694335
0.1099538
0.1182052
0.1184141
0.1108826
0.119283
0.1254314
0.1271907
0.1144185
0.0968328
0.1073617
0.1182881
0.0987365
0.1226174
0.0941452
0.1103482
0.1032752
0.120052
0.1031193
0.1156208
0.1149694
0.1186603
0.1251495
0.1210809
0.1024576
0.1176763
0.1199353
0.1326108
0.120133
0.1212544
0.105693
0.119567
0.1177994
0.1060369
0.1195379
0.1058279
0.1141569
0.1213175
0.1052647
0.1223302
0.0975432
0.1096615
0.1014177
0.0880434
0.1250715
0.1218323
0.1388139
0.1258959
0.1315942
0.1096978
0.1209654
0.1119902
0.1149818
0.1153497
0.1136039
0.1022443
0.1071365
0.1318999
0.119142
0.1110545
0.1163949
0.1166094
0.1015391
0.1045119
0.1126648
0.1024956
0.1004337
0.1180098
0.1376677
0.10601
0.1194834
0.1002536
0.1089618
0.1130394
0.0995037
0.1137015
0.1303788
0.1109021
0.1182029
0.1251517
0.1256735
0.1221395
0.1309734
0.1289532
0.1236225
0.1257337
0.1317468
0.1371357
0.1294995
0.1064215
0.1221133
0.1291505
0.1188593
0.1089404
0.124409
0.1305122
0.1195742
0.113157
0.1291455
0.1210989
0.114695
0.1350459
0.1200246
0.134422
0.142519
0.1443172
0.1407126
0.1308684
0.1403882
0.1448083
0.1288715
0.1524649
0.136866
0.1449121
0.1332984
0.1293495
0.1237788
0.1324268
0.1557341
0.1215551
0.1260048
0.13345
0.1370111
0.1408436
0.1519001
0.1436423
0.1256596
0.1166667
0.1199737
0.1197849
0.1247596
0.1140746
0.1152027
0.1255476
0.1263195
0.1335411
0.1260682
0.1203195
0.1169445
0.1251283
0.1260102
0.1566239
0.1366943
0.1217321
0.126029
0.1346132
0.1371126
0.142424
0.1416388
0.1266937
0.1348078
0.129898
0.115324
0.1344859
0.1368679
0.1424206
0.1223086
0.1295842
0.1131491
0.143529
0.1369505
0.123816
0.1139739
0.1239322
0.1189094
0.1213959
0.0980992
0.0951065
0.111926
0.1016649
0.096837
0.1382872
0.1266028
0.0995177
0.1049858
0.1053564
0.1061007
0.0876951
0.1103916
0.1182669
0.1051046
0.1129314
0.1038946
0.1064544
0.1117193
0.1072801
0.0910453
0.1100449
0.1032987
0.1214438
0.1514506
0.1260214
0.1253945
0.145761
0.1173123
0.1157004
0.1234201
0.1253144
0.1142054
0.1240755
0.1196362
0.1414439
0.1169631
0.1406959
0.136788
0.1311361
0.1096633
0.1332671
0.1268978
0.1056606
0.1347314
0.1617846
0.154919
0.1374606
0.1416626
0.1335049
0.1359565
0.122346
0.1277241
0.1207791
0.1200266
0.1312171
0.1496901
0.1260061
0.1324285
0.145221
0.12855
0.1385893
0.1239393
0.1218545
0.1136476
0.1388482
0.1157916
0.1075197
0.1126742
0.0977315
0.1028
0.1191619
0.1488835
0.1076655
0.1055527
0.1119753
0.1275482
0.1200004
0.1109415
0.127203
0.1182625
0.1183218
0.1371962
0.143671
0.1501313
0.1435455
0.1329319
0.1226564
0.1243029
0.1313246
0.1108399
0.128996
0.1243379
0.1266494
0.1229767
0.1319345
0.1179909
0.1289818
0.0987921
0.1266449
0.1202685
0.1024859
0.1189636
0.0997259
0.1104294
0.1246733
0.1199307
0.1027823
0.0905838
0.1232813
0.1198876
0.1159246
0.1355217
0.1568682
0.1084755
0.1186826
0.1224753
0.131778
0.1189642
0.1150069
0.1151697
0.1360657
0.1004213
0.1239355
0.1255072
0.1252953
0.1054271
0.1063572
0.1284067
0.1269532
0.1083312
0.1160939
0.1340163
0.137174
0.1368032
0.132907
0.1246286
0.1421634
0.1566281
0.1303936
0.1379896
0.1589549
0.1331032
0.141629
0.1350138
0.1495737
0.1406187
0.1455274
0.1473585
0.1525502
0.1467361
0.1556117
0.1526853
0.1548981
0.1434967
0.1486331
0.1618563
0.185076
0.1917133
0.1687629
0.1558624
0.1668753
0.154271
0.1563545
0.1734721
0.1534484
0.170176
0.1646645
0.1399959
0.1339626
0.1437269
0.1519843
0.1459288
0.1484929
0.1549301
0.1507158
0.1551056
0.1359339
0.1491087
0.1491086
0.1408174
0.1340117
0.1587016
0.1609997
0.1668764
0.1556689
0.1667392
0.1494335
0.1327576
0.1525304
0.1536334
0.1367895
0.151322
0.1494855
0.1626051
0.1341274
0.1547035
0.125152
0.1231777
0.1480681
0.1177095
0.1209386
0.1220341
0.1313071
0.1079071
0.1312761
0.1091253
0.1183371
0.1417513
0.11458
0.1325729
0.1417754
0.1397619
0.1386807
0.1348994
0.1237869
0.126706
0.1337226
0.12375
0.1307227
0.1517737
0.1208137
0.1425697
0.1340276
0.139903
0.1250687
0.1072788
0.1255461
0.1158288
0.1383485
0.1410935
0.1236125
0.1299645
0.1361464
0.1393337
0.1561192
0.1360257
0.1271575
0.1320803
0.1268153
0.1234529
0.1186599
0.149242
0.131806
0.1187055
0.1370125
0.1649113
0.14612
0.1748358
0.1564247
0.1399091
0.161474
0.1326716
0.1550156
0.1258336
0.1227458
0.144854
0.1533595
0.1645611
0.1664575
0.1697979
0.1734426
0.1734498
0.1738459
0.1702111
0.17593
0.1598816
0.144825
0.1689187
0.1652035
0.1718047
0.1581052
0.1366154
0.1674945
0.1708014
0.152449
0.1509966
0.1591808
0.148449
0.1573263
0.1862958
0.1822576
0.1745704
0.1567362
0.189362
0.1791115
0.1524837
0.1498801
0.1405985
0.1422665
0.14179
0.1786284
0.1706368
0.188428
0.1481059
0.178901
0.1531387
0.1838142
0.1626663
0.1744068
0.1662475
0.1895463
0.1717081
0.1978792
0.1866285
0.1732994
0.1489618
0.1624134
0.1799185
0.1751094
0.1844657
0.1630477
0.1196696
0.1357577
0.1442204
0.1607928
0.1470586
0.14067
0.1565554
0.1630596
0.192032
0.1733502
0.1692039
0.1549818
0.1884501
0.1570096
0.1322237
0.1674496
0.1288534
0.1341964
0.1468102
0.1568578
0.1527287
0.1470741
0.1431177
0.1368882
0.1447252
0.1456472
0.1657721
0.1422002
0.1393849
0.1432565
0.1462967
0.1381791
0.1359084
0.1297022
0.1475877
0.1410362
0.1240752
0.157199
0.1279758
0.1400592
0.1768491
0.1640907
0.1340362
0.1219755
0.1541938
0.1323996
0.1569172
0.1593233
0.1428596
0.1412608
0.160297
0.1563957
0.1332834
0.1377683
0.1351753
0.1275454
0.1416531
0.1421983
0.149165
0.1598894
0.1542888
0.1395674
0.1452086
0.133395
0.1482645
0.1371937
0.1350778
0.1533043
0.1527558
0.1360324
0.1376205
0.1825377
0.1724302
0.165594
0.1329592
0.133254
0.1663471
0.1469117
0.1478961
0.1417736
0.152026
0.1531819
0.1520785
0.1531688
0.1724252
0.1934207
0.1848452
0.2084966
0.2168269
0.2016735
0.1875971
0.1721187
0.1668798
0.1960639
0.1521112
0.1928721
0.1893273
0.1813206
0.1732223
0.1932811
0.1619567
0.1705804
0.1570811
0.2071136
0.1543479
0.1495782
0.1896853
0.166389
0.2305629
0.2022289
0.2372034
0.1804969
0.153202
0.1501231
0.1690422
0.1925844
0.193414
0.1874343
0.1898231
0.1824266
0.1896921
0.1548695
0.1999281
0.1798202
0.1697259
0.1801095
0.1662271
0.1544793
0.1770004
0.1745968
0.1826349
0.1730123
0.1830976
0.1840487
0.1915574
0.2312646
0.1580722
0.1383182
0.1548764
0.1662936
0.1740863
0.1744918
0.1566789
0.1689944
0.1423385
0.1555477
0.1609214
0.1568552
0.168962
0.1390525
0.1529405
0.1669313
0.1690924
0.1603494
0.1485368
0.1568589
0.144745
0.1623874
0.1760883
0.1555719
0.1517991
0.1623655
0.1503853
0.1791398
0.19024
0.1769855
0.1740872
0.1702573
0.1624498
0.1506384
0.1571889
0.1764245
0.1535131
0.1357595
0.1427477
0.17022
0.1418461
0.1560045
0.1691847
0.159486
0.1765605
0.1330206
0.1645262
0.1358418
0.1318705
0.1321351
0.138465
0.158816
0.1345857
0.1532608
0.1729612
0.192728
0.1707482
0.2112471
0.1831019
0.1803133
0.1737062
0.1809175
0.2017069
0.1791186
0.1843033
0.2145708
0.2223986
0.2173342
0.2024191
0.205273
0.1972412
0.1772926
0.2282664
0.2162217
0.2058622
0.1848188
0.1859157
0.1680517
0.2006305
0.1812006
0.1634961
0.1913013
0.1889406
0.1722209
0.2045215
0.191495
0.1818093
0.1913459
0.2000569
0.1650686
0.1844142
0.1472806
0.1419308
0.1420741
0.1507234
0.1497667
0.139769
0.1411588
0.1325679
0.1703362
0.1717882
0.1282737
0.1196508
0.126215
0.1248158
0.1376838
0.1602207
0.1487907
0.1739683
0.1411233
0.13719
0.1282336
0.149686
0.1498885
0.1505563
0.1461305
0.1378323
0.1391952
0.1545473
0.155111
0.1345464
0.1405886
0.1346601
0.1300392
0.1423284
0.1420202
0.1351202
0.1385679
0.1159208
0.1217063
0.1194731
0.125801
0.1357923
0.1325558
0.1342252
0.1563128
0.1270559
0.1198389
0.1149777
0.1276441
0.1505622
0.1337302
0.1364461
0.1655506
0.1466752
0.1469309
0.1685047
0.1506291
0.163366
0.1710895
0.1648895
0.1597171
0.1764903
0.1497259
0.1768083
0.1541799
0.1925271
0.1708821
0.1830809
0.1862865
0.1856464
0.1640346
0.1652804
0.180488
0.1787316
0.1664604
0.1698975
0.1860525
0.1620932
0.1596973
0.1682844
0.1656927
0.1769126
0.1855738
0.1655162
0.1573899
0.1803734
0.1500385
0.1835703
0.1782969
0.17665
0.1883538
0.1743029
0.1690208
0.1843519
0.1972032
0.1644513
0.1330251
0.1504924
0.1409593
0.1548197
0.16876
0.1681896
0.1596776
0.1656202
0.1349674
0.1682401
0.1766804
0.154828
0.1560491
0.1575637
0.1582482
0.147725
0.1696098
0.1798147
0.1540499
0.1547246
0.183488
0.1825036
0.1651169
0.1648389
0.1509036
0.1497506
0.1291051
0.1549783
0.1639505
0.1634771
0.1476583
0.1342619
0.1289797
0.1394877
0.1065145
0.1242675
0.109754
0.1408371
0.1237978
0.1302574
0.1375806
0.1510301
0.1629514
0.1528495
0.1456472
0.1522346
0.1587972
0.1271548
0.1398328
0.1717419
0.1572016
0.1604197
0.167311
0.1597618
0.1607871
0.1327718
0.1338449
0.1061446
0.1433653
0.129447
0.1253103
0.13148
0.1642243
0.1712464
0.1719804
0.1476972
0.147227
0.1527335
0.1573025
0.1298156
0.1561431
0.1725405
0.1665156
0.1596744
0.1767769
0.1877637
0.204663
0.1665208
0.1673788
0.1627589
0.1720851
0.1949328
0.1601843
0.160368
0.1683661
0.1545075
0.1879239
0.1507465
0.1867518
0.122574
0.1355539
0.1522591
0.1552001
0.148458
0.1914183
0.1662542
0.1907914
0.1636491
0.1193007
0.1316547
0.1466132
0.1320574
0.138884
0.1035765
0.1180888
0.1674593
0.1270586
0.1707771
0.1568857
0.1528308
0.1699007
0.1626673
0.1668153
0.1497766
0.1693292
0.159837
0.1687745
0.1493393
0.1449485
0.1595274
0.13982
0.1345872
0.1676822
0.1423673
0.1530682
0.1426231
0.1618924
0.1827921
0.1672238
0.1456076
0.1367948
0.1379078
0.1726621
0.1834199
0.1442501
0.1318318
0.1193202
0.1291014
0.1367332
0.1271613
0.1377225
0.1481735
0.1635742
0.1583826
0.152314
0.1318989
0.1266591
0.1206087
0.1127035
0.1260641
0.1234255
0.1158489
0.0950307
0.1104787
0.1076179
0.1236781
0.1074161
0.1265668
0.1230924
0.1242609
0.1216961
0.1258977
0.121621
0.1139881
0.1146287
0.1437054
0.1194421
0.1275662
0.113559
0.1221068
0.1441146
0.1300767
0.1295551
0.1157315
0.1146707
0.1175692
0.1196124
0.1197086
0.1171024
0.1234323
0.119436
0.1202466
0.1053949
0.1112368
0.1230461
0.1265684
0.1138972
0.1221658
0.1100342
0.1182199
0.1400729
0.1099747
0.1143256
0.1132057
0.120407
0.1075731
0.1164749
0.1277528
