0.1744292
0.1596198
0.1294225
0.197086
0.0989206
0.0852501
0.1263806
0.0945
0.0910707
0.1197501
0.0950644
0.1078395
0.1479716
0.0839522
0.0986245
0.0875684
0.1034322
0.080352
0.0869296
0.0938238
0.089697
0.1120812
0.118858
0.1557679
0.0984714
0.1482715
0.1888116
0.161172
0.1521271
0.1592288
0.136537
0.1719736
0.1212446
0.0875281
0.0910184
0.0896227
0.0744418
0.1076502
0.092901
0.1157572
0.1236541
0.0902532
0.1205949
0.1106777
0.1676522
0.119022
0.1623448
0.096239
0.1025873
0.1162498
0.1124655
0.129204
0.1130337
0.1169421
0.1055223
0.1181337
0.0821101
0.1005329
0.0991699
0.0738618
0.1170292
0.1100405
0.1467567
0.127514
0.1479434
0.1403009
0.1626152
0.1545382
0.1213737
0.1455237
0.2026872
0.1605835
0.1678036
0.147106
0.1699068
0.1590673
0.1642455
0.109662
0.1642126
0.1739158
0.1186806
0.1291978
0.162797
0.1089438
0.1393274
0.1211786
0.1162867
0.1969798
0.1413624
0.1765636
0.1538719
0.1497477
0.1386359
0.1144159
0.1163698
0.1492291
0.1250463
0.1358409
0.1047283
0.135372
0.1214264
0.134285
0.1198295
0.1615534
0.1509416
0.1596672
0.1324044
0.1153766
0.1308675
0.1073086
0.1362434
0.1196478
0.143474
0.1249816
0.1597671
0.1063222
0.0894961
0.1459456
0.1527261
0.138932
0.130397
0.1276139
0.1637225
0.1662989
0.1509404
0.1640056
0.1810803
0.1640841
0.1860182
0.2001954
0.1687124
0.1765303
0.1701894
0.182059
0.1860519
0.1446795
0.1436259
0.1144547
0.1491421
0.1859885
0.2039414
0.1788791
0.1713942
0.1969583
0.1871491
0.2115047
0.1483718
0.1174721
0.1282223
0.1107636
0.0939289
0.1305698
0.1278799
0.1055357
0.1208739
0.1308492
0.1251909
0.1326711
0.1775771
0.1274536
0.1955247
0.1686538
0.145598
0.1636716
0.1741685
0.1182714
0.1215001
0.1099342
0.1392594
0.1147145
0.1071938
0.1401384
0.1393494
0.1772717
0.1466524
0.1661494
0.179337
0.1544189
0.1322029
0.121522
0.1404441
0.1385197
0.1489087
0.189502
0.1693335
0.1754946
0.1860659
0.1663651
0.1809948
0.2093093
0.2048804
0.1797765
0.20034
0.2152022
0.160387
0.1499996
0.1765594
0.1764632
0.1783357
0.183395
0.1716325
0.2040388
0.1792399
0.1988437
0.2114415
0.242326
0.2242173
0.2422892
0.2282569
0.2132852
0.256782
0.2350706
0.2039724
0.2436629
0.2119029
0.2033642
0.2056214
0.2235596
0.2227639
0.1981337
0.2263795
0.2269231
0.1912068
0.1832508
0.1902197
0.1732542
0.1935283
0.1973778
0.1812777
0.2080731
0.1716911
0.1929745
0.1662622
0.1778741
0.1858412
0.1858096
0.1726457
0.2134471
0.1664377
0.1747578
0.1691491
0.1842977
0.2393408
0.2237948
0.2206836
0.2280208
0.2439082
0.1787827
0.1746965
0.1542264
0.166156
0.1674855
0.1753719
0.1934211
0.1970427
0.1947832
0.1778793
0.18456
0.1736956
0.1752162
0.139234
0.1637413
0.1515496
0.1763048
0.1592578
0.1703431
0.1655208
0.1823287
0.1669468
0.2121967
0.1721162
0.1872802
0.1690424
0.1857157
0.1637798
0.1523009
0.1515174
0.1578687
0.1577448
0.1436482
0.1585347
0.1817351
0.1709262
0.164373
0.1787967
0.145911
0.1968079
0.14816
0.169119
0.1846451
0.140379
0.1529882
0.1416347
0.1334137
0.1703243
0.1487047
0.1977743
0.16534
0.149962
0.1436772
0.1479734
0.1495039
0.1527726
0.1293995
0.1489327
0.1223931
0.1292708
0.1646392
0.1301932
0.154094
0.1570483
0.1679044
0.1138592
0.1417818
0.1378266
0.1308032
0.1201206
0.1703584
0.1280763
0.116767
0.1443905
0.1238326
0.152027
0.1299614
0.1002578
0.1240958
0.1129525
0.1117087
0.1114613
0.1064284
0.125255
0.0963737
0.1260847
0.1145153
0.1502813
0.154316
0.1462802
0.1291533
0.1316545
0.1330476
0.126641
0.1194801
0.1164302
0.1466443
0.1598164
0.1338427
0.1623514
0.1347261
0.1755149
0.179697
0.1793423
0.1678715
0.1378042
0.1724666
0.16758
0.1729314
0.1644248
0.1936053
0.1588005
0.1422325
0.1449161
0.1389059
0.1271757
0.1238829
0.1445801
0.1505887
0.144546
0.1416025
0.1250417
0.1298035
0.1202563
0.1452438
0.1605825
0.1471678
0.1469927
0.1624158
0.1038765
0.109755
0.1062731
0.1198151
0.104912
0.124268
0.1165262
0.1222547
0.139873
0.1515308
0.1076706
0.1148278
0.1171794
0.137159
0.1174884
0.1050337
0.1249515
0.1067659
0.1056584
0.1100653
0.1440101
0.1279319
0.1192457
0.1362869
0.1252373
0.114333
0.1151665
0.0973289
0.1090323
0.1207677
0.1271945
0.1072122
0.112712
0.1077283
0.1280012
0.1169765
0.1197142
0.1422218
0.1334806
0.1141558
0.1117859
0.1185156
0.1077337
0.1264935
0.130041
0.1035039
0.1398047
0.1180406
0.1142837
0.1214307
0.1107045
0.113622
0.1056324
0.1279844
0.106991
0.1171433
0.1124604
0.1146626
0.1095786
0.1239569
0.1097818
0.1417219
0.1159063
0.1147147
0.1136663
0.1245059
0.1204766
0.1144123
0.1228522
0.1331844
0.1198063
0.1207166
0.122149
0.1303081
0.113557
0.115137
0.1120705
0.1165822
0.1079213
0.1132437
0.12415
0.1342751
0.1128721
0.1292132
0.117557
0.1116784
0.111741
0.1221597
0.111064
0.1208071
0.1201324
0.1129277
0.1138275
0.1067796
0.1182574
0.1110044
0.1280091
0.1220658
0.1079236
0.1138811
0.1051227
0.1397398
0.1303464
0.1650263
0.1198542
0.140481
0.1261588
0.1203635
0.138019
0.1298053
0.1199964
0.1184677
0.1221352
0.1080082
0.1191124
0.1199894
0.1214635
0.1330872
0.1319529
0.1355088
0.1310044
0.1199478
0.1303993
0.114574
0.1266074
0.1179418
0.1132415
0.1140504
0.1392532
0.1252734
0.1288059
0.1198925
0.1171309
0.122958
0.1172276
0.1114304
0.1318146
0.1554018
0.1333383
0.1388188
0.1349415
0.1575186
0.1423731
0.1497778
0.1368178
0.1193536
0.1311457
0.1244802
0.1350417
0.1547434
0.1368236
0.1142684
0.1419884
0.1297815
0.1243277
0.1333494
0.1215699
0.1144615
0.122632
0.1189304
0.1168456
0.1390505
0.1228723
0.1349875
0.1352606
0.1579713
0.1178823
0.1356292
0.1328401
0.1451126
0.110435
0.129132
0.1329561
0.1241289
0.1353012
0.1395332
0.1121876
0.1183142
0.1188342
0.1273387
0.1363162
0.137844
0.1383885
0.1297314
0.1327236
0.1318213
0.1284978
0.1320231
0.1381419
0.1501121
0.1341936
0.1259231
0.1536414
0.1342301
0.1463548
0.1340378
0.1321731
0.1279996
0.1291653
0.1402529
0.1352935
0.1395097
0.1319045
0.1186143
0.1892199
0.1461836
0.132197
0.1296725
0.1397281
0.1351088
0.1200101
0.1430164
0.1257952
0.1321012
0.1346535
0.1526492
0.1351803
0.1297382
0.131935
0.1230363
0.1099448
0.1534076
0.1059291
0.1242082
0.1286501
0.1237107
0.1338987
0.1214159
0.141372
0.1270309
0.1410568
0.1267255
0.1210654
0.1337716
0.134592
0.1465423
0.11758
0.1328328
0.1090853
0.0978273
0.1041349
0.1249762
0.1456636
0.1509168
0.1268539
0.1509638
0.1588252
0.1231372
0.1146485
0.1190282
0.0997195
0.1283894
0.1334497
0.1055556
0.1215387
0.1273177
0.0978301
0.0909121
0.1027626
0.1109864
0.1228256
0.1054022
0.106314
0.1033294
0.1001249
0.1090683
0.1003759
0.1138764
0.1184569
0.1219963
0.1085315
0.1097627
0.0949237
0.1166053
0.1288758
0.1197957
0.1317801
0.1103116
0.107148
0.1190895
0.1173956
0.1304995
0.0959947
0.1363707
0.1196668
0.1045387
0.1225792
0.1435722
0.1211758
0.1213956
0.1182827
0.1344337
0.1288614
0.107587
0.11882
0.1157333
0.1239882
0.1360329
0.1251652
0.1262207
0.1058592
0.1176429
0.1119086
0.1242087
0.1089811
0.1124106
0.1171534
0.1170397
0.1325959
0.1001604
0.1251799
0.1285632
0.115164
0.122669
0.1163425
0.1209292
0.1244188
0.1248948
0.1367422
0.131223
0.1394751
0.1129275
0.1413243
0.1588067
0.129513
0.1246411
0.1175366
0.1028082
0.1163482
0.1219083
0.0987481
0.102308
0.1239658
0.11255
0.155968
0.1283495
0.1410534
0.1435641
0.1133685
0.115017
0.1482458
0.1691531
0.1451103
0.1387685
0.1390388
0.1467065
0.1469843
0.1276978
0.1374411
0.1339625
0.1193121
0.1395011
0.1366414
0.1455512
0.1478105
0.1471938
0.1154853
0.1773041
0.1580285
0.1216236
0.1587394
0.1484302
0.1543908
0.154158
0.1402582
0.1664787
0.1505666
0.1373115
0.1500054
0.1690661
0.1267769
0.1189075
0.1564585
0.1316599
0.1559287
0.1399008
0.1377248
0.1605821
0.1717962
0.1694259
0.167885
0.1471577
0.1588898
0.147446
0.1297649
0.122693
0.1357997
0.1554749
0.1586983
0.161587
0.1386011
0.091547
0.1110915
0.171712
0.1310634
0.1133474
0.1280969
0.138806
0.1647397
0.1203737
0.1588553
0.1158979
0.131071
0.1628754
0.1247693
0.1295087
0.116651
0.1229078
0.130121
0.1162771
0.1278719
0.1275277
0.1302416
0.1276296
0.1440413
0.151228
0.1480162
0.1411794
0.142242
0.1143939
0.114052
0.1363067
0.1361214
0.1253753
0.1027018
0.1087848
0.142878
0.1205553
0.1547164
0.1195462
0.1297306
0.1355943
0.1494322
0.1224609
0.1475912
0.1417767
0.1175924
0.1471343
0.1208399
0.1353194
0.1002099
0.1540627
0.1656659
0.1478407
0.1623593
0.1424273
0.1678048
0.1465652
0.1709777
0.161941
0.1672307
0.2076919
0.1797135
0.1921768
0.1627186
0.1854145
0.2050863
0.1549048
0.1907984
0.1726581
0.2265748
0.2119742
0.2083997
0.1525174
0.1568504
0.1871764
0.1719173
0.1701802
0.1578453
0.1575655
0.1784777
0.1581321
0.1641537
0.1458755
0.1811101
0.1435033
0.1752531
0.1465174
0.1482813
0.1434055
0.1443119
0.1506652
0.1617519
0.1639777
0.1627982
0.1733485
0.1652091
0.1482408
0.1354939
0.1748576
0.1774217
0.1621519
0.1521221
0.1770207
0.1642094
0.1660652
0.1559029
0.1523528
0.1466016
0.1637712
0.1702606
0.1443538
0.1759209
0.1733499
0.1876115
0.149381
0.1607037
0.1735644
0.1768364
0.1537053
0.1251256
0.1449437
0.1571906
0.1494832
0.1435875
0.1679844
0.1624132
0.1474346
0.1543752
0.1571795
0.1609921
0.1636253
0.1711807
0.1704056
0.1296591
0.1740571
0.1805731
0.1673792
0.1377982
0.1393825
0.1660125
0.1804974
0.1730375
0.1444433
0.1984315
0.1541365
0.1477658
0.1450327
0.1517471
0.1588364
0.1831679
0.1861388
0.1748974
0.1775565
0.1638217
0.168396
0.1507313
0.1617325
0.1501548
0.1686795
0.1410022
0.165126
0.183968
0.1740258
0.1573765
0.1811785
0.1773935
0.1821651
0.1839602
0.1876893
0.1910966
0.1584839
0.2030262
0.1748912
0.1960731
0.1668442
0.1966395
0.161539
0.1611032
0.1850507
0.1700853
0.1718728
0.1559804
0.1937512
0.1583093
0.1553306
0.1581009
0.1645642
0.1420843
0.1622024
0.1365474
0.1616178
0.1543047
0.1561016
0.1405444
0.1763462
0.1810617
0.1558408
0.1759287
0.1513013
0.1400856
0.1725475
0.1756869
0.1766627
0.163389
0.1568873
0.1455708
0.1502776
0.1651075
0.1840973
0.1875401
0.1809042
0.1606034
0.1695857
0.1712769
0.153086
0.1855948
0.1650443
0.1668734
0.1860189
0.1483297
0.1419716
0.1661118
0.1535475
0.1565883
0.155531
0.1640862
0.1913038
0.1474936
0.1973179
0.1839261
0.1552961
0.1794011
0.1713378
0.1843007
0.1880254
0.192026
0.1864427
0.1634063
0.1851312
0.1589391
0.1786755
0.1640806
0.1674835
0.1593248
0.1704023
0.1634862
0.1325322
0.154282
0.1659009
0.1518737
0.1488566
0.1291391
0.1369364
0.146154
0.154187
0.1365866
0.1411221
0.1160987
0.1235402
0.1465536
0.1424275
0.163835
0.1446563
0.1405353
0.1522695
0.1288678
0.2012283
0.1387546
0.1338647
0.1445624
0.1503906
0.1518224
0.1599602
0.1348044
0.1276901
0.1647894
0.1631645
0.1760731
0.1641968
0.140064
0.1542157
0.1469789
0.1605776
0.1434195
0.1327284
0.1597863
0.1442387
0.1197786
0.1334988
0.1487661
0.1495733
0.1279715
0.1231438
0.1315341
0.1258893
0.1376194
0.1380344
0.1715662
0.1145872
0.1372618
0.1431771
0.1446982
0.1422691
0.126677
0.1286525
0.1353878
0.1205398
0.130154
0.1168208
0.1100916
0.1136492
0.1423308
0.1392693
0.1308018
0.1062983
0.1178786
0.1626074
0.1224763
0.1356799
0.162739
0.1348467
0.1418978
0.1300117
0.153439
0.1457501
0.1425862
0.1525689
0.1451009
0.1603148
0.1459005
0.1713011
0.1595215
0.1466629
0.146458
0.1888965
0.18074
0.1297155
0.1174141
0.1517264
0.1736823
0.1290049
0.1492012
0.1460051
0.1329569
0.1245374
0.1312858
0.1198817
0.1443226
0.1382199
0.1261692
0.1159134
0.131678
0.1267378
0.1668471
0.1168333
0.1147402
0.1219322
0.1049502
0.1590284
0.1232452
0.1254628
0.1108821
0.125922
0.1374678
0.1225059
0.1050361
0.1260307
0.1075355
0.1203092
0.1169303
0.1475679
0.1104902
0.1431559
0.1355831
0.115117
0.1213865
0.1389017
0.1105047
0.1441353
0.1123658
0.1424513
0.1312528
0.1447332
0.139248
0.1328653
0.133623
0.1345902
0.1315213
0.1595801
0.1269317
0.1506172
0.1499076
0.1613235
0.1444473
0.133229
0.1222855
0.1556191
0.1513808
0.1306549
0.1437487
0.149398
0.1533184
0.1358953
0.1134586
0.1049581
0.1118699
0.1478468
0.1190774
0.1078506
0.1272724
0.1418528
0.1031334
0.1133008
0.1055791
0.1218158
0.1201844
0.1333598
0.1273809
0.1250858
0.1212754
0.1353516
0.1047892
0.1261584
0.1134801
0.1130599
0.124861
0.1107961
0.1146838
0.1226071
0.1197343
0.1234207
0.1307451
0.1192136
0.1278316
0.1315528
0.1314009
0.107681
0.1344903
0.1283178
0.1225408
0.1505474
0.1402928
0.1392833
0.1327643
0.14834
0.1440564
0.1527763
0.1194868
0.1122396
0.1470132
0.1218644
0.1262098
0.1279529
0.131535
0.1328963
0.1361384
0.1196547
0.1201719
0.1244198
0.1529872
0.1272826
0.1128403
0.1698347
0.1420787
0.1122326
0.1440291
0.1210792
0.1283951
0.1264674
0.1416277
0.1205376
0.1769376
0.1398629
0.1489642
0.1526203
0.1784164
0.1640354
0.1421346
0.1830008
0.1375487
0.1425129
0.1734516
0.1669844
0.2076285
0.1600617
0.1866589
0.1939489
0.201171
0.1782104
0.1629013
0.1678545
0.1404039
0.1594069
0.1523086
0.1396214
0.1692502
0.1427733
0.1512424
0.1555554
0.1305822
0.1310664
0.164822
0.1436521
0.1626942
0.1378506
0.1553274
0.1611115
0.148479
0.151136
0.1723583
0.1457779
0.1810422
0.1235605
0.1792512
0.1721693
0.1498881
0.1604536
0.1549367
0.1503345
0.1518427
0.1317384
0.1305804
0.1964812
0.1375193
0.1417424
0.1432006
0.1554112
0.1369545
0.1459324
0.1568332
0.1567709
0.1676538
0.1442121
0.1442959
0.1639532
0.1638998
0.1969265
0.1517427
0.1688776
0.1555566
0.1551486
0.1623658
0.1941213
0.2142625
0.1458628
0.1479841
0.1536911
0.1672302
0.1511929
0.1551165
0.1583485
0.1643904
0.1591027
0.1293495
0.1555535
0.1450522
0.1278681
0.1523744
0.1435227
0.1511177
0.140788
0.1486171
0.1870856
0.1549644
0.1440358
0.1407748
0.1603466
0.1456527
0.1710153
0.1990957
0.1518994
0.1450174
0.168532
0.1277376
0.1585359
0.154433
0.1359268
0.1426448
0.1530767
0.1995153
0.1746376
0.16992
0.1691259
0.1514043
0.167164
0.1771108
0.154673
0.1795711
0.2037946
0.1664841
0.1671621
0.1399024
0.1515445
0.1550723
0.1476706
0.1297965
0.1384835
0.1507718
0.1680159
0.1461663
0.1344246
0.1296524
0.1446168
0.1147014
0.1548956
0.1719828
0.1383807
0.1291211
0.134205
0.1604808
0.1291747
0.1641324
0.1626787
0.1591178
0.1674556
0.1485974
0.14977
0.1571547
0.1442348
0.1430696
0.1401221
0.1842687
0.1515476
0.1301493
0.1433706
0.152707
0.1490562
0.140961
0.1530496
0.1370132
0.1498291
0.1678546
0.1655569
0.2006103
0.1868759
0.1880757
0.1831997
0.1726691
0.1701643
0.1634102
0.1520129
0.1647217
0.1698744
0.1802391
0.1744852
0.1709995
0.1576114
0.1645982
0.1788915
0.2182444
0.1970723
0.1751166
0.1581809
0.1504462
0.1532253
0.1626143
0.1899384
0.1598757
0.1634008
0.158337
0.1371733
0.1208535
0.1445124
0.1775964
0.137107
0.1569004
0.1714292
0.1575285
0.1652499
0.1783975
0.1575283
0.1572934
0.1840636
0.1740363
0.1582961
0.1780882
0.1520976
0.1578727
0.1617315
0.1738905
0.1787216
0.1830436
0.1872989
0.1710865
0.1678114
0.1795481
0.1829169
0.1851566
0.1646653
0.1663819
0.1860508
0.1532483
0.1661784
0.1753422
0.1609117
0.1745416
0.1434259
0.1712999
0.1463352
0.1690774
0.1686085
0.1937622
0.1827792
0.2036603
0.1972959
0.2212672
0.1612403
0.1603855
0.146048
0.1626642
0.179164
0.1398058
0.1233057
0.150913
0.1484478
0.1489146
0.1519747
0.1490017
0.1573142
0.1684373
0.1687543
0.1493261
0.1867461
0.1654539
0.1530502
0.1406716
0.179137
0.2029244
0.1899063
0.2101369
0.2071954
0.2072834
0.1849266
0.1853173
0.2104164
0.2035327
0.1914253
0.2201817
0.1668048
0.1724109
0.1635444
0.1920356
0.157202
0.2138937
0.2026192
0.1622377
0.1417976
0.1733986
0.1463318
0.173291
0.1437907
0.1670939
0.1708791
0.1981283
0.1913098
0.2014732
0.167143
0.1869047
0.1661131
0.17396
0.1730074
0.1534325
0.1614998
0.1664255
0.1806992
0.2047999
0.1975155
0.1756476
0.1606786
0.1757641
0.1478887
0.1503495
0.174214
0.1871845
0.1910109
0.1580949
0.1885456
0.1901923
0.1619343
0.1610607
0.1643129
0.1850942
0.1837868
0.1770437
0.1614177
0.1887115
0.1831456
0.1907072
0.1754167
0.1675494
0.1803309
0.1627304
0.171332
0.2150171
0.1871275
0.1760372
0.2013361
0.1697364
0.1883945
0.1425003
0.1461371
0.1781433
0.1843271
0.1809311
0.1693747
0.1999522
0.1622715
0.1497474
0.1618979
0.1892339
0.152957
0.1662416
0.171084
0.1580966
0.1920373
0.1675064
0.152001
0.1729938
0.1915112
0.1683489
0.2311921
0.1854114
0.1766509
0.1470131
0.1586493
0.1862512
0.1926176
0.2161898
0.2077865
0.2145375
0.1825344
0.1915431
0.2198191
0.2387918
0.225921
0.2192685
0.2150793
0.2066344
0.2191549
0.1881987
0.2213095
0.2231284
0.2295278
0.17737
0.2094328
0.202363
0.18834
0.2128166
0.1903241
0.2018014
0.1973052
0.2054342
0.2024769
0.2132985
0.2426743
0.21648
0.233292
0.2192225
0.2117358
0.1989428
0.1965038
0.1793371
0.2287141
0.2230266
0.2020996
0.2392617
0.2387976
0.2569357
0.2266256
0.2111194
0.2654811
0.2286289
0.1800049
0.2204004
0.1976612
0.1990802
0.2099192
0.1830414
0.1818691
0.1837093
0.153382
0.1866537
0.1699379
0.1848628
0.1894172
0.1927933
0.1894676
0.1704194
0.2243159
0.2069091
0.2326872
0.1614262
0.2004579
0.175254
0.1686606
0.2014985
0.2123524
0.1605506
0.1839726
0.1828797
0.1706137
0.1984402
0.1579991
0.172588
0.190238
0.1536053
0.1835173
0.1697285
0.1877204
0.1867384
0.155749
0.1692887
0.1705133
0.1545423
0.1632543
0.1772669
0.2103622
0.1581725
0.1753877
0.2181322
0.1773057
0.1752823
0.1756875
0.1876144
0.197482
0.2005049
0.1857802
0.1874215
0.1788108
0.169193
0.185479
0.1593258
0.1806384
0.1867472
0.1457704
0.1895698
0.2008304
0.195005
0.1757235
0.1958644
0.1480239
0.1974779
0.1731413
0.1379538
0.1458893
0.1473289
0.1539953
0.166581
0.1658077
0.1669124
0.2044845
0.1804024
0.1945588
0.1735041
0.1873894
0.2029828
0.2151219
0.1828235
0.1776349
0.2011891
0.1968152
0.2353005
0.1748798
0.1988497
0.2017749
0.1888735
0.2030187
0.2258192
0.2035133
0.1884693
0.2051898
0.233092
0.2093513
0.1989367
0.2214276
0.2153093
0.2275353
0.2145644
0.2054324
0.2211574
0.2097572
0.2360039
0.2400812
0.211947
0.1652759
0.1685106
0.1813034
0.182039
0.1870873
0.2526286
0.1842804
0.2793436
0.256321
0.2185362
0.1934584
0.1855538
0.2146558
0.2023057
0.2286246
0.1891871
0.1927743
0.218981
0.2401185
0.2395878
0.1914871
0.240962
0.1995223
0.2043115
0.21305
0.1915281
0.2092296
0.2052353
0.2211699
0.2273738
0.2018057
0.210574
0.214038
0.2046686
0.17727
0.2254496
0.1912095
0.1647121
0.2108697
0.1994837
0.1912876
0.156622
0.1529371
0.1433574
0.1464595
0.1610394
0.1711096
0.1563598
0.1676613
0.1690144
0.1497299
0.1801542
0.1266986
0.137159
0.1401518
0.14157
0.1390914
0.1434475
0.1468738
0.139555
0.1373004
0.1460529
0.1298053
0.1827926
0.1467342
0.125539
0.1682782
0.1451014
0.1634803
0.1723566
0.1961843
0.1602916
0.1609746
0.192776
0.2050837
0.1800206
0.1732526
0.183673
0.178213
0.1448261
0.1443519
0.1757854
0.1687143
0.1643476
0.1517394
0.1290387
0.1762974
0.1465735
0.1431969
0.141919
0.1523988
0.2095299
0.1639654
0.1567425
0.1847963
0.1706323
0.1861278
0.157166
0.1879737
0.1988951
0.1784789
0.1706807
0.2084728
0.1612056
0.1462911
0.1717493
0.1241259
0.1454482
0.1342707
0.1207127
0.1383322
0.1298683
0.1396756
0.1144629
0.132511
0.1273928
0.132084
0.1380581
0.1333033
0.1424431
0.1311934
0.138551
0.1332745
0.151688
0.1521516
0.1839993
0.1760584
0.1452464
0.1418846
0.1427143
0.1486699
0.1718547
0.132616
0.1129761
0.1430796
0.1501028
0.148574
0.1772843
0.1412497
0.1506118
0.1746183
0.1852867
0.1722249
0.1556389
0.1436762
0.1756181
0.1761279
0.1651834
0.1846829
0.1285652
0.1418686
0.1368083
0.1517913
0.1637885
0.1494149
0.1706991
0.1662396
0.1726969
0.1810597
0.1653804
0.1615132
0.1932862
0.184675
0.1526997
0.172107
0.1657251
0.1345259
0.1737855
0.163517
0.1691117
0.1488971
0.1451644
0.1462843
0.1945652
0.1618277
0.1696994
0.1592025
0.1574244
0.1307945
0.1656729
0.1479729
0.1744796
0.1643935
0.1630422
0.1569944
0.181629
0.1921721
0.2069312
0.1616369
0.1704146
0.1664286
0.1751952
0.1709353
0.1739274
0.1819735
0.1911055
0.2143832
0.2090079
0.1815287
0.1691209
0.1505455
0.1605736
0.1699653
0.1722303
0.1706521
0.1629016
0.1929356
0.1690448
0.1493528
0.1421003
0.1659081
0.1630471
0.1787732
0.1640545
0.1580491
0.1759604
0.1995438
0.1783905
0.1963349
0.2010251
0.2114514
0.1746737
0.1963983
0.175054
0.1790658
0.1567478
0.1581241
0.1559797
0.1656306
0.1549632
0.1701163
0.1573298
0.1984977
0.1676826
0.1817092
0.1853183
0.1881677
0.1680283
0.1833681
0.2015922
0.1545934
0.1788553
0.1679966
0.17042
0.1660332
0.1691583
0.170355
0.1615605
0.1606413
0.1457856
0.1600411
0.1832354
0.1730774
0.1569227
0.1634308
0.1636488
0.1712481
0.1694896
0.181965
0.1668989
0.170199
0.1943394
0.2047634
0.2069484
0.230381
0.2329454
0.2189949
0.2282851
0.2070777
0.2426255
0.2207286
0.2053747
0.1933342
0.2132673
0.2377519
0.2142775
0.23277
0.2635745
0.2513075
0.2498399
0.2389584
0.2680771
0.2385395
0.2666354
0.2948128
0.288863
0.2739798
0.2662846
0.2355676
0.1988121
0.2238532
0.2132367
0.2226683
0.2366792
0.2354657
0.2253527
0.2236901
0.2624291
0.2027694
0.220082
0.1983904
0.2377644
0.220833
0.2211921
0.2217852
0.2349567
0.226295
0.2583143
0.2389134
0.2365678
0.2703128
0.2193433
0.2393317
0.229222
0.236598
0.2617599
0.2563449
0.2610215
0.2707067
0.2248034
0.2492674
0.2382264
0.2428786
0.244765
0.2570113
0.2146624
0.1995942
0.2573913
0.2311427
0.2218193
0.2384843
0.2247721
0.217897
0.2126697
0.1811982
0.2298319
0.2341561
0.2289322
0.1936559
0.2204195
0.2079441
0.2015809
0.1924909
0.2352929
0.1983963
0.1816438
0.1994452
0.199973
0.2234422
0.2168391
0.2107375
0.2271876
0.2121523
0.2122125
0.2588615
0.2250827
0.2424763
0.2425862
0.2568385
0.2514417
0.2591579
0.2554629
0.2595754
0.2580504
0.262089
0.2644413
0.2619339
0.2908443
0.2715727
0.269513
0.2513838
0.2417156
0.2824768
0.2608228
0.2823759
0.2604952
0.2793345
0.2494056
0.28487
0.271309
0.2340124
0.2408051
0.2611355
0.2463445
0.2609732
0.2529159
0.2566839
0.2769102
0.2391305
0.2564428
0.2672229
0.2942964
0.2820922
0.280078
0.2683628
0.2692979
0.2920246
0.3049843
0.2764407
0.2438548
0.2402584
0.2569345
0.251385
0.2485374
0.2583167
0.2503799
0.285533
0.234662
0.2571424
0.2742866
0.2754578
0.2625698
0.2802863
0.2791973
0.2701783
0.2651379
0.2744501
0.2740216
0.2459303
0.2523454
0.2764166
0.2754622
0.2634867
0.2727748
0.2958272
0.2112099
0.2066514
0.2157372
0.247038
0.2211009
0.2247264
0.2579359
0.2630502
0.2490188
0.2383632
0.2502413
0.2817109
0.2769354
0.2619689
0.2365059
0.2371674
0.2307688
0.2552179
0.2115784
0.269683
0.2484093
0.3024644
0.252697
0.2666525
0.2303836
0.2573411
0.2242682
0.2439972
0.2441223
0.2808576
0.2570684
0.28048
0.3004713
0.260512
0.2780809
0.3190685
0.3129056
0.2837142
0.3089769
0.2662702
0.3178178
0.2879321
0.3010859
0.3279317
0.2891397
0.3167038
0.2646089
0.2648724
0.2672623
0.2722065
0.2711288
0.2803389
0.3141555
0.3025711
0.2842099
0.2573462
0.2502987
0.2625468
0.2618783
0.2796631
0.2481867
0.26545
0.2618738
0.2360892
0.2569996
0.2523793
0.2405509
0.240054
0.231287
0.2334484
0.2379187
0.2411933
0.2550514
0.2207652
0.2306823
0.2515519
0.2384454
0.2591664
0.2716345
0.2706653
0.2455425
0.2517231
0.2802952
0.2679389
0.2950872
0.2772152
0.2515683
0.2541422
0.2606626
0.2529699
0.2572948
0.2317571
0.2580242
0.2413741
0.2501153
0.272454
0.2696927
0.2392749
0.2383456
0.2628008
0.2808954
0.2881569
0.2851204
0.3178508
0.3116446
0.2900226
0.2683359
0.2537122
0.2927331
0.2687096
0.2633173
0.2225009
0.273958
0.2836416
0.2782576
0.2860693
0.2332851
0.2465245
0.2671541
0.2674443
0.2996563
0.2907641
0.2600069
0.2869834
0.314691
0.309362
0.32336
0.2923903
0.3189041
0.3031369
0.2932181
0.3054583
0.3393618
0.3075082
0.3015746
0.3108804
0.3105887
0.3186244
0.294504
0.281317
0.2798262
0.2698897
0.2722819
0.279512
0.2934726
0.304398
0.3132377
0.3105254
0.2816043
0.2943718
0.3348603
0.3276512
0.3081992
0.3165135
0.3279688
0.3139396
0.2866904
0.3053531
0.2649469
0.2535126
0.2722512
0.2539778
0.2561518
0.265219
0.259877
0.2627479
0.2391129
0.2745181
0.2563043
0.2476573
0.2483551
0.2460721
0.2696547
0.2863062
0.310509
0.3201497
0.2962046
0.2942963
0.2696779
0.2648039
0.2774611
0.2696047
0.2995245
0.294186
0.3037277
0.2951365
0.2437033
0.2568711
0.2322449
0.2336164
0.2436858
0.2455853
0.2695192
0.2288672
0.2716743
0.2356589
0.2532173
0.2162104
0.2484532
0.2417991
0.2539229
0.2455909
0.2508776
0.2784525
0.268396
0.2440394
0.2557624
0.2537866
0.2678277
0.2619795
0.2310922
0.2784045
0.2778487
0.2807163
0.305567
0.2935531
0.2695691
0.2696659
0.2866335
0.2723484
0.2956883
0.2775377
0.3156565
0.319692
0.3020348
0.2973843
0.3104725
0.3233688
0.2891175
0.3119805
0.3044205
0.3156017
0.3305958
0.3292902
0.337744
0.3001318
0.326713
0.2891175
0.3113436
0.2996773
0.3120991
0.2457606
0.3284028
0.2701048
0.3108467
0.2697029
0.3409203
0.2917388
0.31657
0.316693
0.3166439
0.2783943
0.2718768
0.3041257
0.3137973
0.2905289
0.2545623
0.2125386
0.2661056
0.2751276
0.2960487
0.3153048
0.2892001
0.31669
0.2800555
0.2799641
0.2801525
0.3078423
0.3025016
0.2789795
0.3149021
0.2763076
0.2681903
0.2519223
0.258293
0.3093611
0.3140744
0.2820654
0.3372128
0.2780597
0.272411
0.2747012
0.2851154
0.2726421
0.2916272
0.2980976
0.3156124
0.2723612
0.3013935
0.2863191
0.2948816
0.2574132
0.2698975
0.2750839
0.2870871
0.284465
0.278929
0.3005421
0.2479469
0.2967332
0.2918262
0.2465144
0.2774143
0.294173
0.3060575
0.2737929
0.2290928
0.266282
0.2842727
0.3015033
0.3241401
0.2974499
0.2852113
0.2925727
0.3079189
0.3026017
0.291162
0.2959165
0.3111031
0.3112067
0.3080938
0.2506767
0.2878157
0.26145
0.2586351
0.2390449
0.2733157
0.2645254
0.2490662
0.2431311
0.2996987
0.2725312
0.2910656
0.2909663
0.2589892
0.261507
0.2958662
0.2868941
0.2628854
0.2822718
0.269051
0.2520914
0.2954925
0.2451115
0.2684276
0.2540335
0.3022342
0.2842331
0.3003155
0.2937901
0.2660933
0.2939493
0.2623004
0.2886201
0.3042727
0.2956302
0.2732594
0.3119401
0.2961595
0.2982822
0.2598836
0.2928465
0.2826874
0.2897979
0.2803342
0.2611929
0.289313
0.2883055
0.2710437
0.2662895
0.2697498
0.2777697
0.307706
0.3215027
0.2583105
0.2475363
0.2481051
0.2665978
0.2753439
0.2787273
0.279424
0.2676087
0.266115
0.2638198
0.2717448
0.2852382
0.2923163
0.2720206
0.275659
0.2670577
0.2883522
0.2570065
0.2414551
0.2546419
0.2769035
0.2864124
0.2772959
0.2771012
0.2552344
0.2507612
0.2443229
0.2559313
0.257607
0.2944881
0.3094428
0.308457
0.2936031
0.256862
0.255066
0.2571842
0.2792857
0.2676992
0.2817194
0.236886
0.23948
0.2549728
0.2823562
0.2545992
0.2802231
0.2666038
0.2568687
0.2741768
0.2701718
0.2572255
0.2450746
0.2371409
0.2634531
0.2801715
0.2726505
0.2841568
0.3099146
0.2990033
0.2667201
0.2704368
0.2721905
0.2599187
0.2744397
0.2659012
0.2924609
0.2760719
0.2626657
0.24131
0.2997671
0.258668
0.2401493
0.2532938
0.2476614
0.2666725
0.2492145
0.2904584
0.2661708
0.2686492
0.2753814
0.2781504
0.2351504
0.2726953
0.2486923
0.2647406
0.2633111
0.2693005
0.2840826
0.3067736
0.2720103
0.2645228
0.2509241
0.2453978
0.2652064
0.2717835
0.2580306
0.253501
0.2477024
0.2416526
0.2741482
0.2753494
0.2807506
0.2719797
0.2943614
0.2754207
0.2834069
0.259443
0.2696452
0.2751662
0.2625977
0.2622993
0.2472932
0.2707069
0.2632316
0.2661096
0.269188
0.2485969
0.2772034
0.2516053
0.2801298
0.2592516
0.2696153
0.2761768
0.2845618
0.2941679
0.2547277
0.2922948
0.2561112
0.2524359
0.2738057
0.2748772
0.2768758
0.2766184
0.2729992
0.2514278
0.2706023
0.2781846
0.2609703
0.2735912
0.2407263
0.2647869
0.2925372
0.26019
0.2803766
0.2524219
0.2699918
0.2628104
0.2351395
0.2330872
0.2698059
0.2579847
0.2677794
0.2712253
0.2731219
0.2529499
0.2760169
0.2337553
0.2857809
0.2593457
0.3158873
0.2440127
0.288928
0.2484304
0.247928
0.2505633
0.2664644
0.3032364
0.285827
0.2796855
0.2713937
0.2600489
0.2651857
0.2453026
0.2690748
0.2860833
0.2579806
0.2562651
0.2782694
0.2932404
0.2656095
0.2715113
0.3106712
0.2653856
0.2717733
0.2723861
0.2631989
0.2389764
0.2451309
0.3032799
0.2548603
0.2550618
0.2496159
0.2589861
0.2381181
0.2191063
0.2280529
0.2410741
0.2541341
0.2067375
0.276318
0.2452997
0.2651775
0.2569581
0.2806666
0.2677193
0.2204615
0.2108134
0.2125858
0.2204574
0.2270214
0.2434124
0.2005987
0.2225591
0.2353639
0.2569755
0.2551285
0.254753
0.2238158
0.2377122
0.2561806
0.2512405
0.2914158
0.2397243
0.2390098
0.2762363
0.2269322
0.2269205
0.2140748
0.2111045
0.2005072
0.2329211
0.2140062
0.2136343
0.2067275
0.2216199
0.220609
0.246834
0.1927218
0.2099623
0.1992808
0.1981828
0.2161236
0.2422543
0.2219733
0.2396615
0.2211188
0.2235956
0.2250614
0.2504024
0.2209886
0.2436313
0.2169931
0.2417676
0.2292634
0.2337457
0.2257351
0.1985467
0.2120237
0.2425752
0.2636262
0.2051128
0.2139304
0.2223931
0.2109801
0.2266839
0.2057298
0.1934786
0.1957021
0.1991472
0.2094092
0.2056415
0.2551717
0.2289572
0.2365396
0.258011
0.2425302
0.241194
0.252236
0.2646675
0.2510189
0.2535229
0.2516108
0.2385955
0.2446456
0.2810936
0.2816891
0.2625064
0.2930085
0.2607126
0.3094873
0.2970656
0.2522429
0.2609067
0.2873763
0.2591114
0.2728555
0.2508129
0.2702846
0.2229189
0.23971
0.2669168
0.2673314
0.2597486
0.2520449
0.2459246
0.2409266
0.2348814
0.228933
0.2435585
0.2795842
0.2578709
0.275953
0.2619633
0.2703721
0.262621
0.2778828
0.2917219
0.2900822
0.2633274
0.2901389
0.2823075
0.3061502
0.2618601
0.2721659
0.2837419
0.254302
0.2684554
0.2442907
0.2562888
0.2732386
0.246545
0.2656859
0.2665896
0.2664782
0.2658761
0.2753666
0.2864255
0.3068517
0.2774178
0.2847094
0.2625113
0.2706367
0.2815028
0.2572522
0.2503937
0.2641176
0.2434087
0.2564906
0.2530625
0.2478013
0.2359169
0.2477692
0.2470304
