0.1327521
0.1384135
0.1133027
0.1299809
0.1354563
0.1176222
0.133175
0.1390749
0.1296682
0.1320816
0.1459689
0.1411105
0.1348429
0.1367619
0.1141522
0.1054846
0.1357662
0.1348099
0.1227246
0.1231171
0.1091111
0.0949857
0.1134896
0.1068836
0.1231187
0.1208898
0.140479
0.1349709
0.1095461
0.1435614
0.1259455
0.1412532
0.1194495
0.1344362
0.1001065
0.1224713
0.128434
0.1251718
0.1234296
0.1326533
0.1339476
0.0998177
0.1127892
0.1298339
0.1134319
0.1137948
0.1100997
0.1305456
0.1392532
0.1264858
0.1145008
0.1206585
0.1221881
0.129369
0.141669
0.110033
0.0994294
0.1329108
0.1181498
0.1340137
0.1272301
0.1534995
0.1357812
0.1242697
0.1244578
0.1281227
0.1198427
0.1167895
0.1154669
0.1257512
0.1231809
0.1115529
0.1374079
0.1285103
0.1160224
0.1405594
0.1295569
0.1238429
0.1038493
0.1049607
0.115211
0.0979624
0.1225497
0.1509505
0.1320142
0.153059
0.1257544
0.1332222
0.1243194
0.1283477
0.1381312
0.1300623
0.139737
0.1262995
0.138039
0.1409276
0.0748919
0.0930781
0.1260475
0.0936047
0.1259196
0.1105665
0.1325678
0.1338015
0.1378124
0.1058867
0.0917701
0.1025931
0.1196254
0.091151
0.1234329
0.0946045
0.107053
0.1086877
0.1047951
0.1074223
0.1175993
0.1119204
0.127158
0.122737
0.1257869
0.1131959
0.1290685
0.117754
0.1302224
0.1210034
0.1291511
0.138974
0.1313549
0.1194116
0.1221929
0.1471317
0.1274897
0.103686
0.1299229
0.1187131
0.1342721
0.1325219
0.1226367
0.130127
0.1242845
0.1140768
0.1337567
0.0905014
0.0992568
0.1297374
0.1212512
0.1134967
0.1116306
0.1076813
0.0996371
0.1039988
0.0969212
0.1005495
0.1162908
0.1194946
0.1111347
0.1250983
0.1276687
0.1355489
0.1302782
0.1323211
0.1191687
0.1194904
0.1358502
0.1570443
0.1342467
0.1253095
0.1208718
0.0893521
0.1109752
0.1127511
0.132607
0.1075841
0.1181493
0.1602131
0.106083
0.1049239
0.1289674
0.0829499
0.1168391
0.1098918
0.101024
0.1126599
0.1073054
0.1060799
0.0638194
0.1054113
0.1039851
0.0916791
0.1125851
0.1074816
0.107002
0.1091457
0.1259508
0.1247153
0.1249915
0.1031203
0.1102489
0.0956098
0.1443499
0.1498416
0.1564684
0.125171
0.1186169
0.1496372
0.1597439
0.1353208
0.1445631
0.1655858
0.1318084
0.148332
0.1188232
0.148304
0.1018226
0.1367122
0.1447758
0.1313801
0.1760058
0.150591
0.1769219
0.1539963
0.1127043
0.1080678
0.1060964
0.1482011
0.140544
0.1248627
0.1218724
0.118839
0.1408528
0.1599558
0.1545863
0.1356346
0.1354624
0.1771625
0.1306817
0.1314256
0.1605851
0.1258792
0.15003
0.165453
0.1790189
0.1743899
0.1802844
0.1243923
0.1634207
0.166752
0.1340243
0.1280808
0.1225256
0.1600445
0.117814
0.1653276
0.147564
0.1453158
0.1833747
0.1724051
0.1273265
0.1560282
0.1513003
0.135087
0.1274156
0.1527538
0.1057408
0.1484797
0.1445067
0.1516047
0.1325584
0.1445664
0.1480062
0.1630057
0.1511848
0.1440161
0.1372509
0.1318801
0.1456765
0.1415565
0.16059
0.1634738
0.1662095
0.1585591
0.1777604
0.1665511
0.144498
0.1699136
0.1457305
0.1421791
0.190074
0.1860058
0.1474311
0.1753084
0.1444391
0.1945364
0.1735727
0.1742904
0.1810145
0.1827111
0.1868018
0.1460381
0.1656027
0.1709897
0.1702718
0.1518877
0.1599816
0.1566666
0.1577766
0.1676026
0.1538895
0.1615664
0.131572
0.1643125
0.1408181
0.1717358
0.1769626
0.1694178
0.1546063
0.1667933
0.1784522
0.146305
0.1648936
0.1934046
0.1866393
0.1957824
0.1643144
0.1856093
0.1796726
0.1763226
0.1680707
0.1751652
0.1667829
0.1805252
0.1681201
0.1847296
0.1518639
0.1630879
0.191727
0.1349433
0.1686874
0.1756386
0.1551343
0.1856731
0.1660426
0.1485329
0.150508
0.1828745
0.1399662
0.1608242
0.1825514
0.1862073
0.1864648
0.2079776
0.1945637
0.1723677
0.2026128
0.1995814
0.2017635
0.2139632
0.2127118
0.2100741
0.1849495
0.1919893
0.1889695
0.1758891
0.1649821
0.1792699
0.172831
0.1677653
0.1879318
0.1640531
0.1902569
0.2047092
0.1470735
0.1679365
0.1784279
0.1686633
0.1715683
0.18553
0.1992754
0.2094346
0.1731324
0.1540911
0.133912
0.1779614
0.1808412
0.1877902
0.1632501
0.1644187
0.1887361
0.1757933
0.1835943
0.1635927
0.1730123
0.1347911
0.1953374
0.1695747
0.1473288
0.1847278
0.1507835
0.167143
0.1671305
0.1403592
0.132993
0.1448754
0.1290487
0.1573155
0.1688614
0.1753216
0.1359209
0.1167429
0.1114291
0.1428487
0.1423253
0.1556221
0.1461145
0.1048203
0.1262772
0.1367293
0.1268227
0.1727729
0.168739
0.1769527
0.1646841
0.1436687
0.1727828
0.1248912
0.1356438
0.1900661
0.2032634
0.2161391
0.223194
0.2111641
0.1834091
0.1820349
0.1824775
0.1815917
0.2030975
0.1823903
0.1634971
0.180427
0.1738684
0.1509812
0.1368946
0.1605885
0.1652893
0.1443844
0.1332431
0.1718489
0.1502341
0.1516175
0.1251261
0.1536531
0.1736784
0.1827909
0.1781096
0.1595421
0.1699754
0.1430747
0.1631068
0.1501239
0.1691896
0.1603867
0.1374852
0.1322837
0.144594
0.1253549
0.1189777
0.1486261
0.1348743
0.1202308
0.1432523
0.1527108
0.1186959
0.1325902
0.1317125
0.1469975
0.1296198
0.142892
0.1430236
0.1426754
0.1179666
0.1232032
0.1719223
0.153982
0.1473013
0.1296701
0.1244185
0.1379264
0.1415602
0.140275
0.1459429
0.1515357
0.1616973
0.1381804
0.1217946
0.1295595
0.1237524
0.1447983
0.1429473
0.1611171
0.1769737
0.2027493
0.1683499
0.1540975
0.1753681
0.164072
0.1316335
0.1912272
0.159057
0.19638
0.1666058
0.1584527
0.1672732
0.1400189
0.1681636
0.2041859
0.1658841
0.2458407
0.254655
0.1904174
0.2044375
0.1895854
0.1840852
0.1853821
0.2071608
0.209329
0.1895639
0.1601288
0.174642
0.1714161
0.1545842
0.1516684
0.1827996
0.1654197
0.1727782
0.249661
0.2493182
0.2491339
0.2247286
0.2283465
0.2122304
0.2353632
0.2055248
0.1900286
0.2153672
0.249001
0.2445691
0.2147466
0.2509021
0.2809623
0.2450793
0.2493965
0.2503891
0.2269642
0.2496224
0.2182669
0.2389351
0.2904724
0.2606329
0.2506318
0.2474181
0.239108
0.2311171
0.2314704
0.249189
0.2054637
0.2160676
0.2045085
0.2482931
0.2208167
0.2207452
0.2093306
0.2278544
0.2242536
0.2291098
0.244801
0.2185577
0.2228103
0.2559462
0.2292048
0.216431
0.2513997
0.2601148
0.2458533
0.2404929
0.2431739
0.2642259
0.2401088
0.2580336
0.2511609
0.247978
0.2320444
0.2315584
0.2448399
0.2379051
0.2522487
0.2619873
0.221764
0.2069748
0.247789
0.2497011
0.2450324
0.2448176
0.2389376
0.2557329
0.255012
0.2314278
0.2674449
0.2384891
0.2343104
0.2244678
0.2648279
0.2335158
0.2275511
0.2533299
0.2558863
0.2696075
0.2353545
0.217932
0.2578817
0.2745475
0.2092299
0.2216489
0.2373352
0.2792466
0.2269617
0.2300406
0.2420444
0.2366007
0.2274303
0.2310917
0.2378642
0.2221369
0.2243783
0.214912
0.227048
0.2371288
0.2190881
0.2161743
0.2141066
0.2114365
0.2344854
0.2463705
0.209448
0.2342311
0.2644926
0.2387635
0.2456261
0.223198
0.2260887
0.1642548
0.2247821
0.21007
0.2240884
0.2260347
0.193042
0.2070154
0.2080057
0.2215734
0.2401568
0.2131549
0.2145285
0.2201723
0.2204995
0.2206063
0.2142437
0.2469638
0.227215
0.1811711
0.1947365
0.2100272
0.1894752
0.2166174
0.2191108
0.2079336
0.2055728
0.2006915
0.2122242
0.1926081
0.186992
0.2259793
0.2067719
0.2123862
0.2220136
0.2137447
0.2149755
0.2098074
0.2513065
0.2131922
0.1872527
0.2059547
0.2127871
0.1967251
0.2022735
0.1907628
0.2401594
0.1847591
0.205419
0.2278033
0.2233874
0.2064377
0.1951106
0.2063782
0.227051
0.2147757
0.2115932
0.2128219
0.2043737
0.2367225
0.191998
0.2013284
0.2045813
0.2251834
0.2287662
0.2086859
0.1547711
0.1621985
0.1818414
0.2163123
0.2238619
0.1922932
0.2234986
0.2278902
0.2397758
0.2640338
0.219457
0.2542011
0.2267368
0.209497
0.21324
0.2186976
0.2041254
0.2451178
0.2568278
0.210081
0.2269069
0.2356967
0.2091276
0.2461077
0.2680534
0.2558526
0.2510715
0.275706
0.289687
0.2681575
0.2927285
0.2813466
0.2613625
0.2702443
0.2684945
0.2746776
0.2875123
0.2731158
0.2671856
0.2839381
0.2490992
0.2266978
0.2361132
0.2481623
0.2028883
0.2688126
0.2222573
0.2459575
0.2363023
0.2715379
0.2482968
0.2764551
0.2225988
0.2604658
0.2469639
0.2246071
0.2498854
0.2429809
0.2539836
0.2704321
0.2427503
0.2491628
0.2524543
0.2461593
0.2473511
0.249294
0.2720114
0.2513783
0.2577983
0.2420141
0.2218733
0.252095
0.2265369
0.2538807
0.2872432
0.2462851
0.2507472
0.2280177
0.2361722
0.2095578
0.2517519
0.2678296
0.2197319
0.2380006
0.2261304
0.2233341
0.2497138
0.264657
0.2380584
0.2508218
0.2294019
0.2223319
0.2642317
0.287614
0.244473
0.2632978
0.2532409
0.2308305
0.2358469
0.2187501
0.2521802
0.2412521
0.2155789
0.2516664
0.2447641
0.2247796
0.2312217
0.2593324
0.1866002
0.2164453
0.2353107
0.2445556
0.2328105
0.2155752
0.2353992
0.2393265
0.2268816
0.2424959
0.21425
0.2650156
0.2741491
0.2287558
0.2162562
0.2486003
0.2136088
0.2133849
0.1858593
0.1988599
0.2152099
0.272191
0.281068
0.231278
0.2571948
0.2654212
0.2393535
0.2491418
0.2615125
0.2251421
0.2257597
0.2419225
0.2340997
0.2280904
0.2334246
0.2202438
0.1674089
0.1828607
0.2345677
0.2217017
0.2336367
0.1963207
0.226561
0.2294536
0.2686986
0.2268808
0.2453142
0.2592736
0.2400754
0.233365
0.2385377
0.2502346
0.2555695
0.2618987
0.2380306
0.2408929
0.2506889
0.2525187
0.2516934
0.2423152
0.2548426
0.2342591
0.2591622
0.2432961
0.2550405
0.2427062
0.2107526
0.2603146
0.1980961
0.229822
0.2236551
0.258833
0.2648831
0.2115182
0.2120937
0.2138005
0.2218509
0.2056738
0.2549444
0.2231536
0.2176612
0.2643048
0.2691145
0.2209734
0.2125876
0.2210576
0.2486008
0.2178512
0.2174081
0.2371743
0.2373733
0.2188887
0.2390649
0.2335121
0.2307055
0.2286845
0.2000782
0.1956498
0.2116041
0.2034715
0.2138835
0.2097799
0.2248593
0.2585713
0.2053921
0.2195711
0.2176507
0.2010203
0.2151486
0.1919802
0.2310981
0.2086471
0.2249453
0.2195699
0.2219839
0.2318732
0.204141
0.2178157
0.2127159
0.2115792
0.2347992
0.2302542
0.2644809
0.2235282
0.2228536
0.2296621
0.2095506
0.2032968
0.2290582
0.2170907
0.2221677
0.2054701
0.2098487
0.2104076
0.2808467
0.2484719
0.2538221
0.3059075
0.2729504
0.2520642
0.227074
0.2087253
0.2026134
0.2149661
0.2205197
0.1982326
0.1867039
0.2090316
0.1859242
0.1903017
0.1921916
0.2071443
0.2543704
0.2180767
0.2291702
0.2557512
0.2375035
0.2274479
0.2131738
0.2260681
0.1838768
0.1997118
0.1948939
0.2160324
0.200548
0.2256288
0.1952706
0.1933527
0.2120249
0.2226654
0.227745
0.1834674
0.2271935
0.2252468
0.204189
0.1935952
0.1942686
0.2279195
0.2064121
0.2237944
0.2188525
0.233172
0.2606939
0.2033004
0.2234235
0.2371038
0.2421311
0.2383127
0.2386629
0.2621496
0.2383612
0.2592451
0.241846
0.251577
0.2453943
0.2528836
0.2442387
0.2379715
0.2116247
0.2435359
0.2495309
0.2637633
0.227248
0.2306507
0.2756001
0.2806334
0.2697435
0.2633676
0.2798149
0.2821001
0.2715696
0.2412639
0.2407729
0.2466232
0.2269614
0.257862
0.2312364
0.1814304
0.2023437
0.2148556
0.2085277
0.2080393
0.238192
0.24215
0.2427072
0.2319342
0.2696165
0.2546622
0.2707012
0.2674443
0.2374205
0.2429269
0.2317774
0.2579851
0.2751679
0.2456687
0.2426181
0.1922672
0.2237738
0.2054821
0.1753347
0.2189161
0.2233823
0.2281974
0.1983591
0.201108
0.2219137
0.2135086
0.2272042
0.227536
0.183488
0.1830409
0.2387685
0.1921471
0.2467979
0.2259089
0.2467126
0.2475437
0.2295
0.2539544
0.2293922
0.208504
0.2223263
0.2161024
0.2298702
0.2116709
0.1929754
0.2004419
0.1865002
0.2271342
0.2056744
0.1951983
0.2110138
0.2171551
0.2181377
0.2268459
0.2216158
0.2242544
0.2213887
0.2146182
0.2425013
0.2532738
0.2854752
0.2720106
0.2822312
0.3320739
0.2478123
0.2596457
0.2440491
0.2539013
0.2850876
0.2817603
0.2374406
0.2234499
0.2261419
0.2172117
0.2191274
0.2356094
0.2332501
0.2384435
0.2610714
0.2174881
0.2323908
0.2433224
0.2390015
0.2217954
0.2128024
0.2237899
0.2183864
0.2331649
0.2301021
0.2359638
0.2428842
0.2244132
0.2177692
0.2306332
0.2228119
0.2594162
0.2657793
0.2512134
0.270803
0.2722927
0.2678182
0.2520504
0.2561583
0.2559021
0.2391544
0.2498273
0.203306
0.2291149
0.219974
0.2270952
0.1911203
0.1936917
0.2068025
0.223313
0.2182361
0.2055635
0.1795021
0.2255793
0.2267673
0.1972326
0.2300487
0.1847245
0.2168496
0.2197167
0.2625593
0.2103704
0.2333693
0.2775489
0.2475997
0.2155184
0.2152219
0.2395368
0.2369168
0.2299197
0.1997723
0.2641078
0.2561644
0.2926554
0.2546735
0.2569348
0.2787914
0.2593372
0.2693131
0.2630374
0.245637
0.2626662
0.2784968
0.2653291
0.2354128
0.2629554
0.2614996
0.2734158
0.2616914
0.2332705
0.2737917
0.2400497
0.2597141
0.2578919
0.2979432
0.2837089
0.2424839
0.2630266
0.2818417
0.253813
0.2461698
0.2927642
0.2945699
0.2184572
0.3047025
0.2718734
0.2649367
0.2538866
0.2433187
0.247968
0.2467412
0.2603596
0.2741964
0.2541946
0.2856079
0.3184505
0.2478139
0.2538354
0.2813557
0.2954553
0.2908838
0.2777106
0.2595912
0.2556362
0.2847534
0.2770855
0.2758135
0.2655084
0.292371
0.2717675
0.2620978
0.2711213
0.2632365
0.2929772
0.2891134
0.2724612
0.3227124
0.2954369
0.2507114
0.238454
0.2590227
0.2646611
0.2677965
0.2560068
0.2972629
0.2801154
0.262351
0.2915613
0.290328
0.2946557
0.2771659
0.260482
0.2904673
0.2674975
0.2628049
0.2507369
0.2453349
0.2760951
0.3057652
0.2546453
0.2507831
0.2702201
0.2516509
0.2601599
0.259421
0.2525266
0.2463448
0.2806498
0.2567732
0.2707719
0.3018894
0.2774681
0.2849085
0.2668659
0.2807237
0.2539282
0.2573932
0.280619
0.2673471
0.3373672
0.2984092
0.2658451
0.2695403
0.2598738
0.3264676
0.3674147
0.3018668
0.3045543
0.2826352
0.2837971
0.3078161
0.2988732
0.2932423
0.3265512
0.2996257
0.3033801
0.3061539
0.2880954
0.2945169
0.2915955
0.307982
0.317341
0.2813646
0.2948927
0.2819155
0.2598217
0.2870058
0.2842401
0.3041584
0.3131732
0.2899553
0.3347231
0.3037533
0.2996544
0.3409461
0.3295342
0.3150669
0.3008938
0.2957755
0.2915913
0.314745
0.2723426
0.3388918
0.3289419
0.2992793
0.3033584
0.2691212
0.2684665
0.2883959
0.2942507
0.2875925
0.3202718
0.3196227
0.3299501
0.3675258
0.2959963
0.3451188
0.3356986
0.3282338
0.3084714
0.348369
0.3057257
0.3337865
0.3156048
0.3198557
0.3386062
0.2753122
0.3499281
0.3127373
0.3634297
0.3531133
0.3271662
0.2965157
0.3138143
0.2952972
0.2883245
0.3000085
0.2735412
0.2728035
0.2512123
0.2633247
0.2559652
0.3365797
0.2666903
0.2646708
0.2631234
0.2703483
0.2408834
0.2934109
0.2939265
0.2914177
0.2821368
0.3179898
0.2518055
0.3113137
0.3115009
0.2921946
0.3010654
0.3111286
0.2631678
0.2698051
0.2876988
0.3228687
0.3148144
0.3034978
0.2840997
0.324908
0.2991123
0.2857118
0.3262838
0.3147313
0.311072
0.3027896
0.3116542
0.3090256
0.3231767
0.2943906
0.274293
0.253
0.2996484
0.2461809
0.245935
0.2558885
0.2618591
0.2933141
0.2525166
0.2856479
0.2796191
0.282057
0.2517756
0.2636378
0.2757298
0.2695497
0.2482048
0.2853888
0.2659785
0.2800462
0.2538161
0.2563038
0.2515813
0.2501702
0.2501774
0.2354952
0.284615
0.3182326
0.2817943
0.2920196
0.2392212
0.2879448
0.2796924
0.2860836
0.27633
0.2422506
0.2245938
0.2829973
0.2610863
0.275787
0.2510282
0.3042068
0.3251136
0.312321
0.3485451
0.2833363
0.3851166
0.3194999
0.3935395
0.3910104
0.3955229
0.3334818
0.3424401
0.3120405
0.3038919
0.369132
0.3219096
0.2903159
0.3258696
0.3443903
0.3381656
0.3202534
0.3413793
0.3718758
0.3630657
0.3689651
0.3288489
0.3911528
0.3653815
0.3756299
0.3375455
0.3310393
0.36821
0.389013
0.3312981
0.3885227
0.3979845
0.3867963
0.3828997
0.3827563
0.3687276
0.3725802
0.3739515
0.3959286
0.4171058
0.3926244
0.3795166
0.4097487
0.3962522
0.3640717
0.3795786
0.3842069
0.3752668
0.3453065
0.351442
0.4001609
0.3856143
0.4084449
0.3788012
0.3972053
0.4322605
0.3745395
0.3963106
0.3834755
0.4095713
0.4326741
0.3776992
0.3830897
0.3789378
0.3331897
0.3714974
0.3266715
0.3542064
0.3010862
0.3278548
0.3572877
0.3223531
0.3482065
0.3303946
0.3640993
0.3528144
0.347169
0.3537467
0.3899521
0.3705039
0.3803812
0.3172742
0.3406764
0.291343
0.3136735
0.3035366
0.2932712
0.3042467
0.3025582
0.2902466
0.3328079
0.3332219
0.3073579
0.3077402
0.3103213
0.3307954
0.3082014
0.3146498
0.3209175
0.3004333
0.3152129
0.3329292
0.3857573
0.342032
0.3889059
0.3768771
0.356523
0.3387806
0.3057663
0.3176655
0.3501166
0.3374615
0.3258291
0.3908269
0.3332023
0.3110798
0.3396762
0.3377642
0.3238788
0.3191235
0.3148722
0.3331107
0.3620219
0.3387026
0.2894896
0.3283449
0.315185
0.3307256
0.363957
0.3307238
0.3310807
0.3344345
0.3128964
0.295219
0.3348515
0.2890618
0.3026512
0.3102424
0.3211443
0.3448364
0.3149194
0.2979299
0.2851135
0.2872681
0.3176308
0.3099979
0.31615
0.3129852
0.3083963
0.2927414
0.315028
0.3062877
0.3129696
0.3194121
0.3154549
0.3192712
0.3251427
0.3080057
0.2641528
0.3675524
0.3396586
0.3197884
0.3145503
0.3260377
0.3162746
0.3519991
0.3094181
0.2831407
0.2950079
0.316778
0.3546492
0.2787052
0.3099066
0.3039243
0.3614258
0.3011802
0.3030553
0.3313891
0.2875091
0.3202441
0.3048276
0.3376127
0.3349717
0.3495225
0.3295117
0.3530729
0.3170537
0.3128573
0.3158264
0.3317851
0.3419279
0.3283991
0.3464527
0.3170622
0.3504353
0.3338223
0.3337958
0.3358442
0.3574255
0.3817969
0.3545451
0.3548143
0.3726247
0.3306119
0.3407336
0.3631075
0.337707
0.3843069
0.374925
0.4086969
0.3801068
0.3555887
0.372658
0.3886329
0.3544843
0.3838551
0.3716559
0.3448075
0.3469885
0.3672752
0.334718
0.3397715
0.3520416
0.3772411
0.3688111
0.3994141
0.3475253
0.3538334
0.3407428
0.3317729
0.3604552
0.3759861
0.3699916
0.4199858
0.4175318
0.4364401
0.3738273
0.4093937
0.4136732
0.3900142
0.399316
0.3799571
0.3419457
0.3707592
0.3823944
0.3957237
0.3868608
0.3592311
0.3968808
0.3882356
0.3726771
0.3637572
0.3712622
0.383294
0.3670188
0.3514792
0.3707044
0.3833869
0.3469852
0.3873689
0.4047963
0.4253655
0.3645839
0.3699801
0.3627509
0.3774689
0.3681022
0.3582157
0.3411136
0.3402026
0.316355
0.3646891
0.3665255
0.3432269
0.3880615
0.3503597
0.3545309
0.3539364
0.3321987
0.3714734
0.3402734
0.3078978
0.3183981
0.2844338
0.3015476
0.3350915
0.3347293
0.3707253
0.3306585
0.3879814
0.39066
0.3815245
0.3567984
0.3552898
0.3422393
0.3529716
0.3601902
0.3552097
0.3267266
0.3645618
0.354618
0.3413181
0.3404216
0.3162839
0.2898872
0.3323496
0.3041441
0.3131606
0.3190996
0.2984665
0.3490718
0.3041058
0.2875834
0.3060203
0.3081412
0.3323589
0.3240843
0.3630959
0.3338819
0.3123634
0.3027361
0.3627608
0.3597544
0.3533033
0.3770444
0.3746713
0.4105022
0.3474602
0.3787526
0.3861594
0.4175307
0.4311787
0.3908788
0.3681765
0.3498678
0.3729483
0.3959638
0.3827336
0.3946971
0.3807441
0.3496582
0.3598641
0.3804546
0.3552521
0.3508148
0.3676333
0.3776948
0.3729924
0.3760987
0.4115075
0.3675627
0.3595464
0.4043029
0.3667163
0.3482443
0.3959541
0.3971923
0.3691145
0.3739724
0.4251487
0.4204887
0.4074199
0.3808146
0.3709086
0.3651181
0.4118803
0.3859765
0.4219216
0.4298218
0.4495645
0.4960318
0.4925626
0.4817252
0.4995435
0.4670674
0.4577319
0.4507505
0.4423269
0.4225743
0.4228392
0.4311542
0.413595
0.4114957
0.4350277
0.4296674
0.4164222
0.4414642
0.4073655
0.3924414
0.3998791
0.4258137
0.4043955
0.4288824
0.3879699
0.4046686
0.3975885
0.3920346
0.3681508
0.3868456
0.3822785
0.3956192
0.4084974
0.3743712
0.3689753
0.339321
0.3942244
0.4749364
0.3866833
0.3959903
0.396352
0.3863521
0.3779809
0.3590843
0.3982003
0.4012581
0.3922797
0.4027078
0.3995015
0.4018536
0.4085221
0.4041284
0.4090048
0.4194196
0.3935996
0.4107178
0.3926911
0.4544811
0.4119891
0.4240918
0.4027929
0.4433233
0.4080637
0.4435391
0.4148879
0.4016236
0.408477
0.4388662
0.4432132
0.4420253
0.4073686
0.4190096
0.4681108
0.4248696
0.3846689
0.3704706
0.364081
0.3561604
0.3825692
0.3636211
0.3515735
0.3749751
0.3363335
0.393791
0.3778464
0.3518943
0.3799753
0.3791609
0.3777836
0.4144393
0.3707145
0.3990828
0.3939328
0.3983097
0.3763016
0.4149608
0.4331148
0.4189908
0.4127382
0.4378352
0.4159906
0.3981555
0.4304134
0.4317565
0.4438733
0.417077
0.383954
0.4075677
0.3935227
0.3909703
0.4260837
0.4335598
0.3863919
0.3949141
0.3890875
0.398666
0.3998778
0.4179025
0.3838436
0.4383563
0.4276578
0.4408636
0.4606067
0.3786008
0.4101248
0.3593252
0.3962353
0.4178622
0.3779273
0.3881064
0.3986502
0.4047079
0.4208364
0.412432
0.4049127
0.4380404
0.4096515
0.4487253
0.4383672
0.4373767
0.4310859
0.4753221
0.4264987
0.4488763
0.435054
0.418412
0.4210358
0.4166775
0.3965058
0.4114749
0.3953564
0.4194396
0.404107
0.4137354
0.39095
0.3907806
0.4104862
0.4006827
0.3905245
0.4047393
0.3702239
0.4310979
0.4000834
0.4188675
0.3697891
0.431841
0.3958325
0.4351129
0.3992706
0.4094004
0.4247764
0.4179534
0.4135013
0.4120962
0.4133803
0.397387
0.3964424
0.4284891
0.4015324
0.4095783
0.4125379
0.428819
0.4010804
0.443457
0.4283361
0.4006292
0.3886891
0.3568184
0.398987
0.41794
0.4020865
0.400329
0.3729654
0.3568262
0.4061542
0.3931802
0.4177767
0.4255458
0.4115731
0.4102014
0.3869899
0.3942918
0.4064095
0.4339778
0.3975222
0.3968287
0.4049625
0.4092405
0.3888592
0.4071056
0.4036796
0.4094512
0.3830107
0.3966721
0.4051973
0.4166151
0.3728469
0.3684303
0.3638322
0.3598421
0.3626822
0.377109
0.4062644
0.3634591
0.3617932
0.3588006
0.3280015
0.3353172
0.3572649
0.3584625
0.3476197
0.3584416
0.3742221
0.364051
0.3616574
0.3492802
0.3433467
0.3511223
0.3491647
0.3456933
0.39535
0.3730984
0.3689137
0.3932606
0.3677346
0.3709063
0.3913197
0.4091905
0.3892647
0.3546337
0.3675479
0.4134982
0.4026797
0.3860455
0.3876928
0.3843222
0.4322703
0.442744
0.402503
0.3906515
0.3993201
0.3985745
0.3822047
0.3692675
0.3608595
0.3720042
0.3864249
0.3305297
0.3530884
0.3340394
0.3418052
0.3732068
0.3615298
0.3838601
0.3940605
0.3533569
0.3738287
0.3882072
0.3912798
0.3784369
0.4024028
0.3843551
0.4183703
0.3981705
0.4107347
0.4243535
0.4205385
0.4245772
0.3978494
0.412469
0.3971307
0.419996
0.4070448
0.4087095
0.377203
0.3990308
0.3965059
0.4117234
0.3717295
0.3916113
0.4043483
0.4111339
0.4424154
0.4219176
0.4136072
0.3922744
0.4264101
0.4270692
0.380337
0.3833025
0.3975488
0.3998876
0.4192891
0.4076273
0.3895493
0.4013852
0.3823766
0.3978602
0.3904877
0.4072926
0.3929067
0.4111158
0.4281276
0.4122243
0.4115535
0.4081682
0.4107472
0.4475133
0.4224633
0.4349802
0.380602
0.3921536
0.3957236
0.3651507
0.3906921
0.4011914
0.3829244
0.4224783
0.4014169
0.3863614
0.3802946
0.3859413
0.397433
0.4185755
0.4240089
0.409073
0.4061508
0.4102377
0.377332
0.3947708
0.3919551
0.4146771
0.3936147
0.4143823
0.4028498
0.3647186
0.399865
0.3741985
0.3907515
0.4235789
0.4020656
0.4335229
0.3846864
0.4329561
0.4160405
0.4091724
0.3851821
0.4043865
0.438411
0.4227967
0.4325681
0.4179122
0.3745067
0.4188511
0.3865698
0.3954418
0.4283641
0.4336815
0.4361505
0.4369648
0.3721713
0.4274198
0.4264801
0.3673037
0.4123253
0.4010845
0.4038382
0.4576878
0.4170306
0.4203016
0.4054756
0.4323293
0.4376158
0.4458605
0.4090117
0.5077893
0.4998934
0.4634303
0.4843586
0.5131008
0.4689195
0.4736195
0.4577107
0.4280679
0.4010192
0.4145131
0.4196259
0.409707
0.4080939
0.428405
0.3812527
0.3567864
0.3700323
0.3821433
0.4190834
0.3765027
0.4093494
0.4111887
0.4052987
0.4126697
0.3662938
0.3663165
0.4164204
0.4043279
0.3924548
0.4242087
0.4240855
0.424036
0.4078833
0.413909
0.3861687
0.382302
0.3946171
0.4305351
0.4008437
0.3764807
0.3886962
0.3892134
0.3768244
0.3850111
0.4004953
0.3683577
0.3715256
0.3788198
0.3948091
0.3896004
0.3791138
0.4200726
0.4245589
0.4158601
0.3937803
0.3809689
0.3782796
0.3761187
0.3748091
0.3841041
0.3871171
0.3918299
0.3659998
0.3841901
0.3909713
0.4191287
0.4262907
0.4061306
0.4141956
0.4065998
0.4409567
0.4020777
0.4206569
0.3871024
0.4198563
0.402187
0.3834088
0.4614467
0.4234493
0.4034835
0.4381263
0.4357674
0.3889681
0.3816605
0.36984
0.3791735
0.3979894
0.4141431
0.3767284
0.3902444
0.3498098
0.3711022
0.3980745
0.3912256
0.3878021
0.3741301
0.3971789
0.3569732
0.3726963
0.38765
0.3934955
0.3792414
0.3750606
0.4041357
0.399159
0.4027675
0.4055099
0.3639389
0.3919795
0.3939306
0.3907341
0.3833463
0.4021641
0.3615068
0.4106821
0.3759571
0.3519676
0.4059731
0.3881132
0.3587029
0.3992419
0.3982686
0.3691096
0.4120147
0.3887824
0.3851978
0.3964606
0.4214928
0.3923444
0.3967227
0.3979024
0.3963765
0.3600791
0.3892065
0.3671735
0.4097902
0.3959917
0.4061927
0.4144421
0.3956986
0.3820471
0.3849868
0.4129018
0.3566191
0.3755343
0.3892235
0.3785398
0.3957463
0.3621295
0.3771447
0.4246496
0.4151193
0.3672059
0.3487339
0.3615682
0.3849878
0.3545169
0.3665233
0.3752169
0.3972277
0.3449178
0.3563589
0.3803036
0.391273
0.3837624
0.3904272
0.3810055
0.3471546
0.3931407
0.3851596
0.3703577
0.3981308
0.3714576
0.3576048
0.3866408
0.3864788
0.3761986
0.3632915
0.3518727
0.3253757
0.384074
0.3976917
0.383927
0.4145159
0.3830485
0.3850728
0.3793958
0.3877907
0.3750366
0.4130844
0.426712
0.4078006
0.3764001
0.3757184
0.3770567
0.3792863
0.3826058
0.4139707
0.3263175
0.3859769
0.4169984
0.4292541
0.4167747
0.3972758
0.4338772
0.4004098
0.3886981
0.3273552
0.3701912
0.3723246
0.3809286
0.3606934
0.3930048
0.4159463
0.4106298
0.3771648
0.4312327
0.3976761
0.4100973
0.3770548
0.3866551
0.4239012
0.3946762
0.4035626
0.4284835
0.4021908
0.3959697
0.3940863
0.4151244
0.3798673
0.3579671
0.3783889
0.373537
0.3831589
0.3752618
0.369227
0.4072847
0.4140567
0.4146357
0.3706982
0.3958937
0.3988482
0.401457
0.3515666
0.3865
0.3804979
0.3804052
0.3805308
0.3643973
0.3924417
0.4192498
0.4035334
0.4009827
0.3738033
0.4190987
0.3819068
0.3838347
0.4060038
0.4121352
0.4051754
0.3885797
0.3742015
0.4147062
0.3955542
0.3929147
0.3953889
0.3882062
0.4301344
0.384474
0.385379
0.4149277
0.3861266
0.3928349
0.3936019
0.4046673
0.3664074
0.4196991
0.3943895
0.4031363
0.3736263
0.4265063
0.391344
0.3754958
0.4152348
0.3742022
0.3910878
0.3809575
0.3749175
0.3706918
0.4111819
0.3548595
0.3963628
0.3912114
0.3917515
0.426245
0.4363648
0.3854198
0.3984944
0.39854
0.4182471
0.4089805
0.4198128
0.4171585
0.3862195
0.4141738
0.4127446
0.4102987
0.4268698
0.3890987
0.4469677
0.4218549
0.418487
0.4230348
0.430024
0.3842198
0.4202758
0.4329522
0.4083259
0.4002491
0.4022301
0.3979175
0.3926328
0.3442833
0.3943532
0.364149
0.4207731
0.3828357
0.4008557
0.3725728
0.3775028
0.3936311
0.3842051
0.3997976
0.3973343
0.4035136
0.4158049
0.3912798
0.3533212
0.3709863
0.3946781
0.382633
0.3996577
0.3787158
0.3698044
0.3899731
0.3949753
0.3731149
0.408321
0.3528199
0.3830174
0.3875131
0.3949569
0.3861017
0.3889279
0.3842472
0.3995089
0.3980512
0.3904269
0.3964555
0.3887058
0.4137127
0.3981197
0.413544
0.3913328
0.401875
0.3887384
0.4417282
0.3885057
0.4211671
0.3991893
0.411488
0.4006024
0.4086334
0.3664086
0.3675098
0.3953451
0.4166394
0.4028371
0.4000391
0.3856925
0.3785823
0.4217574
0.3580053
0.397852
0.3662404
0.3640984
0.3929437
0.3871735
0.3928724
0.3603933
0.3632526
0.3676473
0.3889165
0.3866888
0.370689
0.331135
0.3713729
0.3904949
0.3567224
0.3916175
0.3718758
0.3494152
0.363303
0.3488316
0.3332231
0.336296
0.362435
0.3543749
0.3555787
0.3610256
0.3388029
0.3596476
0.3602038
0.351982
0.3494131
0.3706709
0.3496832
0.384786
0.3770323
0.366886
0.3488967
0.3651828
0.3728364
0.3826465
0.3655408
0.384753
0.4012358
0.4066201
0.3556924
0.3790818
0.3718371
0.3524956
0.3948325
0.3554503
0.3602412
0.3607715
0.4132097
0.3678508
0.3759922
0.3725585
0.3864484
0.378913
0.4124919
0.3915672
0.3853744
0.3680565
0.4085794
0.391077
0.4169002
0.4238699
0.398563
0.385392
0.4206413
0.3694932
0.3944485
0.3960972
0.377964
0.3845742
0.3935317
0.3890637
0.3496956
0.3886375
0.3865658
0.384862
0.3426294
0.4132467
0.3965069
0.3955184
0.3726953
0.4000556
0.3735057
0.3886989
0.4041422
0.4098463
0.3730518
0.455667
0.3915037
0.3937207
0.3555566
0.4120064
0.3615806
0.4127228
0.398797
0.3694913
0.3969683
0.3405448
0.3588548
0.3553096
0.337021
0.3528515
0.3535975
0.3618062
0.340755
0.3746625
0.4081236
0.3845422
0.3790692
0.4070365
0.3962088
0.3823282
0.384269
0.4076873
0.4277726
0.3757239
0.4075218
0.3850119
0.3740046
0.3735415
0.338135
0.3997564
0.3766225
0.397254
0.3735133
0.4003451
0.4224242
0.4504762
0.4258484
0.4178211
0.4481944
0.4116152
0.476468
0.4854855
0.4558185
0.4683208
0.4672595
0.5040528
0.4922682
0.4326128
0.4305747
0.4334061
0.3981363
0.4103658
0.4298031
0.4057365
0.4076365
0.3934208
0.3872003
0.4107962
0.3795424
0.4031367
0.3993093
0.3891277
0.3833007
0.4419136
0.3747899
0.3552074
0.3941195
0.4099071
0.4021315
0.4047857
0.3823926
0.3903761
0.3756807
0.4226257
0.4138943
0.3794243
0.3758706
0.3799303
0.3815267
0.3889825
0.3394476
0.3809009
0.3748747
0.3808642
0.3799744
0.3610007
0.342622
0.3805115
0.3584974
0.3689213
0.3717844
0.3586488
0.3842688
0.3707373
0.3883427
0.3742336
0.3494602
0.3446774
0.3595492
0.3665559
0.3436235
0.3510031
0.3909235
0.3395084
0.3369383
0.3646474
0.3719695
0.3551051
0.3684269
0.4006904
0.3858294
0.4012721
0.3631036
0.348917
0.3520855
0.3736862
0.347462
0.3328214
0.337031
0.3575628
0.3281237
0.3585207
0.3598939
0.3359688
0.3872631
0.3832448
0.4044316
0.3562919
0.3648112
0.3557354
0.312031
0.3316416
0.3240037
0.3554516
0.3128576
0.3272137
0.3457959
0.3632613
0.3466457
0.3109154
0.3434838
0.3281311
0.3459295
0.3238884
0.3356848
0.3285357
0.3592018
0.3601182
0.3517414
0.3616846
0.3701499
0.3930598
0.3776108
0.367631
0.3401963
0.3651772
0.3861749
0.3492187
0.3959664
0.3721387
0.3626191
0.3820322
0.3558905
0.3558529
0.3423647
0.3803541
0.3789881
0.395201
0.4154386
0.3849404
0.3648548
0.3969937
0.360896
0.3736227
0.3859587
0.4065558
0.4074362
0.3597524
0.3858274
0.4042513
0.4002274
0.3982519
0.3984216
0.3870894
0.4140734
0.4084352
0.3977239
0.3908751
0.3967147
0.4139433
0.3823526
0.417413
0.3992201
0.3630077
0.3888714
0.356505
0.3798305
0.3726098
0.4073459
0.3362439
0.3852566
0.3720496
0.3677563
0.3506469
0.3563269
0.3497951
