0.159422
0.2233459
0.1995865
0.1678086
0.1862762
0.1624487
0.1603545
0.184743
0.1752107
0.1550783
0.1796959
0.1886703
0.1580879
0.1371034
0.1820599
0.1563188
0.1657212
0.1273398
0.1313612
0.14478
0.1622071
0.1665993
0.1762629
0.1961692
0.2615181
0.2398116
0.2221528
0.2338907
0.2350505
0.2448751
0.2440929
0.1987028
0.2375577
0.2718739
0.2254187
0.2133623
0.2333456
0.2206972
0.2126708
0.2480439
0.2093
0.2312526
0.221146
0.2070367
0.2846815
0.2338707
0.2244345
0.218397
0.1738979
0.1988824
0.1568892
0.1600121
0.1949332
0.1714678
0.1458555
0.1471564
0.1443431
0.1793796
0.1490539
0.1448763
0.1774324
0.1976186
0.1773131
0.1743225
0.1480192
0.1612033
0.1804574
0.1605694
0.1931579
0.2220298
0.2039148
0.1821655
0.1592638
0.1500602
0.1882031
0.2008543
0.1488281
0.1476225
0.1586179
0.1467373
0.2064954
0.1510677
0.1300239
0.1868841
0.1986594
0.1745201
0.168028
0.1610671
0.1679638
0.1647481
0.1583901
0.1512321
0.1531583
0.1329799
0.1324078
0.1434987
0.1692877
0.1566721
0.143938
0.140679
0.1511898
0.1624102
0.1504231
0.1347233
0.1428965
0.1309898
0.1417227
0.13659
0.1438151
0.1381429
0.1537549
0.1662535
0.1729211
0.17378
0.2017845
0.1900293
0.209411
0.1946812
0.1879191
0.1943011
0.2065407
0.1545649
0.1725057
0.1290751
0.1669456
0.1477488
0.1565711
0.1824217
0.1609097
0.2362304
0.2544211
0.2078305
0.2016632
0.1853237
0.1720363
0.1758773
0.1561217
0.1634807
0.1805151
0.1926066
0.236187
0.2297747
0.1638463
0.1926951
0.1740363
0.16019
0.176877
0.171005
0.1811442
0.2028893
0.1786683
0.1562317
0.2099999
0.2559181
0.1627059
0.1795734
0.1552247
0.188401
0.1948512
0.1702552
0.1838557
0.1739165
0.1563898
0.1727699
0.143831
0.1612441
0.1542596
0.1664358
0.1852381
0.1813538
0.1995755
0.1865949
0.2493782
0.2458552
0.2275687
0.218586
0.2538301
0.2773571
0.2918484
0.2975934
0.2996101
0.2841011
0.2983938
0.2972544
0.2565759
0.2789098
0.2826429
0.2531529
0.256329
0.243767
0.2644334
0.2253515
0.2758926
0.2358761
0.2391788
0.2763166
0.2596169
0.2520811
0.2471622
0.2688839
0.2558789
0.239438
0.2704368
0.2512815
0.2748059
0.2585366
0.2639689
0.282514
0.2839035
0.2511366
0.2269353
0.2537957
0.2711543
0.2841172
0.2971195
0.2750195
0.2724712
0.2494392
0.2502627
0.2817501
0.2764893
0.308833
0.2876516
0.3000647
0.289933
0.3148859
0.3033898
0.2827577
0.2688429
0.2628188
0.2694677
0.2750964
0.2411084
0.2684052
0.2450579
0.2910466
0.2665125
0.2795317
0.2449991
0.2916648
0.2643735
0.2567348
0.2820092
0.253273
0.2726
0.2774791
0.2530871
0.269994
0.2920741
0.2740906
0.2798231
0.2718107
0.2613524
0.2636702
0.2648705
0.2840684
0.3116438
0.3112565
0.2997636
0.3126356
0.3120098
0.2828199
0.3127216
0.32784
0.3199349
0.3267447
0.2925322
0.3090394
0.3127357
0.3527061
0.2931619
0.2984496
0.3227932
0.2104347
0.2489974
0.1959738
0.2249605
0.2574103
0.2468385
0.2558344
0.2434304
0.2034805
0.2214101
0.2201939
0.2119266
0.2399886
0.1719303
0.2559257
0.2320618
0.1703034
0.2182805
0.206372
0.2094275
0.2525178
0.2526381
0.2089284
0.2257471
0.237182
0.2649372
0.2944656
0.290663
0.3092345
0.2991123
0.2777456
0.208891
0.2570685
0.2971638
0.3325627
0.264679
0.26927
0.2556138
0.2396539
0.2471753
0.2569167
0.177866
0.2385832
0.1818232
0.1991554
0.2023083
0.262439
0.1885742
0.1826684
0.2540438
0.215262
0.2389463
0.2468323
0.1702249
0.1716017
0.1742631
0.1781084
0.1916145
0.1884176
0.1496169
0.1628432
0.1909218
0.1685109
0.1896945
0.1810217
0.189014
0.2419508
0.2180896
0.2465892
0.2524831
0.2352924
0.2065954
0.2464418
0.2519054
0.1909261
0.2157988
0.2024321
0.2083117
0.2056994
0.1946359
0.1904625
0.2077526
0.1826967
0.1969137
0.2044239
0.1844085
0.208416
0.1943725
0.1750304
0.2240148
0.1929918
0.166365
0.2308395
0.2781554
0.2264085
0.2322933
0.2504363
0.2437584
0.2476445
0.1901316
0.2010961
0.1712395
0.1876169
0.1821098
0.2394021
0.1748679
0.1951182
0.2375172
0.2224477
0.2125368
0.2173318
0.2648615
0.2129796
0.2145759
0.1803746
0.2275151
0.2596555
0.253804
0.2563493
0.2812255
0.2480038
0.305862
0.3077618
0.3721002
0.3005211
0.3347023
0.3049414
0.2279826
0.2601684
0.2422954
0.2252573
0.2250161
0.2227666
0.2094961
0.246403
0.2587968
0.1813794
0.2185809
0.2075664
0.2063654
0.1842545
0.1912226
0.239958
0.2312713
0.2250692
0.1909148
0.220534
0.2275334
0.1928326
0.2069293
0.2178864
0.2189939
0.2189397
0.2387649
0.2174495
0.2330622
0.2424554
0.2374642
0.2421507
0.2202741
0.255894
0.2841742
0.2152665
0.2787937
0.2760703
0.2727657
0.2593985
0.2391595
0.2289234
0.2762943
0.2681594
0.3299267
0.3190554
0.3037327
0.3051413
0.2818161
0.3000739
0.2860371
0.257893
0.2977886
0.2517712
0.249807
0.2442973
0.213368
0.2527906
0.2287884
0.2229672
0.2250979
0.2347287
0.2395561
0.2499271
0.2361616
0.2469447
0.2045754
0.2586133
0.2238855
0.2597886
0.2772941
0.2544307
0.2569413
0.2784871
0.243031
0.2706778
0.3199726
0.3551729
0.3283893
0.30198
0.3183008
0.2693976
0.3086625
0.2531314
0.267236
0.2651622
0.2644188
0.2729049
0.2180177
0.1860826
0.2482082
0.217645
0.2111508
0.240559
0.3338618
0.2541535
0.2676846
0.2838518
0.2555071
0.2853967
0.3377744
0.2765617
0.2850406
0.335189
0.3170537
0.2943333
0.2737423
0.27689
0.2766992
0.2790722
0.3139632
0.2991762
0.3184971
0.3647784
0.3192091
0.3458723
0.3412726
0.3921947
0.331659
0.3915322
0.3547791
0.3116106
0.3326025
0.3279206
0.3107091
0.3053287
0.3782146
0.3373031
0.258371
0.3458124
0.3404048
0.3119865
0.3609349
0.317048
0.3377117
0.3580365
0.3835399
0.3596276
0.3672942
0.3390892
0.3003754
0.3020342
0.3068612
0.2717881
0.2853662
0.3290858
0.269581
0.2999523
0.301744
0.2885776
0.2831929
0.2976703
0.3020069
0.2646121
0.3199841
0.3769028
0.3408022
0.3325658
0.2582785
0.344332
0.2873611
0.3061922
0.390988
0.3066174
0.3171474
0.2844632
0.3076781
0.2888784
0.3061533
0.2782241
0.2810476
0.2256397
0.295937
0.3018568
0.272009
0.2538969
0.2517643
0.2387018
0.1868186
0.2001765
0.1924023
0.2104235
0.1845287
0.1781414
0.2024445
0.2332442
0.2224423
0.2786236
0.272038
0.2359908
0.2996998
0.2933479
0.2863751
0.2924926
0.2728055
0.2591929
0.2803099
0.22856
0.2405304
0.2753896
0.2840338
0.2768023
0.2670831
0.213057
0.3176534
0.2739097
0.2441632
0.2250022
0.224975
0.2400467
0.2177223
0.2184542
0.2034628
0.2194639
0.2164116
0.2284318
0.2148432
0.2011807
0.2191265
0.1962893
0.2376743
0.2376042
0.2431518
0.2135952
0.2354482
0.2333955
0.2440811
0.2916509
0.2918876
0.2714945
0.3016327
0.2962739
0.2497944
0.2779489
0.248789
0.3264701
0.2879682
0.298826
0.2316153
0.2364961
0.2302251
0.2459646
0.2284542
0.2491769
0.2608882
0.2708472
0.2477316
0.2431523
0.2048905
0.2326542
0.2442869
0.1859843
0.2082944
0.2546216
0.2341303
0.2558495
0.2560295
0.2138285
0.2442854
0.2421411
0.2976606
0.2392535
0.2721229
0.2366294
0.2769196
0.2452245
0.2231501
0.2332515
0.2540412
0.2660821
0.2453397
0.248794
0.2489271
0.2764151
0.2637087
0.2701991
0.236993
0.255196
0.2593964
0.2234754
0.216775
0.2446518
0.2515427
0.2227456
0.2143811
0.2330516
0.2526902
0.2724769
0.2552234
0.2746674
0.2541043
0.2657878
0.2779715
0.2774796
0.2688991
0.2830952
0.2824851
0.2698278
0.2915634
0.2743069
0.2594841
0.2763443
0.2561107
0.2795329
0.2354034
0.2493944
0.2634507
0.2442071
0.2507651
0.2606754
0.2431139
0.2406623
0.2543106
0.25627
0.2666566
0.2620789
0.2103542
0.2455451
0.2260654
0.2394492
0.2563217
0.2532752
0.253053
0.2241858
0.2009507
0.2191701
0.239349
0.2459577
0.2470761
0.2416252
0.2591977
0.2073457
0.2172018
0.1870106
0.2115306
0.2420466
0.2460792
0.2576926
0.2130848
0.1736591
0.1841616
0.1765509
0.1800411
0.2345645
0.2237488
0.1958164
0.198613
0.2111702
0.1975556
0.1672789
0.1868133
0.1885362
0.1840631
0.1898341
0.2103568
0.2173918
0.1867539
0.2011444
0.2202897
0.2146781
0.2204677
0.1738833
0.2085058
0.2015476
0.2392249
0.2024648
0.2239496
0.1930874
0.2178807
0.2478868
0.2618681
0.2682461
0.2379711
0.2329587
0.2068622
0.2444822
0.2443456
0.2705272
0.2520048
0.2447339
0.2057672
0.2150356
0.2355098
0.189806
0.2281502
0.1938869
0.2461568
0.1827262
0.184054
0.2032966
0.2206125
0.185082
0.1874245
0.218821
0.1875214
0.201928
0.2128449
0.1536598
0.1547477
0.1429988
0.1512481
0.1688054
0.2017785
0.1750361
0.1377337
0.1675769
0.1669236
0.1596055
0.1575752
0.1887078
0.1711993
0.205303
0.1869139
0.2292242
0.1936419
0.2326224
0.1896563
0.1958414
0.1942133
0.2372521
0.2112951
0.2398016
0.2156308
0.1883318
0.2301918
0.2623348
0.2208915
0.1989923
0.2508918
0.2313415
0.2530989
0.2422476
0.2585403
0.2218319
0.2026308
0.224306
0.2009374
0.2159847
0.2165709
0.2012847
0.2358177
0.3335357
0.2507219
0.2600377
0.2193067
0.2579012
0.2336397
0.2618656
0.2618393
0.2896459
0.2497757
0.2660173
0.2659111
0.2738505
0.2914113
0.3089848
0.2820038
0.2432453
0.2474059
0.2220306
0.2552865
0.1844909
0.2358771
0.2227189
0.2345897
0.1778052
0.2067693
0.2174786
0.2208351
0.2028797
0.1994686
0.2184376
0.1945711
0.1952002
0.216307
0.2052621
0.2178011
0.1839478
0.2157489
0.1643144
0.167296
0.2240448
0.2443686
0.1816193
0.1911733
0.2237919
0.181122
0.2145357
0.215253
0.2001543
0.222719
0.2142004
0.2269619
0.2339828
0.2663789
0.2778404
0.2630862
0.2500669
0.2181621
0.2560702
0.2903252
0.2703493
0.2840699
0.2652178
0.2586732
0.2445757
0.2035581
0.2245691
0.2433592
0.2117299
0.2462244
0.2345847
0.2595913
0.2255281
0.2152172
0.2063328
0.2103739
0.2337507
0.1911586
0.2066832
0.1986562
0.2353975
0.2072352
0.1910922
0.2076708
0.1990631
0.1716685
0.2338218
0.2380508
0.2161596
0.20912
0.2282905
0.1835717
0.2306063
0.2097325
0.2431739
0.2650729
0.2748973
0.2639978
0.2865519
0.2781914
0.2918028
0.2478489
0.2275769
0.2537008
0.2430592
0.246665
0.2239397
0.2349
0.2599081
0.2683735
0.2551221
0.199593
0.2020984
0.2412896
0.2222647
0.2154391
0.2904119
0.2232551
0.2192965
0.1949118
0.1632812
0.1771376
0.1537195
0.1710521
0.224562
0.178997
0.2132901
0.2147724
0.2063757
0.2153553
0.2522607
0.2221387
0.1919002
0.2397632
0.2237191
0.2173162
0.2568923
0.2164391
0.2614522
0.2251844
0.2716361
0.2773266
0.2232976
0.2873775
0.2690934
0.2458605
0.27963
0.3037108
0.2455882
0.2021844
0.2372334
0.2661901
0.2496901
0.2566073
0.2383868
0.2364737
0.2199289
0.2100723
0.2350189
0.17638
0.1960384
0.2006924
0.2430146
0.2414977
0.2755409
0.2363345
0.2179581
0.2809768
0.2461859
0.2127933
0.2160258
0.2281022
0.2258846
0.1738848
0.2269012
0.2414979
0.2230785
0.1787585
0.2216011
0.1978488
0.2571775
0.2217984
0.2702138
0.2494026
0.2571338
0.226386
0.233714
0.2575915
0.224652
0.2501598
0.2572573
0.2032703
0.2080894
0.1931848
0.217228
0.2471977
0.1904096
0.2260573
0.199448
0.1915737
0.1848422
0.1900813
0.1809049
0.1952941
0.1766661
0.2040734
0.199454
0.22378
0.2288673
0.1845812
0.2183029
0.2171542
0.205566
0.1953908
0.2003584
0.2174716
0.2036503
0.2137379
0.2258397
0.2433035
0.2186944
0.2007701
0.1943682
0.2031302
0.1954821
0.2030942
0.2199818
0.1858761
0.2067592
0.1941978
0.1903132
0.1784548
0.1745488
0.1533987
0.2098823
0.2044173
0.1855235
0.1963793
0.1794473
0.1887821
0.1810427
0.1875333
0.1849214
0.1804343
0.1999153
0.1899116
0.2072539
0.2208593
0.2196617
0.2078708
0.1982857
0.2054964
0.1868654
0.1847921
0.1903365
0.1984083
0.1846379
0.1790962
0.1764061
0.178179
0.1684543
0.1734192
0.1739321
0.1541005
0.1546334
0.1712492
0.1458445
0.1511056
0.1803881
0.1834055
0.1763324
0.1857423
0.1925496
0.2191193
0.2268797
0.1974205
0.1730388
0.1969105
0.1906038
0.1917424
0.2109634
0.1823998
0.1951315
0.2026246
0.1669597
0.183438
0.1906319
0.1781287
0.1755981
0.1777843
0.1645082
0.165009
0.2238822
0.1791
0.1866069
0.1677407
0.1719102
0.1979354
0.1840628
0.197839
0.1742297
0.1941389
0.1767639
0.1873729
0.1982625
0.1843985
0.1609557
0.1778754
0.1804894
0.1916848
0.1556294
0.1491075
0.1593801
0.1778094
0.1489783
0.1638989
0.1520006
0.128408
0.1710704
0.1804897
0.1671147
0.1985301
0.1780907
0.1769078
0.1659506
0.1781052
0.1608783
0.1771922
0.1836347
0.1706296
0.1897777
0.1891034
0.2096815
0.1641204
0.1923815
0.1976808
0.1740451
0.1841453
0.1786975
0.1925613
0.1672673
0.1984658
0.1872469
0.1781841
0.1741929
0.1898645
0.1769674
0.1839017
0.1688892
0.2158218
0.1655403
0.1937731
0.1636192
0.1772949
0.1668828
0.1667455
0.1630199
0.1574339
0.1804674
0.151709
0.150047
0.187142
0.1748279
0.1528694
0.1339166
0.1716181
0.1619115
0.1481903
0.1598775
0.2010293
0.1784559
0.1859012
0.1530925
0.1430255
0.153348
0.1673774
0.1820785
0.2281477
0.2124911
0.1723288
0.2109767
0.189234
0.1909104
0.1851047
0.1800191
0.2196099
0.2177452
0.199492
0.1859873
0.2103725
0.196393
0.1952004
0.2000121
0.2091895
0.1990181
0.1906927
0.1855814
0.1733749
0.2007028
0.1703945
0.1979485
0.2067586
0.1823396
0.2136614
0.1807725
0.1891765
0.1499224
0.1876694
0.1767267
0.1547122
0.1820432
0.1646518
0.1566279
0.1449364
0.1607768
0.1603055
0.1778425
0.1694562
0.1940976
0.1883202
0.199648
0.1695998
0.1767611
0.2310865
0.1822964
0.1849111
0.1849774
0.169309
0.1761529
0.168588
0.1867774
0.1872876
0.180516
0.2082998
0.1727431
0.1601334
0.1769292
0.1559474
0.158851
0.1686237
0.198333
0.1760556
0.1851026
0.1717726
0.1897004
0.1804127
0.1528945
0.1815953
0.2021221
0.1991905
0.158478
0.2023656
0.1989254
0.1689508
0.1705095
0.1629708
0.1665476
0.1737536
0.1681738
0.1486218
0.1592657
0.1706208
0.1759012
0.175735
0.1665067
0.1423148
0.1429379
0.1387416
0.1638674
0.1840873
0.1730367
0.1538547
0.1516277
0.1715231
0.1447178
0.154302
0.1495257
0.2002164
0.1569222
0.1638277
0.1954783
0.1973389
0.2301341
0.177885
0.1749679
0.1601822
0.1630792
0.1659908
0.1484682
0.1406955
0.1549665
0.1585762
0.1521728
0.1450292
0.1284382
0.1470678
0.1549713
0.1777577
0.1675417
0.1317342
0.1876769
0.1664045
0.1623605
0.1538262
0.1638044
0.1384861
0.1753681
0.1297777
0.1354019
0.1672655
0.1632481
0.1637763
0.187552
0.2113681
0.1689266
0.1921167
0.1899386
0.1622397
0.2064713
0.1989348
0.1789881
0.131326
0.1498777
0.1796795
0.1347691
0.135894
0.1359167
0.1558293
0.1317867
0.1312978
0.1149975
0.128616
0.1405899
0.1506983
0.1428947
0.1493942
0.1443604
0.1225685
0.1290465
0.1475091
0.1574516
0.1201207
0.1082935
0.1233598
0.1517026
0.1666495
0.1548015
0.1561986
0.1531466
0.1570055
0.1170161
0.1541973
0.1306219
0.1313562
0.1162137
0.1273145
0.1360909
0.1568237
0.1403027
0.1453265
0.1624593
0.1525691
0.1614858
0.1678131
0.1547425
0.1514572
0.1472389
0.1506634
0.1699317
0.2030891
0.1661242
0.1536307
0.1667511
0.1511462
0.1609296
0.1724531
0.1704703
0.1701344
0.155756
0.1933018
0.1834452
0.1777841
0.1942914
0.1798661
0.1626353
0.1670912
0.1607087
0.1798288
0.173891
0.1566771
0.1410327
0.1250695
0.1641845
0.1281264
0.1501531
0.1569142
0.1162761
0.1379444
0.1571248
0.1635388
0.1478381
0.1174565
0.1359781
0.121958
0.1796178
0.1464437
0.1776917
0.1536666
0.1546274
0.1155343
0.1645311
0.1217665
0.1156441
0.1186854
0.1250802
0.127102
0.1455117
0.1479681
0.1243063
0.1394089
0.1303955
0.1722957
0.1271951
0.1646673
0.12955
0.1116078
0.1317198
0.1614695
0.1272439
0.1691675
0.1766976
0.1665468
0.193351
0.1776229
0.2040955
0.1672396
0.1924535
0.1670178
0.199353
0.1920928
0.1839113
0.1740745
0.1755113
0.1711224
0.1819604
0.1768575
0.2230272
0.2614098
0.1977698
0.1983407
0.2104458
0.1438191
0.1736702
0.1405297
0.1445059
0.1594644
0.1154941
0.1575746
0.1221975
0.1701508
0.1605184
0.1489763
0.1475298
0.1900074
0.1731028
0.2238984
0.1718006
0.1272977
0.1463206
0.1820404
0.1720852
0.1710661
0.1921454
0.1839752
0.1527504
0.134329
0.148564
0.1338358
0.1428683
0.1884006
0.1433941
0.1618637
0.1881474
0.1718912
0.1830661
0.1643537
0.1983897
0.1368476
0.1297388
0.1385165
0.1419092
0.1245857
0.13919
0.1341104
0.1354444
0.1236266
0.1341618
0.155734
0.1589801
0.1524415
0.1134976
0.1490234
0.1394047
0.1345883
0.1219938
0.1176298
0.131757
0.123083
0.1303485
0.1876768
0.1767932
0.1667755
0.1300919
0.1412942
0.1613058
0.1484179
0.14823
0.1421161
0.150743
0.1529531
0.1598933
0.152568
0.152574
0.1448698
0.1520795
0.1305743
0.149562
0.1755343
0.1606025
0.1708225
0.1551608
0.152397
0.1510973
0.1583191
0.146357
0.1650013
0.1331981
0.1258389
0.1441159
0.1370699
0.117891
0.1885895
0.1695301
0.177269
0.191021
0.1854748
0.1714611
0.1651633
0.2001397
0.1734506
0.1803099
0.1641286
0.1772548
0.1664006
0.1603214
0.1639248
0.1868614
0.1583344
0.1639186
0.1629185
0.1559496
0.1751546
0.1503495
0.1982102
0.1686373
0.1916927
0.1616935
0.1546355
0.167568
0.1775186
0.1694323
0.1605261
0.1874106
0.1825908
0.1960232
0.179127
0.1767724
0.1737235
0.1681755
0.1662756
0.1620393
0.1497778
0.1735315
0.1560296
0.1644739
0.1576282
0.1694164
0.1561815
0.1770151
0.1467212
0.1296979
0.1438066
0.1291487
0.1516737
0.1586485
0.1706457
0.1665676
0.1892325
0.1656015
0.1496189
0.1467609
0.1571689
0.1714447
0.1601783
0.1795529
0.1746749
0.1614317
0.1741484
0.1630518
0.1693641
0.1825083
0.1550111
0.1762514
0.177126
0.1622916
0.1872715
0.1768149
0.1678427
0.1373301
0.1663509
0.1608185
0.1596411
0.1594252
0.1621312
0.1885798
0.1743067
0.1619129
0.155258
0.1774232
0.1876714
0.1828251
0.1770642
0.1738975
0.168071
0.1858099
0.1815748
0.1877722
0.1700746
0.166584
0.179033
0.1519931
0.1504073
0.1486483
0.1629307
0.1899276
0.1676465
0.1832154
0.1757452
0.1818066
0.1771728
0.1729956
0.1683993
0.1790994
0.1711718
0.1937925
0.1767545
0.1727512
0.1897635
0.1867842
0.1689581
0.1867111
0.1894803
0.176084
0.1927201
0.159068
0.1775621
0.207491
0.1684732
0.1923842
0.1714529
0.1833228
0.1782479
0.1826685
0.1985343
0.1479576
0.1725904
0.1594615
0.173921
0.1694486
0.1789816
0.1629101
0.1819271
0.1842862
0.1837887
0.1952308
0.1757416
0.1915811
0.1641643
0.1729575
0.190816
0.1757601
0.1965445
0.1742508
0.1894808
0.1771977
0.1707096
0.172078
0.1797109
0.1671621
0.1825289
0.1734594
0.1689863
0.1671975
0.1625241
0.1787233
0.1797032
0.1654981
0.1691117
0.1770949
0.1966857
0.193596
0.1787891
0.1880091
0.2122007
0.1759564
0.1840114
0.2164557
0.1902628
0.1725545
0.1653671
0.1801222
0.181263
0.1669787
0.1623737
0.1813181
0.1781467
0.1738148
0.1770111
0.1801522
0.1767839
0.1748177
0.173571
0.1455275
0.1419436
0.184608
0.1576688
0.1702371
0.1877446
0.1789816
0.178934
0.1900807
0.2026812
0.2032829
0.1938901
0.2090874
0.1975496
0.1754231
0.1506516
0.1678115
0.1750908
0.1803571
0.1820012
0.167168
0.1935678
0.1886114
0.2154517
0.2074415
0.1800436
0.1973939
0.2190462
0.2038731
0.2003341
0.2302824
0.2155209
0.1838727
0.1840214
0.1892365
0.2070542
0.1900535
0.1767991
0.1757244
0.1990293
0.2041609
0.2048764
0.1668955
0.1883202
0.1861713
0.1844333
0.188909
0.173486
0.2215034
0.197811
0.1884066
0.18206
0.2086081
0.1767826
0.1803378
0.2015121
0.1873794
0.1976775
0.1711674
0.1952805
0.2099892
0.2163592
0.214953
0.1891099
0.1945252
0.1862474
0.1920422
0.2089551
0.2001913
0.1938198
0.1921693
0.1662071
0.1930965
0.179124
0.1775276
0.1657823
0.1606538
0.1826139
0.1992877
0.1893763
0.1861711
0.1922738
0.1728516
0.1687056
0.1860258
0.1873936
0.2134069
0.1840998
0.2016919
0.1981374
0.2021997
0.1967407
0.2105339
0.2077565
0.2018503
0.2015794
0.2079415
0.2230584
0.2355046
0.2278865
0.1916917
0.2034172
0.191322
0.1985141
0.1945144
0.1877037
0.2089862
0.2044037
0.1823499
0.1987654
0.1916166
0.18771
0.179661
0.2111482
0.2127816
0.2387196
0.2061768
0.2107982
0.2068654
0.1971893
0.1815506
0.1903277
0.2048689
0.1977259
0.2229853
0.1976814
0.1552985
0.1659747
0.1437177
0.121965
0.1334889
0.1325696
0.1220682
0.1265921
0.1488411
0.1369194
0.1330613
0.1580767
0.1299483
0.154916
0.1380691
0.1828435
0.1648912
0.1626929
0.1515358
0.1697404
0.1792988
0.179868
0.1520369
0.1780509
0.1618488
0.1634732
0.1613556
0.1498871
0.1821232
0.164105
0.1514436
0.1536675
0.1450274
0.1621303
0.1969274
0.1527901
0.1747794
0.1527918
0.1749686
0.1391893
0.1732021
0.1690561
0.1570281
0.1515263
0.166838
0.1668849
0.1567627
0.1521888
0.131682
0.1529391
0.1363357
0.1571216
0.1455804
0.1477156
0.1479382
0.1613926
0.1406037
0.1512679
0.1555912
0.1529718
0.1797409
0.198045
0.168438
0.17872
0.1726939
0.1758692
0.1482594
0.2098461
0.1751506
0.1809358
0.1876462
0.1860923
0.1989213
0.1613796
0.1634121
0.1766459
0.1594038
0.1983587
0.2083392
0.2049027
0.2393028
0.1845654
0.1747012
0.1867224
0.1582823
0.1706111
0.1820178
0.176979
0.1672837
0.1933866
0.1673848
0.1666498
0.1523383
0.1657567
0.1801987
0.1870379
0.1760607
0.1621877
0.1999097
0.1848338
0.1911739
0.1864793
0.2148404
0.2168751
0.1806015
0.1966698
0.1766823
0.1616991
0.1395965
0.1758127
0.20704
0.2082119
0.1804499
0.1740571
0.1655412
0.2041718
0.1930593
0.1874745
0.1868231
0.208102
0.1978736
0.1900193
0.2186973
0.2040777
0.2099323
0.1809938
0.1765997
0.1720426
0.1797013
0.1976506
0.1923484
0.2114152
0.1807506
0.1997755
0.1634425
0.1850822
0.1875805
0.1681662
0.1824546
0.1949893
0.1648394
0.198817
0.1379907
0.1475414
0.149189
0.1817619
0.1681356
0.1386165
0.1574019
0.2207387
0.1764912
0.1952544
0.1879911
0.2190344
0.1434766
0.1847397
0.1688192
0.2050963
0.1634863
0.1394946
0.1868085
0.2043363
0.1992892
0.186441
0.2028422
0.212632
0.191734
0.1756454
0.1806012
0.2014719
0.2082897
0.202005
0.232767
0.1956064
0.2155799
0.2198214
0.1918177
0.159934
0.1663658
0.151402
0.1470495
0.159759
0.1549167
0.1649703
0.1700096
0.1428476
0.1736994
0.1590502
0.1663257
0.151606
0.1759178
0.149521
0.1484445
0.1516015
0.1360874
0.1466153
0.153235
0.1447032
0.1567944
0.1527158
0.1772586
0.1929549
0.175428
0.182226
0.168071
0.148234
0.1484768
0.1605738
0.1469273
0.1685661
0.1707144
0.1628817
0.1455876
0.1693227
0.1604089
0.1525983
0.1621226
0.1802239
0.1910105
0.1902165
0.156038
0.1541685
0.196988
0.1544933
0.1346498
0.1621434
0.1586414
0.1551407
0.1275842
0.1397287
0.1893405
0.1425713
0.1714279
0.1539773
0.1206249
0.1539918
0.1498731
0.1764401
0.1316529
0.1434674
0.1651365
0.1745518
0.1679514
0.2038469
0.201164
0.1944939
0.1851956
0.1580912
0.1841424
0.1969488
0.2040134
0.2229799
0.1867965
0.2175725
0.245887
0.2631848
0.2800353
0.2285706
0.1780928
0.2017442
0.1938131
0.1982008
0.1744063
0.2407458
0.1777137
0.171009
0.2037778
0.1677257
0.1512636
0.1625718
0.1622975
0.1759889
0.1836193
0.1636901
0.176871
0.1496403
0.1177251
0.141985
0.1126131
0.1086166
0.1297666
0.1479943
0.132885
0.1612663
0.1376928
0.1215615
0.1273682
0.1301167
0.137661
0.1674506
0.1419432
0.1283258
0.1505014
0.1619782
0.1633392
0.1642758
0.1594322
0.1496495
0.1826241
0.1437252
0.1415764
0.156456
0.1602518
0.1349538
0.1725718
0.1709898
0.1739929
0.1533879
0.1768511
0.1631696
0.1515716
0.1564289
0.1757688
0.1694349
0.1718546
0.172371
0.1653191
0.1392574
0.1651673
0.1483605
0.1590708
0.1604707
0.1397393
0.1520324
0.1614749
0.1514962
0.1538849
0.1603233
0.1551429
0.1783399
0.1649006
0.1605343
0.1788104
0.2057549
0.1635063
0.1839097
0.1819522
0.1496305
0.1641041
0.1736082
0.1517882
0.1693296
0.176549
0.1672398
0.1854069
0.1442453
0.16688
0.1613974
0.1592994
0.186696
0.1961659
0.1606522
0.2083099
0.1690653
0.1286936
0.1672192
0.1629225
0.1750314
0.1656914
0.1945477
0.1779415
0.1670222
0.1641587
0.1554091
0.1574786
0.1626181
0.1629817
0.1533474
0.17471
0.1832012
0.1862383
0.2080705
0.2161781
0.1586158
0.1469052
0.1752963
0.1975491
0.1738567
0.1758811
0.1606011
0.1503115
0.1592482
0.1691585
0.1524346
0.1648346
0.1714288
0.1352815
0.1577981
0.1698113
0.1725279
0.1823954
0.1706539
0.1572992
0.1363454
0.1557569
0.1463546
0.1687647
0.166705
0.1687354
0.1663497
0.165005
0.1657186
0.1698592
0.1479769
0.1631705
0.1729485
0.1642318
0.1880451
0.2008134
0.1650311
0.1548123
0.1652432
0.2158962
0.1877437
0.1936456
0.2116637
0.2079233
0.2010393
0.1497366
0.1925873
0.174719
0.2090217
0.2129998
0.1977251
0.1852662
0.2088315
0.2130155
0.2003466
0.1961375
0.1769869
0.189741
0.2143697
0.1946892
0.19464
0.1940649
0.1638518
0.17786
0.1790267
0.1702693
0.1951197
0.1895556
0.2175367
0.1958858
0.1944931
0.19649
0.2244089
0.209365
0.2251134
0.1988173
0.2337046
0.2250978
0.2226437
0.2118718
0.213794
0.2377987
0.2047916
0.1977905
0.2108573
0.2116334
0.2271066
0.2368507
0.2053203
0.2254173
0.2350062
0.2461381
0.1797327
0.2124559
0.213967
0.2260806
0.2298185
0.2177886
0.2134044
0.1928061
0.2202164
0.1966391
0.1905133
0.1622514
0.184726
0.1625601
0.2009767
0.206331
0.1979163
0.1252417
0.1107001
0.1207537
0.1190547
0.1291241
0.1578449
0.1760055
0.207795
0.1874104
0.1787542
0.218885
0.2054809
0.2311526
0.1986404
0.2011228
0.2144022
0.221049
0.1808134
0.1943326
0.2060252
0.2043794
0.2061735
0.2137271
0.1839927
0.2044177
0.2121477
0.2033708
0.2187069
0.1922067
0.2096754
0.1637201
0.1878071
0.184109
0.198189
0.2048942
0.2033437
0.211629
0.2133568
0.1860353
0.1657559
0.1776307
0.1749606
0.1857169
0.209873
0.2080452
0.1977575
0.1903347
0.1900017
0.1987951
0.1868509
0.2035701
0.2112958
0.2225484
0.1954595
0.2009753
0.225633
0.2515361
0.2165024
0.1851312
0.1492315
0.164895
0.162735
0.2514674
0.1851561
0.2006238
0.208075
0.1703124
0.2264142
0.2225881
0.1948389
0.2210566
0.1930767
0.2017312
0.1983341
0.2283253
0.1734087
0.2512428
0.2515251
0.2050091
0.2545516
0.2089111
0.2267581
0.2113266
0.2053915
0.2276471
0.2517479
0.2210101
0.2153822
0.2560436
0.2181404
0.2309098
0.2100276
0.2180873
0.2059842
0.2256903
0.2370204
0.2189593
0.2159739
0.200095
0.2076425
0.2424467
0.2177838
0.2337378
0.2369501
0.2079655
0.232628
0.2064048
0.1824773
0.2164667
0.2424239
0.2323707
0.2196883
0.2330746
0.219324
0.2146154
0.1991851
0.2139441
0.1558008
0.1858131
0.1521271
0.213954
0.1879577
0.1702871
0.1512551
0.1979279
0.1739396
0.1759751
0.1724901
0.2157989
0.1460552
0.168132
0.2090986
0.137997
0.1680462
0.153734
0.2150117
0.2043237
0.2445167
0.2377044
0.1977191
0.2001059
0.2060895
0.182191
0.146734
0.1761789
0.168599
0.184576
0.1669647
0.1816559
0.1545562
0.1723013
0.1581299
0.154455
0.1711327
0.150728
0.1688312
0.1375046
0.1769719
0.1469093
0.1547334
0.1435843
0.1739178
0.1356364
0.1761735
0.1807169
0.1605641
0.1324977
0.1585466
0.1338664
0.1479912
0.1381793
0.1413698
0.1544352
0.1825837
0.1822361
0.2205053
0.1658072
0.1999136
0.1526078
0.2122348
0.2191456
0.2042739
0.1952683
0.2106133
0.1998196
0.1986331
0.2086222
0.2338606
0.1958025
0.2380598
0.2004045
0.2303441
0.2052672
0.2077389
0.1872634
0.2167812
0.1839885
0.2035964
0.1788442
0.198155
0.1683713
0.1900349
0.2003814
0.1456395
0.1683699
0.1567046
0.2139897
0.1859301
0.1806358
0.1666532
0.2104498
0.1917875
0.1552089
0.1566489
0.1850156
0.2099931
0.1805024
0.1948681
0.2061221
0.187513
0.1859208
0.1855354
0.2015442
0.2152172
0.1924376
0.1700068
0.1776197
0.1576037
0.1467439
0.1699149
0.1539384
0.1393552
0.2146732
0.1968363
0.1673399
0.2236504
0.1708458
0.1981982
0.1860445
0.1817599
0.1835367
0.1981532
0.204095
0.1919584
0.222192
0.1671338
0.1781582
0.1731784
0.1259639
0.1507813
0.1464242
0.1712369
0.140749
0.1517376
0.1570461
0.1593968
0.1894028
0.1253095
0.14254
0.1603981
0.1631603
0.148127
0.1362194
0.1302578
0.1447763
0.1438904
0.1393775
0.124271
0.1831561
0.1527746
0.1756358
0.1442932
0.1890776
0.1864993
0.2062062
0.1555291
0.1655728
0.1562699
0.2091423
0.1620768
0.1469061
0.1502256
0.1661674
0.1627548
0.176182
0.1643907
0.1653242
0.1558192
0.1430429
0.1660726
0.1556564
0.1569823
0.1471979
0.1233711
0.1157442
0.1306863
0.1461002
0.1330796
0.1291841
0.110583
0.1454227
0.1099852
0.1734165
0.153664
0.1351046
0.1312262
0.1898554
0.1549395
0.1180559
0.1391084
0.1594296
0.1349336
0.1600905
0.167668
0.1206556
0.1596134
0.1561133
0.1803442
0.1778166
0.168344
0.195793
0.1886752
0.1654919
0.1728169
0.1537297
0.1936552
0.18733
0.2085087
0.1737333
0.1635869
0.1337418
0.1558301
0.1435803
0.1587469
0.1559208
0.1765842
0.1513478
0.1622285
0.129796
0.162524
0.1592199
0.1517155
0.1576072
0.1667615
0.1664576
0.1681359
0.1472569
0.2040361
0.1721908
0.1744993
0.1719639
0.2025278
0.2359097
0.2256786
0.1685874
0.189812
0.1830858
0.1826783
0.1937131
0.1831369
0.1976808
0.2124018
0.187162
0.1671263
0.2327588
0.2204351
0.2058839
0.2334025
0.2067498
0.2447336
0.2302729
0.2168649
0.2313381
0.2417973
0.2403584
0.2196535
0.2253368
0.2317421
0.2245161
0.1999823
0.2255768
0.2189984
0.1953296
0.2386049
0.229498
0.2136152
0.2149693
0.2106145
0.2356916
0.2419351
0.1956391
0.1893523
0.2186057
0.2158155
0.2050233
0.2167252
0.2249682
0.2457491
0.2442714
0.2291543
0.2338241
0.1973741
0.2293391
0.2843763
0.2150665
0.2217738
0.2286879
0.2196793
0.2384207
0.2136794
0.2155421
0.2008718
0.2029358
0.2206454
0.1980238
0.2260453
0.2137391
0.2237561
0.2306062
0.2075093
0.2177488
0.2066359
0.2047493
0.2164439
0.2062876
0.2154073
0.214533
0.2566818
0.1882048
0.1966136
0.2707527
0.2291396
0.241676
0.2405673
0.2650753
0.2113151
0.2573583
0.215139
0.2532119
0.1991707
0.2065369
0.2063714
0.1802214
0.2067874
0.196527
0.1888802
0.2024283
0.1779884
0.1892986
0.2070367
0.1961766
0.1638678
0.2021593
0.1733739
0.2037624
0.2595175
0.2245177
0.2357596
0.2327344
0.213396
0.2179454
0.1880733
0.2283818
0.2098652
0.1810737
0.2288233
0.2054688
0.2260235
0.2043816
0.1979716
0.2002388
0.2051186
0.2136411
0.2219311
0.1960816
0.2009034
0.2123758
0.1755717
0.2052888
0.2137955
0.2057023
0.1804189
0.180714
0.2363613
0.2396334
0.2375098
0.2314624
0.2153428
0.1997032
0.2520294
0.2236421
0.2384025
0.2028823
0.20189
0.2312287
0.2366767
0.2272179
0.1884178
0.2266361
0.2316629
0.2382232
0.2415418
0.2193509
0.1977392
0.2472019
0.2536432
0.2400394
0.2585727
0.2340977
0.2202334
0.2681556
0.2504282
0.2341073
0.2371579
0.2493778
0.2473571
0.2333654
0.2342529
0.2494988
0.2239769
0.1926424
