0.1611887
0.1498937
0.1654969
0.1916878
0.1871322
0.1613962
0.1499205
0.1512426
0.1752106
0.1896447
0.1681073
0.1716805
0.166653
0.1628832
0.179262
0.2112525
0.2117269
0.1732261
0.1796848
0.1640332
0.1742893
0.1834643
0.1767448
0.1824418
0.1528932
0.1891373
0.174674
0.1870902
0.1699619
0.1679433
0.1571382
0.172008
0.1457321
0.1723027
0.1836351
0.19233
0.1745754
0.188847
0.2123602
0.2009938
0.1801964
0.1875693
0.1879907
0.1776054
0.1828785
0.178817
0.1924712
0.1742441
0.1743285
0.1789128
0.1653626
0.1879365
0.1778518
0.1701677
0.16433
0.1756178
0.1649509
0.1644433
0.1780363
0.1723557
0.1518963
0.1646824
0.186872
0.1764051
0.1461532
0.1550335
0.1772469
0.1646528
0.1645339
0.1630694
0.1546195
0.1589014
0.1260795
0.1643649
0.1386911
0.143394
0.1997552
0.1655946
0.1542949
0.1463733
0.1350289
0.1715116
0.1730129
0.1595919
0.1575084
0.183649
0.1551458
0.1533129
0.1392881
0.1621086
0.1856119
0.1789756
0.1744205
0.1590273
0.1548684
0.1469131
0.1550412
0.187667
0.1680454
0.1614922
0.1609238
0.1350069
0.1550122
0.1656682
0.1364135
0.1467926
0.1838812
0.1589382
0.1534051
0.1726951
0.135463
0.1597864
0.139397
0.1661385
0.139556
0.1440311
0.1689353
0.1617869
0.1381483
0.1558482
0.1460484
0.1455595
0.1784817
0.1866743
0.1554039
0.1415634
0.1312074
0.1323092
0.1512605
0.1684142
0.1607657
0.1747995
0.1714378
0.1428777
0.1811011
0.1705517
0.1600057
0.1632028
0.1724006
0.1660183
0.1597822
0.1675998
0.1837464
0.1806046
0.1507697
0.1512344
0.1721278
0.1801833
0.1396935
0.163909
0.1752627
0.1570897
0.1572136
0.1681825
0.1492008
0.1779999
0.1565637
0.1469942
0.1398151
0.1587267
0.1546039
0.1490865
0.1347756
0.1597852
0.1649399
0.1451207
0.1275046
0.1681266
0.1748289
0.1660201
0.162386
0.1494425
0.1636828
0.1798025
0.174273
0.189966
0.190037
0.1888051
0.2184896
0.1776301
0.169092
0.1919434
0.1835037
0.190749
0.1851603
0.1764944
0.1597687
0.1644557
0.1705165
0.188492
0.1681773
0.1940671
0.1867869
0.1814922
0.1789738
0.1910835
0.1775903
0.1773217
0.1732348
0.1760876
0.1771623
0.1711811
0.1867967
0.1513838
0.1721168
0.1597192
0.1634408
0.2056596
0.1686224
0.1826285
0.1666421
0.1420791
0.1706828
0.1674452
0.1917783
0.1459431
0.1607745
0.1555029
0.1559827
0.1502281
0.1375054
0.1455765
0.1101211
0.1291266
0.1118471
0.1232448
0.1635496
0.1495169
0.1359583
0.1540719
0.133251
0.1138108
0.1145206
0.1463916
0.1505381
0.1758289
0.1591241
0.1679877
0.151668
0.1576255
0.1746336
0.1969256
0.1689222
0.1552908
0.1546257
0.1731295
0.1522388
0.1578475
0.1613992
0.1734347
0.132436
0.1534309
0.1524849
0.1532972
0.1480403
0.177605
0.197236
0.1199338
0.141093
0.1387235
0.1450083
0.1274683
0.1472696
0.1458354
0.1174985
0.1179504
0.1091571
0.1055412
0.1289075
0.1171213
0.12718
0.1335302
0.1257462
0.1392841
0.1255812
0.155609
0.1413675
0.1084013
0.1355783
0.1532671
0.1476654
0.1494625
0.1459904
0.1702404
0.1647123
0.1710878
0.1413779
0.1677364
0.1370737
0.1522646
0.1489513
0.1545067
0.1455678
0.1926503
0.1915018
0.1467061
0.1872246
0.1943286
0.1660115
0.1890436
0.1659551
0.1854913
0.2091177
0.157007
0.1764282
0.1884778
0.125978
0.1441157
0.1396451
0.1300667
0.1519958
0.1968592
0.1890059
0.1776882
0.1756239
0.1992163
0.174029
0.1279893
0.1583318
0.1297154
0.1530244
0.1273624
0.1428593
0.1284844
0.1415125
0.1232842
0.1234359
0.164551
0.1488132
0.1549175
0.1414044
0.1595546
0.1443762
0.1342154
0.1572375
0.1496075
0.1332922
0.1179041
0.1456875
0.1223339
0.1333898
0.1421809
0.1468379
0.1405291
0.1587721
0.1639471
0.204538
0.170809
0.1491251
0.1501325
0.1788864
0.1673102
0.1617972
0.1413894
0.187628
0.1476976
0.1396725
0.1254904
0.1653824
0.130638
0.1471786
0.1238932
0.1345965
0.1426987
0.1422765
0.1287547
0.1546344
0.1327485
0.139294
0.148088
0.1595416
0.1552394
0.1559933
0.1463839
0.1487474
0.1615224
0.1755868
0.1843751
0.1604907
0.1612891
0.1357433
0.1511867
0.1443524
0.1314052
0.1563756
0.1377274
0.162479
0.1570524
0.1678733
0.2018271
0.1830776
0.1812506
0.1921444
0.1959543
0.1762844
0.1578382
0.1866937
0.1436025
0.1479461
0.164942
0.1294363
0.1458108
0.157427
0.1256137
0.186763
0.1354204
0.1379431
0.1440147
0.150446
0.1446478
0.1459675
0.1559285
0.1675852
0.1549091
0.1438177
0.1559609
0.1433264
0.1547651
0.1448961
0.118674
0.1560659
0.1258283
0.1358583
0.1691598
0.2082193
0.1747391
0.1663542
0.1527804
0.15674
0.159861
0.167328
0.1582569
0.1754802
0.1578012
0.160973
0.168194
0.1587746
0.1410358
0.1193495
0.1494694
0.1517639
0.1642678
0.1495596
0.1679348
0.15047
0.1737232
0.1562643
0.1469455
0.155791
0.1716846
0.16524
0.1703245
0.1784534
0.1689629
0.156167
0.1628197
0.1675911
0.1462142
0.1651648
0.1651849
0.1699546
0.1327039
0.1552362
0.148932
0.1501863
0.1405741
0.1468699
0.1536694
0.1479068
0.1346595
0.1415704
0.1307727
0.1366547
0.138776
0.1420059
0.1291808
0.1517316
0.1213955
0.1550996
0.1301983
0.137792
0.1297923
0.1426487
0.1567933
0.1264742
0.1317454
0.1455941
0.1300478
0.1492412
0.145758
0.1400213
0.1324432
0.1295471
0.149537
0.132472
0.1308495
0.1221613
0.1313969
0.1366543
0.1211205
0.115785
0.1329378
0.1509224
0.1047309
0.1206708
0.1383545
0.1265976
0.1345774
0.1333258
0.1242185
0.1230525
0.1575174
0.1333495
0.1405645
0.1534574
0.1608293
0.1503149
0.1453813
0.1779521
0.1814021
0.137437
0.1448157
0.1514506
0.1634314
0.1505869
0.1588779
0.1709248
0.1507006
0.1437094
0.175344
0.1586755
0.1836032
0.1902038
0.1613655
0.1645816
0.1449288
0.1650932
0.1308164
0.1431839
0.1457182
0.1395048
0.1672326
0.1385654
0.1498156
0.1682314
0.1278737
0.1315892
0.154026
0.1328873
0.1301276
0.1352035
0.1645127
0.1264495
0.1415159
0.1563668
0.1392324
0.1200533
0.1431875
0.1374018
0.130974
0.1354607
0.1377798
0.1406244
0.1443132
0.1486049
0.1237289
0.1237654
0.1408808
0.1468359
0.1113551
0.1170598
0.1112336
0.128608
0.1293842
0.1338835
0.1427639
0.1539363
0.1677439
0.1348612
0.1535921
0.162606
0.1365435
0.1483115
0.1276042
0.1559818
0.1294204
0.1608264
0.1669351
0.1444848
0.156636
0.1532192
0.1635241
0.1813725
0.1432572
0.1539559
0.1501448
0.1785607
0.16803
0.1679631
0.1491729
0.1675747
0.1858353
0.1683695
0.1849828
0.1657543
0.1817154
0.1503596
0.1674509
0.1800655
0.1689412
0.2036183
0.1703175
0.1732423
0.1871112
0.1469507
0.1955703
0.1568413
0.1708784
0.1611572
0.1843384
0.1834398
0.1841837
0.198193
0.1970401
0.1934037
0.2002158
0.1692154
0.1788677
0.1748582
0.2213844
0.226675
0.1939372
0.2046581
0.211597
0.1810391
0.1796081
0.1641504
0.1662619
0.1835948
0.1748538
0.1536874
0.1757424
0.1608476
0.1519379
0.1879714
0.2295706
0.1768668
0.2032931
0.1865728
0.2072608
0.1833934
0.1895844
0.1518909
0.1946142
0.1878995
0.1945976
0.1752133
0.204005
0.2361167
0.1327602
0.1471503
0.1815719
0.2013833
0.1656065
0.1729873
0.1691507
0.1776077
0.1581183
0.1731779
0.157628
0.1962576
0.1734507
0.1522617
0.1690736
0.152493
0.1868731
0.1630999
0.1312768
0.1684989
0.1571768
0.1584568
0.1572226
0.1261924
0.1628072
0.1571331
0.1345815
0.2116059
0.1493761
0.197388
0.1594069
0.1539159
0.1454073
0.1470899
0.1813942
0.1422126
0.164219
0.1590202
0.136706
0.14307
0.1342444
0.1921493
0.1840831
0.1646572
0.1643151
0.1745617
0.1908061
0.1908053
0.1549913
0.186485
0.1840718
0.2048633
0.1953255
0.2053587
0.190974
0.1728499
0.2215706
0.1797854
0.186785
0.1827717
0.1772781
0.1740987
0.1994345
0.1738115
0.1656951
0.1860757
0.1841365
0.1909423
0.1839213
0.223455
0.2322378
0.2449935
0.2623614
0.2554095
0.2518935
0.2552481
0.2347679
0.2409026
0.2619165
0.2296216
0.2471265
0.2477201
0.2597146
0.2432277
0.2495278
0.2459985
0.2437292
0.2264087
0.2561333
0.1958359
0.2011327
0.2010262
0.2096164
0.2143674
0.2108816
0.21112
0.2360537
0.2150367
0.2483295
0.204605
0.2426825
0.2122834
0.2171523
0.1877264
0.2062421
0.1883044
0.2264718
0.1905694
0.1947588
0.2449237
0.1990055
0.1828941
0.2139935
0.1996776
0.2194722
0.2058431
0.2088685
0.236938
0.2162971
0.2474643
0.2189424
0.1981715
0.2439358
0.2341963
0.2177126
0.2190054
0.2199855
0.2282212
0.2267376
0.2369249
0.2263469
0.2331695
0.1964905
0.2049252
0.1906134
0.1843875
0.2092175
0.2373226
0.2057769
0.2334782
0.1991811
0.1933247
0.1919999
0.1902945
0.1976146
0.2024813
0.2147717
0.2331455
0.2093359
0.2230427
0.2290729
0.2003021
0.1945202
0.2090305
0.219077
0.2093118
0.2036206
0.189143
0.2237364
0.227634
0.2288734
0.2262993
0.2247479
0.1929169
0.2117454
0.2383818
0.1902765
0.2183541
0.2216404
0.2388658
0.2401103
0.208022
0.2374424
0.2391772
0.2368796
0.2619662
0.2155018
0.2219729
0.2441436
0.2279625
0.220786
0.2091066
0.2252085
0.1938015
0.2484367
0.2270926
0.2050661
0.2210402
0.1790367
0.1647812
0.22111
0.2334448
0.2255608
0.2247892
0.2245031
0.1919317
0.2180207
0.2105103
0.2064205
0.2308249
0.2277016
0.2084371
0.2036771
0.1860582
0.2474951
0.1986074
0.2065093
0.1972018
0.2170416
0.2115553
0.207818
0.232886
0.2202129
0.1857691
0.1990503
0.199726
0.215512
0.2459876
0.2280659
0.2179831
0.1912536
0.2563235
0.2289509
0.1943029
0.2217722
0.1928663
0.2411901
0.2014405
0.1941895
0.200423
0.2280321
0.2042668
0.259988
0.2588762
0.2294731
0.2249505
0.2301584
0.2095023
0.235652
0.2075578
0.1937568
0.1941121
0.1991359
0.2415134
0.2194047
0.2144561
0.2115805
0.1803843
0.2227797
0.2250416
0.2023195
0.2051257
0.2143855
0.2077945
0.2278447
0.1897565
0.1962365
0.198131
0.1919283
0.2025636
0.1779719
0.161545
0.2017028
0.1985379
0.1874326
0.2534691
0.2014335
0.2069492
0.1910667
0.1977871
0.219271
0.1994242
0.2334765
0.2424383
0.236812
0.2489516
0.2341084
0.2591605
0.2332626
0.2293762
0.2368493
0.2420536
0.2538929
0.2820204
0.3017783
0.2400263
0.2569023
0.2397695
0.2582193
0.242933
0.2542052
0.2279266
0.2544743
0.2301095
0.2055137
0.2177252
0.2061368
0.230975
0.2300227
0.258534
0.2650078
0.2221712
0.2554483
0.2310268
0.2108332
0.2337789
0.2324125
0.2530665
0.2445431
0.2398964
0.2582476
0.2602622
0.267152
0.2307225
0.2363878
0.2544639
0.245359
0.2588978
0.2199052
0.2238098
0.2279077
0.2403579
0.2650914
0.2199426
0.1983902
0.2408532
0.223215
0.233053
0.2026673
0.2402148
0.2066551
0.2245543
0.2318393
0.2371315
0.2496825
0.2577365
0.2297939
0.231923
0.2489538
0.2527494
0.2526156
0.2608797
0.2495179
0.2353123
0.2177263
0.2107013
0.1769103
0.1878957
0.1873637
0.1983057
0.1790216
0.2161384
0.1852686
0.2487996
0.2181695
0.1538416
0.205667
0.2238423
0.2031524
0.1996796
0.2489261
0.2425647
0.2103812
0.1834499
0.2265535
0.2205635
0.1846745
0.2249653
0.2241144
0.1920091
0.2408672
0.2313315
0.2127651
0.2206206
0.1920776
0.222063
0.1913376
0.1974743
0.2236195
0.1955876
0.2391139
0.2229702
0.2352964
0.2489099
0.2066848
0.2220195
0.2506029
0.239268
0.228903
0.2608441
0.2790498
0.2440367
0.2710337
0.2517858
0.2120083
0.1980618
0.2274142
0.2225284
0.2432223
0.2955018
0.2311162
0.2398465
0.2693614
0.2284697
0.2377194
0.2226703
0.2277165
0.2468276
0.1976742
0.2294878
0.1898877
0.2381342
0.2357683
0.2410631
0.2189646
0.228185
0.2451809
0.2915749
0.2658055
0.2226095
0.2391725
0.2204841
0.2331362
0.2306698
0.278952
0.2875917
0.3052763
0.270713
0.2601208
0.2546723
0.2662951
0.2439576
0.2572328
0.2793144
0.2439065
0.2611596
0.2479599
0.2437813
0.2581387
0.2649401
0.2658413
0.2474001
0.2303767
0.246944
0.2291414
0.1935134
0.2249689
0.2491231
0.2564396
0.2335848
0.2620047
0.2796594
0.245584
0.2432457
0.2510293
0.2301736
0.2397716
0.2643798
0.2410177
0.2595101
0.2515416
0.2595252
0.2433944
0.2351405
0.2279303
0.2479409
0.2288389
0.2241957
0.2177386
0.2354091
0.228719
0.2351175
0.24986
0.2341104
0.2544785
0.2470677
0.2409435
0.2201053
0.2281508
0.2264452
0.2173613
0.2301712
0.2110718
0.1901637
0.1905898
0.1927078
0.2123123
0.1926454
0.2018821
0.2637879
0.2298279
0.2401196
0.2674749
0.2092882
0.2228072
0.2010454
0.2018509
0.23457
0.2364801
0.2452212
0.2830445
0.2660066
0.2449377
0.2482444
0.2638278
0.2448664
0.2641236
0.2359332
0.2378343
0.25468
0.2496399
0.2314128
0.2789091
0.2231499
0.1929264
0.2214064
0.2312605
0.2461364
0.2376834
0.2704087
0.3066776
0.2412493
0.2360528
0.2381068
0.247557
0.2110361
0.1928029
0.1875966
0.2343128
0.2443516
0.2304322
0.2553301
0.2249366
0.2280361
0.2683623
0.2522256
0.2607386
0.2213137
0.2622482
0.2422812
0.2588494
0.2418846
0.2267162
0.2558589
0.2099018
0.2363768
0.2239659
0.2565915
0.2423278
0.2128463
0.2557697
0.2886672
0.2641298
0.2166141
0.2549979
0.2840584
0.2902458
0.290311
0.2699559
0.258086
0.2432742
0.2499322
0.2572094
0.2682344
0.2222575
0.2442209
0.2099541
0.1998422
0.1921521
0.1879429
0.1916359
0.2583523
0.1911639
0.2224337
0.2412812
0.2274741
0.2263616
0.2196351
0.2325866
0.2360924
0.2528072
0.2306805
0.2303681
0.2431139
0.2250076
0.2222227
0.2050264
0.2238572
0.2695142
0.2007508
0.2024337
0.2112429
0.2168137
0.1927109
0.2133311
0.2050773
0.259976
0.2027038
0.1799688
0.2506464
0.2001089
0.2567505
0.2395262
0.2068373
0.2403549
0.239991
0.2494214
0.2676404
0.2681843
0.25668
0.2640201
0.247499
0.2924445
0.3129835
0.278802
0.2698281
0.2504407
0.2381904
0.2374617
0.1689554
0.1927532
0.1842851
0.1837093
0.1911905
0.2189691
0.227846
0.20223
0.1958956
0.2129355
0.2091919
0.2163
0.2208768
0.1911098
0.1529893
0.2069628
0.2392215
0.1983973
0.2155841
0.2310675
0.1976931
0.2394359
0.2424117
0.2473061
0.2031904
0.2196003
0.208794
0.1899348
0.2494585
0.2488936
0.1990448
0.205585
0.220507
0.2192519
0.1993395
0.1953579
0.2148775
0.2285368
0.1954402
0.2136414
0.1987254
0.211999
0.1889704
0.1765793
0.2054526
0.2270944
0.1999823
0.2441699
0.2138859
0.2515926
0.2396121
0.2273788
0.2277468
0.2437433
0.2394305
0.280919
0.2180984
0.2541495
0.2368176
0.2954434
0.2419612
0.2542209
0.2266305
0.2149015
0.2148376
0.1815155
0.2418115
0.2262436
0.205256
0.2103358
0.2273297
0.2641318
0.2762629
0.2223936
0.2322073
0.233295
0.2476072
0.2083017
0.2351632
0.2096362
0.2162351
0.2087701
0.1970948
0.2172935
0.2436489
0.2347339
0.2476416
0.2017974
0.2218771
0.2100427
0.2222444
0.2263001
0.2531134
0.2074637
0.2162479
0.2268
0.2088738
0.2159227
0.1959247
0.2171864
0.2354338
0.2118767
0.2330163
0.2213016
0.2210358
0.2179074
0.2184127
0.2229695
0.2470453
0.209778
0.2163019
0.2359494
0.2214617
0.2394154
0.2327803
0.2249178
0.2247713
0.250074
0.2143954
0.2538747
0.2375341
0.2379371
0.1973267
0.2260271
0.2028068
0.2388468
0.2265937
0.1994946
0.2528028
0.2030805
0.2366615
0.2059084
0.2249853
0.2096986
0.2344784
0.2066324
0.1928892
0.2238482
0.2348219
0.2213701
0.2207415
0.2360232
0.2227444
0.2378006
0.224622
0.1914253
0.2122439
0.182254
0.1856658
0.1901126
0.2062056
0.2253718
0.2167952
0.2242669
0.1902331
0.2219586
0.2072061
0.1947992
0.2135022
0.229318
0.2273583
0.2344208
0.2445853
0.2364871
0.2320088
0.2168816
0.2120973
0.1784586
0.1973595
0.2136344
0.2233918
0.1997482
0.1949193
0.2219268
0.2228146
0.2257277
0.2055479
0.2096803
0.2118322
0.2186403
0.2202443
0.2076734
0.2067989
0.2373714
0.210545
0.2089377
0.2018813
0.1924315
0.213347
0.1885011
0.2283937
0.2090383
0.2122947
0.1922219
0.1953245
0.1950305
0.1948303
0.2187086
0.2008065
0.1850039
0.1738762
0.2079811
0.1771943
0.2288485
0.2083043
0.2259256
0.2304565
0.2562312
0.2154482
0.2203889
0.2102862
0.1811033
0.1986774
0.2040529
0.2623299
0.2372466
0.2030914
0.2421056
0.2217407
0.194038
0.2256308
0.2043491
0.2248537
0.2240843
0.2136938
0.2391988
0.2498445
0.2400399
0.1953866
0.1949876
0.1977538
0.2506591
0.2292176
0.2063201
0.206796
0.1608526
0.1928763
0.202724
0.2153723
0.1671132
0.188482
0.2011928
0.1810508
0.2100803
0.2148314
0.2340346
0.2184993
0.2699565
0.2641566
0.2535141
0.3035147
0.2341017
0.2674679
0.226612
0.2123996
0.2075305
0.2633582
0.2467825
0.1974126
0.2147146
0.2530032
0.2395483
0.2368338
0.2673594
0.2394393
0.2390028
0.2428198
0.2410781
0.2891829
0.2479378
0.2337227
0.2277149
0.1916711
0.2096974
0.1875166
0.1871206
0.2119685
0.2326826
0.2425067
0.2041554
0.2432617
0.1753205
0.1792705
0.1697691
0.1585017
0.1758414
0.1578269
0.1628879
0.1982625
0.2080555
0.2414175
0.1951693
0.2114092
0.2188188
0.2228521
0.1950335
0.2112411
0.1949845
0.2168445
0.2212664
0.1956695
0.1753629
0.1991927
0.2103662
0.1784579
0.2137581
0.1950727
0.1827634
0.2284993
0.2370287
0.1963901
0.1774691
0.2177345
0.1933693
0.184628
0.2143288
0.2315999
0.2370141
0.2537282
0.2468613
0.2097766
0.2274595
0.2051884
0.271987
0.212623
0.1933188
0.1966802
0.2506822
0.2188964
0.2008194
0.210653
0.1952516
0.2140826
0.2016386
0.1960516
0.2023926
0.2327753
0.1958585
0.2187237
0.2749625
0.2587151
0.2063398
0.2397618
0.2320848
0.2116862
0.2381741
0.2285505
0.2366801
0.2524372
0.2317306
0.2305979
0.2133226
0.2308829
0.1928478
0.2148776
0.2125841
0.2337037
0.2017135
0.2228747
0.1948439
0.202356
0.1941988
0.2089406
0.233811
0.2034106
0.2164702
0.2112868
0.2080008
0.1895265
0.2085009
0.2170375
0.2108183
0.2039936
0.2260741
0.1881149
0.2146637
0.2069537
0.2100509
0.2188226
0.2160706
0.2127369
0.2177994
0.2067515
0.2376194
0.2227434
0.20021
0.2329607
0.200188
0.2084724
0.208112
0.2557015
0.2199197
0.2189726
0.2140387
0.2158306
0.230878
0.1904435
0.2303187
0.2175607
0.1959147
0.155185
0.1580137
0.1722189
0.1901296
0.1784612
0.1870375
0.2044298
0.1956465
0.191949
0.2187089
0.1858065
0.2096589
0.1731557
0.2274975
0.2299742
0.1856714
0.2196326
0.196661
0.1984532
0.2009088
0.1653518
0.1999025
0.229041
0.1918488
0.2277755
0.2173342
0.1657615
0.1942937
0.1991724
0.1809125
0.1491967
0.1876373
0.202044
0.1695223
0.1858833
0.1654746
0.2113884
0.2114513
0.2143638
0.1937118
0.198644
0.2263561
0.190943
0.1885264
0.2289937
0.2026179
0.2268042
0.2108746
0.2059159
0.186275
0.2077072
0.2000284
0.207127
0.2160949
0.1930575
0.2072718
0.167345
0.1532858
0.171889
0.1853707
0.2072071
0.2151919
0.1899551
0.1954496
0.1681692
0.2121058
0.197464
0.1962649
0.1652529
0.1623499
0.2001882
0.1485666
0.1489807
0.1776991
0.1788678
0.1784705
0.1864094
0.1960674
0.1895729
0.195362
0.1766721
0.1958608
0.197566
0.1999855
0.2127878
0.2632793
0.1955954
0.1798623
0.2192152
0.1865221
0.212683
0.2427156
0.2164416
0.2070825
0.2225817
0.2176434
0.1584559
0.2101559
0.1807543
0.1955637
0.1716826
0.2378784
0.2118622
0.2073622
0.1827743
0.211367
0.2333315
0.2158234
0.2022234
0.2280138
0.1752837
0.20464
0.194316
0.1798763
0.1933247
0.2113608
0.1995889
0.2085736
0.2242122
0.1862134
0.2009966
0.1893413
0.1951139
0.2040432
0.2008593
0.2473308
0.1921101
0.200135
0.1809281
0.1973106
0.1923403
0.2042265
0.2125896
0.1657188
0.1932685
0.1912339
0.2350486
0.1744777
0.2069771
0.2130206
0.2041898
0.1881064
0.2099418
0.2062449
0.2123702
0.2172367
0.218765
0.2080848
0.1872187
0.2109686
0.2141032
0.2118717
0.1907626
0.1805558
0.2113374
0.2140977
0.165762
0.1901143
0.1777081
0.2060485
0.1867867
0.1765741
0.1754408
0.2110721
0.1951408
0.1790713
0.1672043
0.1831414
0.164651
0.1596097
0.1853914
0.200877
0.1872151
0.1901358
0.225054
0.1836143
0.1898609
0.1902779
0.1868905
0.2144036
0.2106965
0.1946248
0.2265907
0.2642115
0.2263693
0.1649403
0.180236
0.2247363
0.2144237
0.2280665
0.2127551
0.2126727
0.2235003
0.2008658
0.2411782
0.2220288
0.2247208
0.2293856
0.2031902
0.1791764
0.1565287
0.1981493
0.1748351
0.1663272
0.1828714
0.1907735
0.2017679
0.1967192
0.1768208
0.202921
0.2181145
0.1873394
0.2450452
0.2027708
0.1900272
0.2438194
0.2139741
0.2107137
0.2052361
0.226259
0.2067824
0.1885137
0.1979752
0.2102177
0.2077338
0.221302
0.2051627
0.2221412
0.227054
0.2090081
0.1821659
0.2007652
0.2072897
0.2021738
0.2119539
0.212993
0.2243496
0.2686504
0.2474121
0.2557443
0.2181831
0.2424113
0.2029441
0.2096891
0.2071119
0.2152907
0.2158028
0.2134479
0.20094
0.2324777
0.2164276
0.2031102
0.1900097
0.176919
0.1883631
0.22382
0.1669784
0.1834363
0.1753238
0.183473
0.1681146
0.1645601
0.1981845
0.1969569
0.2163482
0.2075348
0.2352831
0.2046905
0.2071508
0.1694687
0.2139667
0.2218381
0.2204387
0.181859
0.186388
0.2336069
0.216515
0.2105892
0.2265535
0.2230666
0.2106295
0.1890135
0.1966633
0.2064999
0.2272813
0.1949596
0.1953375
0.2099745
0.2047491
0.1823764
0.1968391
0.1879296
0.1957991
0.1945271
0.1904018
0.2033196
0.1927291
0.2235283
0.219116
0.1960381
0.2166593
0.2249077
0.2074879
0.20533
0.2023379
0.2005475
0.1903358
0.2024504
0.2057246
0.2050604
0.2134952
0.2021555
0.2040064
0.2157972
0.2140001
0.2007474
0.2277567
0.2093028
0.2069496
0.1911119
0.2264396
0.1852748
0.1681724
0.21116
0.2264654
0.2001771
0.2400142
0.1932256
0.1985191
0.1875679
0.1980603
0.2002882
0.2210869
0.1870594
0.2220355
0.2109786
0.2276393
0.1919599
0.1833859
0.201674
0.2049562
0.227701
0.1824673
0.1851573
0.2127478
0.2062405
0.2200122
0.2450137
0.2176652
0.1828734
0.1852935
0.1914967
0.1962055
0.2655441
0.2349981
0.2618545
0.2072122
0.20398
0.2317569
0.1923119
0.2123006
0.1935085
0.1675793
0.2341095
0.1791514
0.1914731
0.2173475
0.1963422
0.1657891
0.1638085
0.1784804
0.1796414
0.2288211
0.2544475
0.2339915
0.2320801
0.2411542
0.2451361
0.2609745
0.2725131
0.2318844
0.2197254
0.267045
0.2723043
0.2593103
0.2669853
0.2787194
0.2450073
0.2454072
0.2321919
0.2502115
0.2333814
0.2692015
0.2843854
0.2268446
0.2179206
0.2128859
0.2347846
0.2455335
0.2459437
0.2282937
0.1956581
0.2054663
0.2331253
0.2196023
0.2537937
0.224996
0.2396853
0.2755218
0.2276362
0.1938962
0.2390676
0.2312753
0.1997163
0.2560784
0.2332754
0.2694007
0.2718373
0.2322501
0.2502033
0.2385322
0.2661282
0.2629391
0.2446879
0.2634811
0.2558368
0.222526
0.2467799
0.1966861
0.2095806
0.2506517
0.2266422
0.2309499
0.2336876
0.2015
0.2536639
0.2350657
0.2662122
0.2333687
0.2411969
0.283023
0.2646031
0.2329461
0.2429948
0.2451378
0.2592644
0.2700227
0.2601649
0.2528878
0.2660616
0.2221513
0.252405
0.254347
0.2354411
0.2848978
0.2755226
0.2420166
0.2271097
0.259541
0.2483622
0.2526608
0.2566954
0.1917902
0.2331662
0.2762964
0.2284255
0.2122003
0.2213778
0.2273628
0.2104283
0.2002528
0.2165451
0.2166886
0.2148521
0.2026569
0.1898858
0.2663219
0.2580836
0.2287145
0.2030037
0.2575565
0.2115364
0.217875
0.2534557
0.2228361
0.20552
0.2325387
0.2079728
0.1873531
0.1970271
0.1862773
0.2412264
0.1999352
0.2288485
0.2085707
0.2339568
0.2444487
0.2329548
0.225875
0.2634068
0.2379121
0.2298189
0.2029733
0.2095773
0.1862196
0.2367146
0.1605189
0.1946573
0.2066684
0.1775325
0.1713597
0.2222973
0.2029288
0.2005313
0.1974176
0.2156368
0.1690295
0.2021358
0.1983975
0.2041386
0.1964432
0.1999239
0.1796648
0.1598967
0.1920303
0.2004842
0.2388158
0.2291276
0.2610091
0.2327131
0.1980305
0.2247731
0.2108319
0.2142203
0.1714608
0.1694337
0.1848842
0.2108504
0.190527
0.2236228
0.2049292
0.1962305
0.2231476
0.2256631
0.1949556
0.2426835
0.2684689
0.2453917
0.2115643
0.2188119
0.242707
0.2244732
0.2015657
0.2178783
0.2101854
0.209755
0.1966651
0.2106927
0.2337318
0.2332546
0.2202526
0.2298447
0.2299034
0.2213912
0.2598222
0.2588001
0.2372814
0.267236
0.2178804
0.2146997
0.2740044
0.25237
0.25349
0.2913993
0.2552559
0.274395
0.2861546
0.244855
0.2607965
0.261208
0.2451061
0.2722302
0.2587056
0.2258122
0.2331236
0.2382006
0.2576361
0.2509741
0.2552043
0.2270295
0.2496037
0.2881036
0.2241321
0.2256141
0.2350694
0.2935472
0.2774675
0.2702657
0.2646654
0.2856006
0.2695211
0.2685345
0.2565958
0.2493243
0.265117
0.2587668
0.2520209
0.2438567
0.2100286
0.2528012
0.2330221
0.2652571
0.2141396
0.1921418
0.2451909
0.2244526
0.2235684
0.2417951
0.248354
0.244358
0.2322049
0.211992
0.2076813
0.2374974
0.2069766
0.2226835
0.2571517
0.2555473
0.2182825
0.2206806
0.2204201
0.2369191
0.2130738
0.2585951
0.2698203
0.2533435
0.274904
0.240963
0.2726304
0.2132697
0.1712266
0.2029182
0.2141047
0.2106455
0.1809516
0.1798513
0.1981199
0.1775545
0.1661528
0.1967597
0.2058697
0.1847348
0.1818013
0.1940256
0.1993965
0.1900164
0.1801901
0.2005689
0.2383782
0.2040469
0.2082685
0.1961175
0.2019159
0.179586
0.1685925
0.1892667
0.1532523
0.1822645
0.1873262
0.1995638
0.1872089
0.1981161
0.1965446
0.1954122
0.1589489
0.227172
0.2274579
0.2206324
0.2195069
0.2333345
0.2146203
0.2424508
0.2274887
0.1650391
0.1841102
0.1899274
0.183766
0.2160939
0.229193
0.2168808
0.2040325
0.196903
0.2007594
0.2083562
0.1955411
0.2056439
0.1969505
0.2148874
0.2039939
0.2451066
0.2031396
0.2211888
0.2200546
0.2158373
0.2202477
0.2220917
0.2680655
0.2272121
0.2289836
0.2502775
0.2314628
0.1979155
0.2136412
0.2279764
0.2132801
0.2495422
0.2126582
0.2071393
0.2031508
0.1998887
0.1586078
0.2010085
0.1826603
0.1733639
0.1665853
0.1589523
0.1665721
0.1777476
0.2116041
0.1693266
0.1809553
0.2073045
0.1946479
0.1967751
0.1912243
0.1779287
0.1885432
0.1848861
0.196392
0.1771875
0.2230128
0.1987196
0.1965808
0.208607
0.2019269
0.2056743
0.209157
0.2074576
0.218128
0.2380338
0.2183013
0.2326009
0.2477204
0.2372838
0.1924353
0.2055817
0.1767819
0.1578863
0.185197
0.1973297
0.1842504
0.179062
0.1917464
0.1957969
0.1847798
0.2046646
0.1787993
0.2050672
0.1858922
0.1703687
0.189502
0.198929
0.170508
0.1816266
0.1760306
0.1797576
0.2054378
0.2220908
0.2229047
0.2108675
0.1932915
0.1848929
0.1788502
0.1960467
0.1796632
0.1643431
0.1542335
0.1787673
0.1874438
0.2081357
0.1847341
0.1882246
0.2090308
0.2442072
0.2325115
0.2061969
0.2101281
0.2082081
0.1966675
0.1949208
0.2134477
0.1829914
0.1847524
0.1802782
0.1924199
0.2224233
0.1904637
0.189082
0.1534767
0.1842165
0.1669538
0.1766162
0.1861377
0.1712276
0.1781413
0.2283806
0.2043494
0.1698978
0.1944207
0.1801667
0.2028177
0.2090028
0.1991291
0.1998171
0.2226905
0.1922324
0.1834446
0.1967443
0.1920739
0.1920497
0.183817
0.2088927
0.1926585
0.1903995
0.1946397
0.1815781
0.2134292
0.2106411
0.2235273
0.2086898
0.2012855
0.2369181
0.218039
0.2391605
0.2501441
0.2548909
0.2344063
0.2330083
0.2187686
0.2113636
0.2586511
0.2422467
0.1955777
0.2498656
0.2584896
0.2709065
0.2301518
0.2114196
0.2419125
0.2408466
0.22169
0.2309359
0.2399871
0.2176034
0.2168954
0.1981973
0.2148584
0.1940481
0.2307207
0.2184722
0.2199379
0.212975
0.1888786
0.2379018
0.241618
0.2486658
0.2420564
0.2429514
0.2183062
0.2418746
0.2271385
0.2520871
0.2348175
0.2447965
0.2374522
0.239765
0.2547027
0.2453079
0.2628071
0.2603847
0.2327304
0.1879626
0.2451135
0.2437994
0.2281406
0.2342616
0.2766743
0.2700502
0.2173758
0.2396784
0.2363829
0.2375852
0.1985362
0.1958457
0.2295835
0.2482999
0.2164862
0.18727
0.1894498
0.1910944
0.1915575
0.203691
0.2007975
0.1751704
0.198342
0.1775254
0.1826805
0.2099359
0.2214656
0.2367548
0.2020661
0.1929337
0.2109973
0.2153059
0.1759475
0.2091385
0.2390292
0.2276412
0.2675228
0.2284631
0.1864085
0.2020782
0.1971919
0.2169745
0.2213317
0.2185009
0.2378586
0.20045
0.24151
0.2108178
0.2311987
0.2290999
0.1924799
0.1877394
0.2156394
0.1893202
0.172599
0.1934149
0.1653641
0.1694598
0.1932317
0.1925051
0.2198414
0.2021498
0.2054677
0.1926682
0.1962076
0.1802253
0.1793024
0.193829
0.1835097
0.1971386
0.2264066
0.211264
0.1919795
0.2143954
0.2075151
0.2077368
0.1761289
0.212636
0.202653
0.2044532
0.2033471
0.2050996
0.2203106
0.2066914
0.2317463
0.2228005
0.2295091
0.2411738
0.2235845
0.1985032
0.2419886
0.2300864
0.194589
0.2511142
0.2391874
0.1865389
0.2031327
0.1973155
0.2262776
0.2498112
0.1942768
0.2093348
0.2442886
0.1845112
0.20033
0.1728013
0.2227141
0.2190963
0.2293363
0.2240137
0.1824816
0.2008343
0.2314861
0.1991473
0.2251989
0.2524898
0.2493619
0.2669642
0.2565557
0.2586796
0.2352683
0.2427877
0.2356356
0.2251956
0.2497624
0.2497688
0.2262906
0.2510658
0.2197729
0.2509199
0.2480333
0.2471303
0.2397895
0.2343337
0.2416654
0.2141341
0.2345556
0.2065403
0.2049544
0.2106429
0.1734166
0.2136794
0.2012589
0.2536983
0.2136195
0.2066247
0.2401069
0.2462172
0.2927817
0.1886012
0.1812894
0.1884004
0.2016533
0.2104703
0.2090344
0.171195
0.2209893
0.206438
0.2507464
0.2368926
0.2459467
0.2346884
0.2120261
0.2413537
0.2277484
0.2528616
0.2457475
0.2098977
0.2556933
0.1942779
0.2284791
0.2293468
0.189394
0.2109005
0.1978685
0.1920349
0.2010687
0.2452718
0.2141514
0.1916165
0.1806331
0.1887746
0.2016011
0.2009413
0.1674259
0.2069731
0.2079329
0.2006656
0.2194548
0.2179727
0.2102773
0.239912
0.2585317
0.2312851
0.2485797
0.2159964
0.2166128
0.2707939
0.2594744
0.2525147
0.2029143
0.2094911
0.2181398
0.2348583
0.2178504
0.2517062
0.3000045
0.2243397
0.2663598
0.2396491
0.1895587
0.2136833
0.2100077
0.2269641
0.2355396
0.2057204
0.2170487
0.2048229
0.2281052
0.2357637
0.2268162
0.2107982
0.170065
0.1916938
0.191594
0.2157992
0.2042918
0.2410971
0.2180718
0.2157836
0.2385828
0.1813172
0.2329675
0.1954538
0.2331305
0.2011665
0.2090425
0.2055229
0.2268042
0.2444452
0.2040205
0.25155
0.2386213
0.2549056
0.2517623
0.2306243
0.2372071
0.2669085
0.2274831
0.2229114
0.2387564
0.2866772
0.2150411
0.2387021
0.2640863
0.2324437
0.2157056
0.2513185
0.2338177
0.2306916
0.2355504
0.2580875
0.239929
0.2652295
0.2318663
0.2076147
0.22324
0.2048502
0.1888536
0.2249754
0.2189609
0.2325408
0.2202632
0.2360271
0.2052498
0.2279165
0.2339988
0.2985545
0.21109
0.1985627
0.2062474
0.2337695
0.2136413
0.216035
0.236174
0.265155
0.2419447
0.2000172
0.2307753
0.2365432
0.2904628
0.2800233
0.2717119
0.3108389
0.2902324
0.2849249
0.3073241
0.3366804
0.3528753
0.2580569
0.2449838
0.233798
0.2409415
0.2029879
0.23294
0.2629673
0.2178771
0.2547377
0.2371981
0.2483735
0.2190683
0.2858225
0.2303998
0.3265769
0.2470319
0.2619607
0.2705961
0.2635184
0.2619843
0.2563699
0.1846304
0.2695727
0.2609009
0.2325584
0.1784395
0.2015824
0.2141752
0.1892422
0.2280359
0.1955791
0.2064932
0.225419
