0.1283607
0.1129113
0.1015789
0.1198984
0.1084645
0.1029255
0.1117157
0.1087185
0.1297941
0.1044549
0.1081422
0.1356267
0.0954335
0.1025077
0.1011603
0.1149547
0.1054477
0.1021517
0.0880516
0.0903697
0.115211
0.0952747
0.1042013
0.1130779
0.116475
0.1115579
0.1123587
0.0976752
0.1165829
0.1169952
0.1063279
0.1182611
0.1034137
0.1183508
0.1080247
0.123145
0.124711
0.1255351
0.1061508
0.1096008
0.0848624
0.1309123
0.1076124
0.1489533
0.1536135
0.1336212
0.1281369
0.1247101
0.0860434
0.0868011
0.1136968
0.1114984
0.0890113
0.1056745
0.0857349
0.0971348
0.0970288
0.1035788
0.1258182
0.0876788
0.1007765
0.0997679
0.0905762
0.0967468
0.1044826
0.1055559
0.1076917
0.1079067
0.1247986
0.1065095
0.1327463
0.1050119
0.0905028
0.0952228
0.1159692
0.1200209
0.1385298
0.1505212
0.1592998
0.1113304
0.1248509
0.1200543
0.1386765
0.1555792
0.1018951
0.0936228
0.1210249
0.0913019
0.0849307
0.0915258
0.1365718
0.1107241
0.1110719
0.1163029
0.1060326
0.1091638
0.1246205
0.1207667
0.1089512
0.1024175
0.1190446
0.1057451
0.108257
0.1284283
0.1242673
0.1363746
0.1302695
0.1297579
0.117619
0.1307199
0.1328756
0.1429978
0.1200501
0.1247198
0.1246985
0.093795
0.0899221
0.097853
0.1053118
0.1151197
0.1343157
0.0939123
0.1043453
0.1144972
0.1126745
0.1289221
0.1106628
0.1083927
0.1399553
0.1391188
0.1101399
0.1243562
0.1076169
0.0992773
0.1260845
0.1124245
0.1348638
0.1298713
0.1322326
0.1238393
0.1102057
0.1184555
0.1361926
0.1477315
0.1047719
0.1438384
0.1472045
0.1365946
0.1158202
0.1355461
0.1519259
0.1338831
0.1358941
0.1409032
0.119628
0.1370717
0.1138877
0.1428896
0.1411803
0.1419666
0.128395
0.117262
0.1309242
0.1166028
0.189605
0.1189559
0.1695678
0.180785
0.1605651
0.1521455
0.163719
0.1564405
0.1696771
0.2160147
0.1637295
0.1823025
0.1977796
0.1788358
0.1761731
0.180794
0.1761237
0.1977279
0.1879952
0.1723228
0.1741628
0.1805868
0.162179
0.1732902
0.1635987
0.2028457
0.1860083
0.1905144
0.1748822
0.163896
0.1717024
0.1710906
0.1792674
0.166757
0.1535778
0.2039217
0.1812949
0.1821222
0.170688
0.1904408
0.1687722
0.1402427
0.1774943
0.1614062
0.1788795
0.1621334
0.1996216
0.1821653
0.1872984
0.1900276
0.1849031
0.1770817
0.1855739
0.175004
0.1580544
0.1662045
0.1666823
0.1701567
0.1924189
0.1677845
0.1799175
0.1550853
0.1487063
0.1658672
0.1628602
0.1643994
0.1657902
0.1596575
0.1754084
0.1951312
0.1328168
0.1754058
0.1783317
0.1838537
0.1835826
0.1576878
0.1381931
0.1984636
0.1792178
0.1915454
0.1827986
0.2024801
0.1963506
0.1655941
0.2092788
0.2106096
0.1535708
0.1836609
0.1607474
0.1836601
0.1919356
0.1711829
0.1698843
0.1599403
0.1794927
0.1765977
0.1599264
0.16036
0.1700361
0.191289
0.1647762
0.1968736
0.1970352
0.176645
0.1751517
0.1623461
0.1850114
0.1712255
0.176379
0.1951807
0.1944303
0.1902402
0.1944163
0.1759783
0.1839554
0.1897267
0.1770353
0.1644208
0.1509237
0.1588554
0.1825678
0.1441779
0.1694458
0.173141
0.1869611
0.1719044
0.1628476
0.1929107
0.209265
0.1904928
0.2063081
0.1592867
0.1759043
0.1657139
0.1947248
0.1754196
0.21211
0.2150311
0.2138582
0.2013452
0.171784
0.1882541
0.2034334
0.2140019
0.2252817
0.2176198
0.200131
0.179685
0.1199363
0.1425257
0.1830409
0.1270867
0.1448789
0.1545846
0.1380363
0.1356576
0.1308312
0.1123285
0.117179
0.1330323
0.1331165
0.1426284
0.1361411
0.1450437
0.1511371
0.1804679
0.1413443
0.1512669
0.1226832
0.1443302
0.1447683
0.1643091
0.2523538
0.2119692
0.2025138
0.1881032
0.2049378
0.1496494
0.1892595
0.1925208
0.1404941
0.1171339
0.1379093
0.1402734
0.1375784
0.1139339
0.1428306
0.1300361
0.1270238
0.1562329
0.1613937
0.1315022
0.1517244
0.1311763
0.1521787
0.1371878
0.1265189
0.1313976
0.126951
0.1270417
0.1419848
0.2050505
0.1679364
0.1824354
0.1779316
0.1574632
0.1935386
0.2067216
0.1762607
0.171944
0.1547728
0.1743041
0.1791585
0.1612849
0.1534395
0.1635237
0.1185734
0.1371603
0.1706013
0.1749964
0.1666165
0.1658623
0.18598
0.14729
0.1683083
0.1815694
0.1725434
0.1453741
0.1547337
0.117917
0.1733591
0.1600475
0.1491823
0.1228579
0.1473438
0.1789148
0.1511201
0.168802
0.1640689
0.1524979
0.173207
0.1715412
0.1705989
0.1663043
0.1792228
0.1591609
0.1431392
0.1551609
0.1514273
0.1695799
0.1720358
0.1605216
0.1452239
0.1594796
0.1422139
0.1477804
0.1412607
0.1678164
0.1591312
0.161856
0.1694082
0.1416392
0.1023376
0.1591524
0.1569725
0.1465371
0.1845028
0.1730126
0.1788046
0.2036049
0.1694545
0.2005948
0.171584
0.1668039
0.149715
0.1332317
0.1694305
0.1767118
0.1636108
0.1634999
0.1403946
0.1666241
0.1652854
0.1416603
0.1372854
0.1634905
0.1697362
0.1842842
0.1751965
0.1763422
0.1211245
0.0948168
0.1559684
0.1520103
0.1721891
0.1624872
0.1872145
0.1795094
0.185805
0.1592382
0.1437795
0.1688287
0.1700008
0.1959604
0.1600689
0.1366263
0.1780646
0.1528209
0.1655857
0.1612653
0.1665411
0.1493484
0.1703521
0.1528369
0.1594076
0.1172225
0.1651152
0.1628591
0.1705106
0.1644766
0.1335908
0.1398032
0.1280553
0.1313158
0.1374821
0.1249812
0.1590745
0.156479
0.1328724
0.1343918
0.1458915
0.1279233
0.1106757
0.1315634
0.1397593
0.1162972
0.1360743
0.1365506
0.1265403
0.1385019
0.1394168
0.145314
0.1318815
0.1279019
0.1568877
0.1389362
0.1475651
0.161681
0.1668678
0.1667196
0.1410302
0.1569895
0.1444654
0.1600673
0.1955361
0.1797207
0.2086224
0.2099358
0.1874971
0.1991647
0.1613135
0.1793735
0.1786942
0.2033265
0.1658365
0.1830702
0.1919656
0.1829361
0.1985799
0.2026011
0.1844445
0.2094188
0.1371428
0.1839659
0.1958452
0.2051668
0.1845705
0.1829037
0.23493
0.1960827
0.1966824
0.1797166
0.2123278
0.1916243
0.2221675
0.1954776
0.1897259
0.2014485
0.1907437
0.1943822
0.2183106
0.2042324
0.2071398
0.1925024
0.187102
0.1996583
0.1828634
0.1721771
0.1626645
0.1794652
0.1507896
0.1622147
0.1775719
0.1759125
0.1491946
0.1357889
0.1842217
0.168158
0.1220502
0.1625293
0.1501996
0.1733943
0.1658594
0.177022
0.1845486
0.1663112
0.2076989
0.1568947
0.1752237
0.1918184
0.1672911
0.134046
0.1549992
0.1816184
0.1649321
0.1683215
0.1890988
0.1522015
0.2113685
0.1567612
0.1223603
0.1342735
0.1394673
0.1639206
0.1945777
0.1626354
0.1664926
0.1264546
0.1402552
0.1784764
0.1863685
0.2048557
0.1877597
0.1688159
0.1704866
0.1943318
0.1692874
0.1810394
0.2031704
0.2194932
0.2020653
0.1775504
0.1955256
0.1679781
0.1868703
0.1845381
0.1847207
0.1627413
0.1705947
0.1857846
0.1473575
0.1718977
0.1713565
0.191446
0.2038063
0.1750089
0.1873419
0.1841684
0.19805
0.1807927
0.1939117
0.2009599
0.2182054
0.2367626
0.2389422
0.2213578
0.2260732
0.1998319
0.1990049
0.2153903
0.2303119
0.2052004
0.2239312
0.1960677
0.2193259
0.2273916
0.1927007
0.1977873
0.2019794
0.2017841
0.2263339
0.1940476
0.1948118
0.192925
0.1886541
0.2302504
0.1874357
0.2047733
0.2168581
0.2289496
0.1932105
0.2149703
0.2129642
0.2041491
0.197621
0.199027
0.2222486
0.2140005
0.2041212
0.2130956
0.1993641
0.2198627
0.1924334
0.2375671
0.2187123
0.241275
0.2368665
0.223894
0.2238821
0.245508
0.2296122
0.2298035
0.2336123
0.2264594
0.2070651
0.2412963
0.2276002
0.2265411
0.2264221
0.2475282
0.234353
0.2736358
0.2773668
0.2609236
0.2513888
0.247606
0.2190092
0.2246133
0.2305948
0.2183772
0.2094622
0.223014
0.246106
0.2279797
0.234347
0.2282283
0.2641401
0.2307443
0.2312616
0.2429893
0.2372515
0.2228124
0.2347573
0.2169014
0.2272131
0.2099082
0.2376445
0.2602273
0.2252116
0.2244568
0.2321965
0.2202315
0.2427651
0.2328107
0.2181705
0.2283118
0.1946257
0.2047987
0.2117284
0.18791
0.2102784
0.2252621
0.2196846
0.2230733
0.2099896
0.2216316
0.2181607
0.2081843
0.2300284
0.2016981
0.2056954
0.1906283
0.1802762
0.213685
0.2204901
0.193102
0.214993
0.2065663
0.215674
0.2138955
0.2144828
0.1995709
0.2065497
0.221404
0.2121966
0.2277424
0.2272074
0.2567929
0.2537496
0.2056621
0.2099662
0.1985324
0.2303643
0.2301083
0.235547
0.2024376
0.2032928
0.211959
0.2095098
0.2450393
0.2094873
0.2393109
0.2296221
0.2319464
0.2363445
0.2221518
0.2259217
0.22319
0.2372661
0.2056281
0.2249035
0.2403434
0.2640588
0.2278785
0.2298072
0.2238894
0.2028542
0.1956128
0.2048655
0.1596391
0.2206666
0.2036121
0.2089173
0.2146947
0.2145074
0.1945551
0.1924417
0.2077109
0.2039508
0.186458
0.2029612
0.2108308
0.1923319
0.1866919
0.1968063
0.1984422
0.1900203
0.2058118
0.2021091
0.2255132
0.2404993
0.2162425
0.22619
0.2031778
0.2437812
0.2170543
0.2109661
0.229158
0.2069748
0.2153698
0.2233067
0.2569191
0.2441068
0.2715213
0.2516653
0.213877
0.2297365
0.2472381
0.2652953
0.2435966
0.2740029
0.2767945
0.2335695
0.2530257
0.2184887
0.2560366
0.2632208
0.2347656
0.2407055
0.2661736
0.2260908
0.2456261
0.2246937
0.2857352
0.2766913
0.2312085
0.2363195
0.2411951
0.2107465
0.227984
0.2421283
0.2701642
0.2433837
0.2556463
0.2400722
0.2549061
0.2750307
0.2536813
0.258408
0.2460373
0.2634281
0.2472627
0.2633088
0.2659985
0.2504918
0.2535761
0.223016
0.248687
0.2222206
0.2355068
0.2539805
0.2784359
0.2252487
0.2401833
0.2350436
0.2463325
0.2268322
0.2376049
0.2575032
0.2055353
0.1995039
0.2319622
0.2498695
0.2715227
0.2674292
0.2725605
0.2929566
0.2678789
0.2937056
0.2935558
0.2939231
0.2758288
0.2579245
0.2454025
0.2510913
0.2638955
0.209531
0.2269093
0.2391721
0.2720276
0.2478716
0.2528969
0.2611438
0.2769471
0.2603668
0.2978916
0.2760218
0.2528152
0.2588517
0.2815286
0.2625725
0.2231091
0.2493351
0.2239609
0.2082439
0.2173169
0.2193211
0.2214475
0.2120911
0.2457731
0.2650699
0.2204023
0.2362896
0.2761742
0.2617582
0.2466838
0.2405242
0.2449265
0.2280638
0.2379987
0.2359969
0.2747318
0.2270828
0.250857
0.2018105
0.2106768
0.2149928
0.2251334
0.2390342
0.2146175
0.2298183
0.2383383
0.2287705
0.2071579
0.2365826
0.207653
0.2054619
0.22047
0.21533
0.2360266
0.2242018
0.2176421
0.217521
0.1962314
0.1874551
0.2094284
0.1903928
0.1899416
0.1876012
0.1722118
0.1810652
0.1998894
0.1981633
0.1904587
0.2076381
0.2122227
0.2113465
0.224997
0.2340259
0.2357762
0.2547297
0.2575629
0.2403765
0.2333828
0.2282076
0.2215266
0.2226708
0.2214288
0.2360198
0.2171275
0.2249821
0.2115723
0.221607
0.2187335
0.2082004
0.2100468
0.2374224
0.2061767
0.2179262
0.2365162
0.2620844
0.2271985
0.2100889
0.2354733
0.2082049
0.2279166
0.200767
0.2224454
0.1880358
0.2050992
0.1979333
0.1987804
0.2033966
0.171566
0.1999712
0.1958385
0.2071818
0.1815914
0.2149153
0.2117441
0.1973645
0.2010512
0.169951
0.1845885
0.1958544
0.2114819
0.2233418
0.2023115
0.1977958
0.2217637
0.1988896
0.1702213
0.2080762
0.1936161
0.2147112
0.238866
0.2159478
0.1770972
0.2053722
0.2103176
0.2080977
0.2193557
0.1841255
0.2027528
0.2012152
0.236476
0.2253688
0.2278864
0.2098902
0.1945498
0.1893291
0.2279454
0.2438147
0.2044603
0.2080589
0.251042
0.2013194
0.2206703
0.2437066
0.2273726
0.2082414
0.2259215
0.2389792
0.2230321
0.2284004
0.2378866
0.2356703
0.266432
0.2458369
0.2611357
0.2512559
0.2108853
0.2227614
0.2116655
0.2327477
0.2375746
0.2351557
0.2148877
0.2160228
0.2251125
0.2156268
0.2140377
0.1975179
0.2181555
0.2241395
0.2091599
0.2255925
0.2099429
0.2350156
0.2346758
0.228807
0.2440015
0.2129106
0.2084671
0.2440534
0.2269984
0.2323004
0.2167175
0.2166954
0.2141742
0.2055109
0.2394896
0.2243821
0.2099532
0.219529
0.2005725
0.1968462
0.1900117
0.2179007
0.2337013
0.2107446
0.2253883
0.2078369
0.2094169
0.2128213
0.216
0.1987038
0.1993747
0.173782
0.2118241
0.2121826
0.2020236
0.1897551
0.213217
0.214213
0.2341911
0.1939994
0.2276232
0.2116313
0.2282062
0.2285933
0.2523159
0.2326125
0.2339262
0.2446401
0.2365495
0.2580757
0.2275275
0.232341
0.2417608
0.2345656
0.250186
0.2545045
0.2307279
0.2388555
0.2448332
0.2497194
0.2724241
0.2897606
0.2916002
0.245461
0.2460343
0.2596811
0.2623054
0.2445942
0.2121509
0.2246957
0.2427568
0.2443625
0.2425741
0.2421537
0.2214721
0.2497834
0.2328357
0.2248376
0.2582438
0.2431328
0.2525645
0.2531529
0.2465433
0.2410198
0.2483499
0.2447124
0.2338073
0.2496706
0.238245
0.2356907
0.2481631
0.2395952
0.2472547
0.2554556
0.2431777
0.2281144
0.2862146
0.2499507
0.245457
0.2593178
0.2280062
0.2685321
0.2348489
0.2365448
0.2378272
0.2296537
0.2295596
0.2266875
0.2409839
0.2480788
0.2360418
0.2255441
0.21339
0.2384583
0.2213259
0.2344657
0.2182867
0.21749
0.2342926
0.2386216
0.2314537
0.2250908
0.2254084
0.2413197
0.248266
0.2343898
0.2338065
0.2249204
0.2259962
0.2127931
0.239652
0.2454991
0.2249849
0.2357373
0.2301399
0.2414347
0.2384656
0.2192914
0.2341544
0.1965393
0.2163924
0.2325131
0.2215878
0.2314723
0.21577
0.2533126
0.2242254
0.2542074
0.2181174
0.2126999
0.2354711
0.251881
0.2289248
0.2777058
0.2459373
0.2282884
0.2368781
0.2732609
0.252198
0.2158374
0.2211772
0.2261615
0.197465
0.2063099
0.1987773
0.2097794
0.2023842
0.2040015
0.2154652
0.215353
0.2048516
0.2029282
0.2113307
0.2364085
0.2193666
0.2026427
0.2070944
0.2115476
0.2377116
0.2144396
0.2152291
0.2318352
0.2074286
0.2146067
0.2267549
0.1751806
0.2022379
0.2100296
0.1760382
0.2232254
0.1933944
0.1809714
0.2133725
0.2106781
0.2006328
0.2372737
0.2060435
0.2193767
0.245558
0.2314937
0.2144646
0.2332165
0.2322337
0.2206233
0.2270413
0.215349
0.2160754
0.2204619
0.208381
0.203664
0.2482096
0.2617246
0.2485112
0.2182736
0.2271682
0.2360412
0.2072612
0.2200317
0.2416119
0.2188735
0.2261598
0.2183378
0.2047916
0.2292648
0.23417
0.2368424
0.2150689
0.2488151
0.2335658
0.2325001
0.2419979
0.2263023
0.2448264
0.2633005
0.267554
0.2585859
0.2299808
0.2619507
0.2533168
0.2621628
0.2482559
0.2936603
0.25507
0.271717
0.2350764
0.225274
0.2174985
0.2155325
0.2338093
0.2459279
0.2321425
0.2243751
0.231292
0.2616638
0.2834131
0.262441
0.2204139
0.2177693
0.2118184
0.2226107
0.2347419
0.2092831
0.2469469
0.2281895
0.235019
0.2462439
0.2569906
0.2180818
0.2218293
0.2000198
0.2349314
0.1908242
0.2075574
0.2109379
0.2057194
0.2189293
0.2128982
0.2272713
0.2314993
0.2142761
0.226229
0.2150167
0.2148463
0.2462247
0.2523134
0.2030508
0.2326012
0.2481598
0.2526474
0.2458077
0.2403133
0.2337252
0.2327326
0.2198742
0.2320602
0.2305877
0.2386076
0.2188734
0.2184985
0.2423122
0.2262771
0.1887834
0.2259974
0.2411196
0.219259
0.1948994
0.217427
0.2231618
0.2054163
0.2052605
0.2287758
0.2210096
0.255144
0.2112214
0.2262869
0.2373739
0.2387357
0.2154927
0.2455097
0.2371286
0.2251093
0.2287026
0.1945649
0.2110591
0.2400986
0.2151967
0.241538
0.2536494
0.2565966
0.2788329
0.2664408
0.2657175
0.2551129
0.2432901
0.2548427
0.2241311
0.2292739
0.2319883
0.2102437
0.2467108
0.2423126
0.22883
0.2605133
0.2153709
0.2448235
0.2452021
0.2700629
0.2674014
0.2185672
0.275358
0.2465295
0.242191
0.242588
0.2416883
0.226363
0.2758151
0.2566699
0.2277165
0.2505473
0.2490522
0.2424072
0.2510053
0.2513241
0.2450589
0.2711966
0.2505648
0.2672721
0.2586704
0.2682673
0.2659727
0.2432886
0.2244176
0.2695824
0.2643333
0.2814554
0.2557317
0.2547262
0.2683407
0.2429371
0.2460277
0.2671264
0.2610399
0.2610845
0.2695427
0.2818867
0.2796852
0.2693606
0.2612841
0.2425581
0.270697
0.2741192
0.2614219
0.2737713
0.2615501
0.241969
0.2516245
0.2640403
0.2680415
0.2323376
0.2407013
0.210724
0.2194929
0.2500465
0.2495051
0.2277394
0.2267982
0.249721
0.2416654
0.2487454
0.2333991
0.2416271
0.2276189
0.2582857
0.2752801
0.2437478
0.2534479
0.2703878
0.2671765
0.2637326
0.2771775
0.2494743
0.2546716
0.2396909
0.2546915
0.2475187
0.2640488
0.2713866
0.2706198
0.265042
0.2663967
0.2398906
0.2762932
0.2814685
0.2346821
0.2615733
0.2394426
0.2337525
0.2596457
0.2456872
0.2549149
0.2403539
0.2241346
0.2537718
0.2403231
0.2302475
0.2510758
0.2202144
0.2208615
0.2437898
0.2351693
0.2229465
0.2280368
0.2605771
0.2482825
0.2443452
0.25526
0.2510724
0.244923
0.2401644
0.2577604
0.2311042
0.2280112
0.2416281
0.265515
0.2273622
0.2202887
0.2530221
0.2770553
0.2376432
0.277043
0.2450561
0.2474378
0.2627929
0.28411
0.2743821
0.261739
0.2549298
0.2752403
0.2904155
0.287435
0.2586708
0.2724889
0.2529724
0.2843209
0.3051494
0.2448802
0.2643428
0.2424846
0.2535653
0.2767178
0.2505485
0.2335485
0.242693
0.2355618
0.2290588
0.2613302
0.2810231
0.2746813
0.2930827
0.2807608
0.3089372
0.2896167
0.3024684
0.2881852
0.2626414
0.2466111
0.2872833
0.2448374
0.2509649
0.2216064
0.2487889
0.2670866
0.2786686
0.2584468
0.262463
0.229807
0.2554908
0.2592646
0.2322029
0.2729512
0.2733197
0.2793749
0.3179405
0.2505678
0.2528666
0.2830234
0.2646093
0.2806948
0.2750686
0.2975198
0.2488398
0.2582732
0.2614459
0.2826395
0.2525898
0.2510035
0.2064546
0.2467044
0.2666392
0.2514089
0.2316305
0.244186
0.2318755
0.2668653
0.2380523
0.2597789
0.2601154
0.2578552
0.2775932
0.2599181
0.259678
0.2643125
0.2597382
0.2586944
0.2797571
0.2557546
0.2921315
0.2690692
0.2891198
0.2594251
0.2427446
0.2515043
0.2522285
0.2504445
0.2494918
0.2689311
0.2892548
0.2642194
0.2579292
0.265624
0.255866
0.2715663
0.260133
0.2658056
0.2642021
0.270923
0.2478008
0.2450538
0.2676376
0.2642914
0.2436818
0.2329614
0.2430908
0.2376343
0.2633762
0.2607772
0.2708539
0.2449324
0.287327
0.2961977
0.2774509
0.2558693
0.2988608
0.2556813
0.2732342
0.2629207
0.2847152
0.2807609
0.2820556
0.2640428
0.2797726
0.2721476
0.301378
0.262939
0.2977704
0.2484108
0.2459602
0.2488301
0.2496205
0.2396779
0.2136004
0.2461075
0.2610179
0.2781263
0.2542234
0.2820144
0.2555081
0.2563268
0.2695711
0.2467995
0.2484116
0.2535835
0.2416171
0.2673621
0.2448528
0.2442337
0.2752709
0.2415254
0.2369104
0.2627144
0.2477013
0.241083
0.2616345
0.2489356
0.25894
0.2731311
0.2136694
0.2388998
0.2324889
0.2278668
0.2313446
0.2519816
0.2477155
0.2566543
0.2814986
0.2870919
0.285973
0.2310763
0.2545613
0.2424571
0.2637208
0.2432013
0.2333213
0.2768185
0.2698047
0.2793794
0.2624546
0.2459582
0.2746367
0.2783019
0.2564346
0.2474269
0.2481018
0.218347
0.2442212
0.2670471
0.2312315
0.2410296
0.2497891
0.236626
0.2292315
0.2550403
0.247314
0.2615107
0.2491606
0.2473112
0.2409045
0.2280468
0.2363002
0.257174
0.2575987
0.2585133
0.2532735
0.2494312
0.2528838
0.2522377
0.2540575
0.2500233
0.2186709
0.2579864
0.2680922
0.2550608
0.2304045
0.2544629
0.2442546
0.2646935
0.2659371
0.2543924
0.2467012
0.2450507
0.228476
0.2327425
0.2883875
0.2299577
0.2684389
0.2813905
0.2828287
0.2797559
0.2807916
0.2505222
0.2651991
0.2516001
0.2767277
0.29487
0.2769986
0.2682534
0.2881074
0.2963745
0.2960203
0.2919418
0.2832875
0.2935192
0.2531303
0.2831479
0.2574553
0.2566429
0.2356373
0.2633733
0.2514923
0.2576359
0.2577072
0.2658432
0.2822953
0.2871434
0.2540606
0.2739659
0.2874485
0.2579532
0.2442448
0.2400216
0.2387918
0.2592252
0.2642046
0.2440638
0.2576093
0.2444624
0.2616766
0.2525162
0.2617587
0.24901
0.2597069
0.2536342
0.2591551
0.2518514
0.2508136
0.2507118
0.2376215
0.2966855
0.3152727
0.3144355
0.3223421
0.2891208
0.2902372
0.3418813
0.3186315
0.3140684
0.3157499
0.3013479
0.3316849
0.2975159
0.2868533
0.3004692
0.261616
0.2842262
0.2529622
0.2967259
0.2589441
0.2887841
0.2604091
0.2302621
0.2444419
0.240252
0.2400619
0.2640762
0.2745569
0.2431004
0.2493446
0.2764656
0.2604763
0.2843766
0.2770522
0.2723885
0.2749241
0.2736115
0.2919262
0.2510554
0.2601822
0.2674651
0.274193
0.2574076
0.2652395
0.2674862
0.2781169
0.2757068
0.2245092
0.2449641
0.2480664
0.2455933
0.2578743
0.2382517
0.2577045
0.2710011
0.2491907
0.2743712
0.2324183
0.253903
0.2313948
0.2626353
0.2504193
0.2682128
0.2502239
0.2415499
0.2373543
0.2269348
0.2301663
0.2418687
0.220413
0.2591321
0.2432425
0.2394587
0.2464972
0.2715232
0.2347041
0.2533319
0.2323103
0.2640924
0.2645613
0.2513539
0.2503414
0.2563142
0.2338791
0.2424885
0.2286376
0.2319791
0.2396675
0.2253584
0.2397601
0.2227222
0.2202286
0.22856
0.2454201
0.2726969
0.2598415
0.2411041
0.2664766
0.2590796
0.2864659
0.2737588
0.2785761
0.2510098
0.253897
0.2605233
0.2650756
0.2574394
0.2545601
0.2613004
0.239537
0.2655806
0.2340039
0.2459081
0.290285
0.257409
0.2568711
0.267574
0.2586903
0.2574396
0.2816296
0.2674191
0.2646815
0.2757412
0.2716926
0.2344801
0.2722382
0.2586391
0.2423506
0.24473
0.2483901
0.2342013
0.2200396
0.2554839
0.2099073
0.2373753
0.2753436
0.2194497
0.2260025
0.2119827
0.2316162
0.2234071
0.2509028
0.2466441
0.2482953
0.2405935
0.2351826
0.2196926
0.2413909
0.2669935
0.2557055
0.2607307
0.2552889
0.2425045
0.2677658
0.2699483
0.2489652
0.2482677
0.2215378
0.2322684
0.2322575
0.2208954
0.2365669
0.2392019
0.2418324
0.2655841
0.2565198
0.2144317
0.2358688
0.2455415
0.2254083
0.249554
0.2392382
0.2428986
0.2384739
0.2193276
0.2299596
0.242442
0.227465
0.2399355
0.2672957
0.2328914
0.2473973
0.2335329
0.2414396
0.2709343
0.2372358
0.2779299
0.2545414
0.2392077
0.2394284
0.2233367
0.2672473
0.260329
0.2436777
0.2396952
0.2487705
0.246013
0.2539581
0.2589725
0.2498121
0.235342
0.2523195
0.278555
0.2694035
0.2507254
0.2242919
0.2643151
0.2912982
0.2954441
0.2853537
0.2266344
0.2632021
0.2556689
0.2401851
0.2481297
0.2564757
0.2240619
0.2212611
0.2425183
0.2331838
0.2433626
0.2565154
0.2213561
0.2515303
0.2203346
0.2714038
0.233452
0.2481088
0.2455252
0.244028
0.267848
0.2428241
0.2327973
0.2313605
0.25352
0.2452767
0.2416791
0.2401369
0.2206737
0.2544882
0.2161531
0.2276957
0.2335318
0.2426477
0.2158012
0.2537253
0.2562003
0.2420144
0.2473772
0.2356748
0.2419219
0.2809565
0.2424398
0.2209744
0.2275577
0.2473177
0.2148007
0.2379348
0.234086
0.1987625
0.2356388
0.2300586
0.2303704
0.2514225
0.2088209
0.2432007
0.2915799
0.2541769
0.2458923
0.2312639
0.2465253
0.2245783
0.2201844
0.2378593
0.2504538
0.2762204
0.233316
0.2208316
0.2305981
0.2299361
0.2208228
0.2046034
0.228157
0.199041
0.2133045
0.2142607
0.223765
0.2321612
0.2405863
0.2141202
0.2181717
0.2025969
0.2246402
0.2445981
0.2256072
0.2264038
0.1946482
0.2281006
0.2166131
0.2436869
0.2543474
0.2364542
0.2689197
0.2225519
0.2310237
0.2513235
0.2480379
0.2561971
0.2348012
0.2496785
0.2679785
0.2446746
0.260184
0.2654722
0.25844
0.2543106
0.2542388
0.2506898
0.2301068
0.2524476
0.244556
0.2764087
0.2336626
0.2470402
0.2599083
0.2380632
0.2775238
0.2709624
0.2864965
0.2607877
0.2344432
0.2281896
0.264896
0.2488926
0.2549978
0.2826665
0.2516944
0.2561288
0.2453931
0.2231511
0.2121458
0.2463959
0.2028307
0.2473997
0.2633428
0.2728021
0.2819534
0.2216042
0.2217125
0.246479
0.2320891
0.2331436
0.2277789
0.251224
0.2674366
0.2578733
0.2545497
0.2826633
0.2677309
0.2500055
0.2588116
0.3016361
0.317961
0.2770375
0.2689492
0.2765486
0.258673
0.2777029
0.2646198
0.2439484
0.2825485
0.2505202
0.2792352
0.2593171
0.2948751
0.2799923
0.2796076
0.2366181
0.2742206
0.2664727
0.233829
0.2449487
0.249879
0.2653526
0.260685
0.2519467
0.2562305
0.2467893
0.2726964
0.2642142
0.2520372
0.2478155
0.2456154
0.2075409
0.2384143
0.2157338
0.2445504
0.2346333
0.2523792
0.2755938
0.2627644
0.2434273
0.2093672
0.2476981
0.2292622
0.2367333
0.2259748
0.2329017
0.2335541
0.2569963
0.2290515
0.2371278
0.2588087
0.2595253
0.2219467
0.2195777
0.2461909
0.2299554
0.2354555
0.2713629
0.266033
0.2763658
0.2469124
0.2595418
0.2597432
0.2283158
0.2742802
0.2437767
0.2369299
0.2616933
0.2474863
0.2216935
0.2465217
0.2373612
0.2273853
0.1951629
0.2283908
0.2472457
0.217116
0.2157631
0.2020689
0.2491978
0.2288922
0.2416682
0.2537358
0.2199502
0.2538518
0.2215928
0.2541154
0.2346835
0.2429915
0.2407698
0.2373088
0.2491039
0.2463422
0.2291556
0.2226445
0.2001388
0.1960814
0.2544798
0.2306216
0.2347903
0.2519547
0.2339614
0.2558182
0.2448125
0.2323278
0.228336
0.2508246
0.2333021
0.2368898
0.2357173
0.2440849
0.2484116
0.2278389
0.2344417
0.2594495
0.2265963
0.2177918
0.2416959
0.2380388
0.2151915
0.2419551
0.2593654
0.256636
0.2153013
0.2569768
0.2572918
0.2449358
0.271567
0.265361
0.2332416
0.2295929
0.2629441
0.2150991
0.2661882
0.2496473
0.2177991
0.2213114
0.2079916
0.2473032
0.2107958
0.2413679
0.2123243
0.2162256
0.2245486
0.1936157
0.2202918
0.2018297
0.24915
0.2400279
0.2457141
0.2319425
0.2706994
0.2071666
0.2293982
0.2553667
0.2563553
0.2398843
0.2464203
0.2518901
0.2502965
0.2669284
0.250771
0.2172168
0.2569905
0.2180087
0.2346055
0.2228164
0.2253465
0.1962497
0.2161253
0.2305211
0.2434973
0.2397232
0.2483567
0.2309294
0.2436386
0.2761054
0.2610601
0.2689036
0.2822463
0.2478151
0.2460528
0.2294838
0.2536567
0.2635658
0.2598128
0.2554022
0.2622691
0.258442
0.2494528
0.25381
0.2681375
0.2212449
0.24706
0.2324744
0.2189441
0.2550503
0.2455811
0.2642288
0.2482561
0.2250074
0.2164875
0.2062257
0.2158367
0.2134805
0.2225599
0.216659
0.2258124
0.2240337
0.2291789
0.2330326
0.2231111
0.2362114
0.2401739
0.2152832
0.2176785
0.2218098
0.23196
0.2315355
0.2143466
0.1838973
0.237474
0.2237892
0.207265
0.2097697
0.2311575
0.2348065
0.2338248
0.2034321
0.2473047
0.2017716
0.2331493
0.2270479
0.2151716
0.2301724
0.2155022
0.2617712
0.237921
0.2403716
0.2157797
0.2546975
0.1923394
0.2147718
0.2073638
0.1863469
0.2204147
0.1909222
0.2217855
0.2172551
0.2030058
0.2075323
0.2122327
0.2051478
0.2095781
0.2086959
0.1903587
0.2106199
0.2014824
0.2019873
0.1908851
0.1952788
0.2027356
0.2074551
0.2001605
0.222756
0.2089149
0.1964076
0.210872
0.2065942
0.2325787
0.1992278
0.2282809
0.2312157
0.1816294
0.1868398
0.1728798
0.1733146
0.2053782
0.1922074
0.2156563
0.2314734
0.2047024
0.201859
0.2272972
0.2469873
0.2353018
0.2013206
0.2283955
0.2117099
0.2175159
0.2262976
0.2229905
0.1947065
0.2144117
0.2112532
0.232273
0.224942
0.248242
0.2211236
0.2396939
0.2303727
0.2153786
0.2072637
0.2183231
0.2489144
0.2257315
0.2116148
0.2156177
0.2062923
0.1864931
0.218024
0.2300723
0.1958502
0.1991514
0.2000929
0.2092149
0.1990435
0.2018208
0.1780124
0.2199344
0.2066267
0.2172754
0.1792871
0.1848965
0.2107644
0.1962582
0.1899567
0.2006269
0.2116086
0.1975384
0.2325748
0.2061142
0.2122384
0.2041008
0.2168891
0.2095863
0.2028485
0.2138428
0.2015343
0.2290557
0.2063819
0.2144113
0.2117782
0.2175803
0.2139404
0.2049113
0.2266565
0.2032731
0.1857877
0.2140732
0.1895596
0.2257644
0.2408395
0.1955041
0.2226169
0.2191762
0.216259
0.2160388
0.2058739
0.1905093
0.1896295
0.1709674
0.1935559
0.2118328
0.205276
0.1857725
0.2082188
0.1853561
0.2227466
0.210334
0.2228779
0.1884506
0.207756
0.2042326
0.1939488
0.2036409
0.207311
0.2449507
0.1963468
0.2125857
0.2192281
0.2175782
0.2198365
0.2023702
0.224124
0.2580419
0.2335946
0.2880535
0.2830631
0.2542866
0.2381833
0.2283614
0.2152139
0.2249054
0.2374963
0.239419
0.2254112
0.2632955
0.244742
0.2326011
0.233998
0.2566354
0.2198884
0.2608668
0.2415097
0.2252638
0.204297
0.2530852
0.2503954
0.2316352
0.2310011
0.2301423
0.2177361
0.2078675
0.2077982
0.1971114
0.2157109
0.2169291
0.2178209
0.212353
0.2152452
0.2547229
0.2661802
0.2626913
0.2159634
0.2591244
0.2781036
0.2329364
0.2144565
0.248664
0.220447
0.2097275
0.2377173
0.2415224
0.2271305
0.2198224
0.2251293
0.2166666
0.2222448
0.2345585
0.2295631
0.2139069
0.2203009
0.2306947
0.2324315
0.2318538
0.2559006
0.2383097
0.2425389
0.2387152
0.2267742
0.2485556
0.229784
0.2250455
0.2144841
0.2364086
0.2467429
0.1924659
0.2099611
0.2047728
0.2305227
0.219334
0.2419511
0.1965871
0.2122175
0.2169993
0.2485106
0.2096222
0.2192044
0.2244081
0.1825423
0.1968797
0.1928726
0.2281207
0.2003648
0.231339
0.2099241
0.2139858
0.2560163
0.1827422
0.1935574
0.2391505
0.1911273
0.2399577
0.1976349
0.2081149
0.1933195
0.1839507
0.1966204
0.1640987
0.1827613
0.1884648
0.1663694
0.2038368
0.2023835
0.2039525
0.2163671
0.2042164
0.1909256
0.2049876
0.2079872
0.1994183
0.1881779
0.2702633
0.1971578
0.2343513
0.2146609
0.1832331
0.1899275
0.1760669
0.1594983
0.2321205
0.1880346
0.1998022
0.1858891
0.1977892
0.1956405
0.1943087
0.2349808
0.1766986
0.2019413
0.221744
0.2023933
0.1893924
0.2474109
0.228171
0.2371257
0.2158626
0.2277579
0.2338308
0.2264583
0.2102946
0.2295299
0.2037918
0.2501429
0.2352199
0.2612772
0.2432167
0.2564606
0.2505842
0.2370078
0.2263399
0.2406085
0.2250833
0.2536116
0.2566616
0.2437374
0.2488994
0.2386767
0.257183
0.2359124
0.230531
0.230146
0.2271687
0.2602406
0.2417369
0.2528453
0.2347998
0.2492046
0.1965505
0.2172002
0.2173481
0.2285256
0.2288691
0.2291021
0.2169949
0.2119939
0.2393234
0.2368257
0.2396468
0.2318536
0.229141
0.2514558
0.2381162
0.2468732
0.2461506
0.2473765
0.232076
0.2401138
0.2794113
0.2635306
0.2295897
0.2336637
0.2712909
0.2703203
0.2390418
0.2322264
0.2427571
0.2399513
0.2630162
0.2754698
0.24942
0.2722923
0.2680597
0.2265831
0.2177755
0.2464889
0.2744934
0.2354565
0.2329227
0.2764629
0.2305786
0.2692318
0.2321959
0.2449564
0.272211
0.2317695
0.2287271
0.2177572
0.2140664
0.2470782
0.2331474
0.2248579
0.2306249
0.2358434
0.2381124
0.2151915
0.1993544
0.2541217
0.2300284
0.2086633
0.2389103
0.2037657
0.2240151
0.2194443
0.2053382
0.2266872
0.2123747
0.2117898
0.2079582
0.2202401
0.2282434
0.2113904
0.2306043
0.2161101
0.231333
0.2259255
0.2199567
0.2357785
0.2364421
0.2606709
0.2410777
0.2232956
0.214878
0.2378376
0.2193834
0.2333979
0.2236632
0.2407157
0.2435528
0.2343706
0.2404258
0.2477594
0.250782
0.2371123
0.2179789
0.2261924
0.2360353
0.2639149
0.2576179
0.2351378
0.2351221
0.2715593
0.2163223
0.2562343
0.231458
0.1926709
0.2154973
0.2089196
0.206923
0.2147398
0.1968224
0.2342431
0.2110091
0.2040452
0.2130124
0.1957716
0.2084204
0.2040876
0.2058492
0.1871234
0.2101142
0.2180572
0.1883186
0.1930797
0.2039708
0.1841515
0.1834995
0.1954848
0.230673
0.2089473
0.2275398
0.191113
0.235483
0.2374095
0.2192294
0.1927405
0.2156763
0.2088585
0.244475
0.241923
0.241515
