0.1356322
0.1340442
0.1305009
0.1189771
0.1401316
0.1705815
0.1528032
0.1551916
0.1347027
0.1584961
0.1483174
0.1577243
0.1481436
0.1677036
0.1425576
0.1432047
0.1552771
0.1653345
0.1685326
0.1899683
0.1501901
0.1557096
0.1457265
0.1587719
0.1753048
0.1644923
0.1590365
0.1397491
0.1462853
0.1405133
0.158266
0.1514044
0.1575258
0.1356963
0.1526811
0.1485111
0.1773534
0.1418486
0.1389417
0.1547943
0.1493692
0.1404881
0.1289988
0.1852091
0.1333126
0.1310924
0.164579
0.1372808
0.1505626
0.1278705
0.1289314
0.13023
0.1267372
0.1617163
0.1402138
0.1521093
0.1475703
0.1213285
0.1293287
0.146875
0.1591207
0.1394708
0.133651
0.1203888
0.1391352
0.1294432
0.1432076
0.1254455
0.1156239
0.1153654
0.1466318
0.1222772
0.1522782
0.1580081
0.1668407
0.1392079
0.1675054
0.1636327
0.1720785
0.1652152
0.1713093
0.1462513
0.1373978
0.1728603
0.1349306
0.154524
0.1584388
0.1375995
0.1525823
0.1351236
0.1475694
0.1597737
0.1560665
0.1474216
0.1450994
0.1526122
0.1379033
0.1537079
0.1621649
0.146761
0.1368412
0.1468539
0.1717956
0.1430727
0.1458072
0.1280313
0.136287
0.1296801
0.1205282
0.1219197
0.1546812
0.13099
0.1298742
0.1395128
0.1117663
0.1427496
0.1387664
0.1656733
0.1555949
0.1589191
0.1541047
0.1675068
0.148998
0.134243
0.1575395
0.1476215
0.1565004
0.1481398
0.1625035
0.1581206
0.1708739
0.1450873
0.1474755
0.1783767
0.1643715
0.1658349
0.1733941
0.1638289
0.1554526
0.1441924
0.1639327
0.1404333
0.1371944
0.1613979
0.1624136
0.1398098
0.1643409
0.175722
0.1603687
0.156425
0.1452884
0.1138106
0.1341309
0.1547733
0.1219491
0.1595096
0.1427037
0.1482784
0.1603609
0.1505012
0.1280134
0.140657
0.165868
0.1800706
0.1447654
0.1322047
0.1278524
0.1438471
0.128931
0.1472828
0.1574491
0.141469
0.1790807
0.186015
0.172024
0.2086612
0.1872478
0.1830448
0.2162035
0.1952452
0.162698
0.1929535
0.1516318
0.1600361
0.182211
0.1777698
0.202235
0.1827017
0.148349
0.1720145
0.2014654
0.1555621
0.1832463
0.1707167
0.1755971
0.1718645
0.1633715
0.1777816
0.1574907
0.1530759
0.1659011
0.1661006
0.164265
0.1714203
0.1398847
0.1314996
0.1547074
0.1576035
0.1361746
0.1663065
0.160002
0.1368016
0.1525196
0.1515213
0.1644533
0.1805447
0.1598109
0.1709942
0.1724962
0.1650306
0.1650451
0.1508701
0.1588351
0.1956656
0.1539848
0.1963022
0.1649199
0.1517146
0.1800541
0.1207145
0.1613661
0.13333
0.1658191
0.1373818
0.1285039
0.1512339
0.1922795
0.1705805
0.1651204
0.1746252
0.1766629
0.1670458
0.1356481
0.1447178
0.1507697
0.1585805
0.1482251
0.15389
0.1449042
0.126402
0.147361
0.1498222
0.1501715
0.1764359
0.1522298
0.1615965
0.1441514
0.1775595
0.1395219
0.1508391
0.2029947
0.1720696
0.1865055
0.1849866
0.2085838
0.1639955
0.1793423
0.1697732
0.1753756
0.1711134
0.1817444
0.1734402
0.1705699
0.1493329
0.1710576
0.1680503
0.1699073
0.1499182
0.1459235
0.1504038
0.1586375
0.1504377
0.1461158
0.1538678
0.1400957
0.1679333
0.1389095
0.175783
0.1738585
0.1654876
0.1657368
0.1548999
0.1571905
0.1555487
0.1549813
0.1391041
0.1294019
0.1384683
0.1583711
0.1539455
0.1456134
0.1661653
0.1622258
0.160818
0.1672945
0.1538233
0.1379263
0.1692977
0.18726
0.1611844
0.1670111
0.1408748
0.1430086
0.1407468
0.1375291
0.1642087
0.1690418
0.1716579
0.1638788
0.1882102
0.176933
0.1655238
0.1578296
0.1499497
0.1549839
0.1689949
0.1849569
0.1541895
0.1620322
0.1775267
0.1611942
0.1665349
0.1724685
0.1664511
0.159665
0.1600267
0.1736416
0.1827284
0.1859856
0.1873718
0.1650882
0.1896226
0.1768177
0.1612124
0.1640949
0.1702252
0.1556162
0.1466195
0.133183
0.1384381
0.1545688
0.1505258
0.1733562
0.1787022
0.1663281
0.1580605
0.1651214
0.1629181
0.171218
0.1740464
0.1780282
0.1827904
0.1833062
0.1570373
0.1688157
0.1446743
0.1530128
0.1938952
0.1859094
0.1728242
0.1508643
0.1581858
0.1605283
0.1800169
0.1867924
0.1575975
0.15771
0.204491
0.1953462
0.2010784
0.1798839
0.1788335
0.1926692
0.1703448
0.1830077
0.1880365
0.1752882
0.1873783
0.1798662
0.1732171
0.1829996
0.1818934
0.2070306
0.2104379
0.1611269
0.1669412
0.178734
0.179621
0.1904696
0.1674855
0.157701
0.1630727
0.1769878
0.1655236
0.1532395
0.1355705
0.1990056
0.1667372
0.1765472
0.1627693
0.1579191
0.1481516
0.1431115
0.1572568
0.1513651
0.1308206
0.1539152
0.1579332
0.1454111
0.1580116
0.1644688
0.1575781
0.1538865
0.159386
0.177331
0.1617472
0.1651068
0.1713457
0.1680368
0.1657399
0.1889231
0.1705349
0.1679026
0.1557801
0.1451633
0.1624005
0.1637709
0.1750831
0.1391531
0.1514179
0.1581195
0.1547969
0.1503921
0.1506746
0.1442821
0.1612483
0.147056
0.1368839
0.1629643
0.1523645
0.1598271
0.1655296
0.1572274
0.156189
0.1453392
0.1626578
0.1525024
0.1478167
0.1633998
0.1294311
0.1308126
0.1576268
0.1428291
0.1366275
0.1547164
0.1396068
0.1423483
0.1825995
0.179048
0.1805632
0.1607108
0.1603538
0.1693046
0.1439569
0.1784155
0.1848833
0.1712755
0.1550106
0.1642677
0.1592203
0.1711001
0.1703888
0.1634859
0.1622207
0.1414405
0.15813
0.1533529
0.17496
0.1512812
0.1806278
0.1902695
0.1914539
0.1585391
0.1683545
0.1629371
0.1813088
0.1297138
0.1450284
0.164266
0.1647305
0.1403708
0.1589129
0.1631287
0.1493669
0.1293329
0.137087
0.1714253
0.1491475
0.150669
0.1383447
0.1734863
0.1658986
0.1208938
0.1374933
0.1412161
0.1418589
0.1331876
0.142992
0.1308677
0.1422209
0.1520277
0.1218218
0.138685
0.1313159
0.1385398
0.1364851
0.1648516
0.1470435
0.1353032
0.1404862
0.1287664
0.1383256
0.1403491
0.1178172
0.1413276
0.1323654
0.1383762
0.144875
0.1415272
0.1467142
0.1514343
0.1642019
0.1476028
0.1489196
0.127677
0.1318776
0.1419986
0.1584485
0.1441232
0.1327665
0.1382626
0.1506936
0.1516387
0.145325
0.149676
0.1906132
0.1481101
0.1372457
0.1319808
0.1331086
0.1442596
0.1360578
0.1402058
0.1272916
0.1385203
0.1445467
0.1552387
0.1376243
0.1407497
0.1204044
0.1385446
0.1326649
0.1339239
0.1289245
0.157243
0.1348429
0.1417148
0.1455211
0.144106
0.1462401
0.1628394
0.1381391
0.1566423
0.1326825
0.1464164
0.1349393
0.139093
0.1256912
0.1591112
0.1250131
0.1471938
0.1346675
0.1310856
0.1466476
0.161137
0.1584467
0.1573629
0.1520553
0.1304498
0.136523
0.1562658
0.1475315
0.1285038
0.16367
0.1672418
0.1496218
0.1626863
0.1593543
0.1622966
0.1554592
0.1675375
0.1549239
0.1553661
0.1725298
0.1496778
0.1586857
0.1661738
0.1445938
0.1598866
0.1469322
0.1735517
0.1661168
0.1769569
0.1527156
0.1532702
0.1605524
0.1757441
0.1434665
0.1502324
0.1764635
0.1799228
0.1934531
0.1711284
0.1795793
0.1776721
0.1670756
0.182604
0.2042714
0.1824581
0.1537006
0.1483937
0.1325816
0.156222
0.19358
0.1752904
0.1741374
0.1823812
0.1512437
0.1402462
0.1296595
0.148858
0.1658945
0.1638476
0.1729511
0.1688744
0.1784523
0.1877517
0.1877743
0.1955657
0.1817308
0.1724927
0.1534048
0.1600128
0.1851835
0.1556585
0.1792567
0.1763932
0.1556381
0.1545336
0.1671112
0.173381
0.1725198
0.1835219
0.1835156
0.1791395
0.1765424
0.1934161
0.1780393
0.1784516
0.1957262
0.1968066
0.1695899
0.1734801
0.1442467
0.1487838
0.1816949
0.179752
0.1671317
0.1941154
0.1603085
0.1484994
0.1594054
0.1546566
0.1667482
0.1685957
0.1623416
0.1731561
0.1899206
0.1630377
0.1637926
0.1608678
0.1661705
0.1743759
0.1665978
0.182491
0.1733654
0.1634441
0.164822
0.1696664
0.1880769
0.1759002
0.1823623
0.171925
0.1834088
0.1788851
0.1569648
0.1628693
0.1613102
0.161346
0.1562995
0.1659937
0.166081
0.1640663
0.1778757
0.1618264
0.1502646
0.1705556
0.1623924
0.1493688
0.1508995
0.1764027
0.153003
0.1543978
0.17187
0.1715646
0.1440409
0.1627242
0.1753867
0.1525546
0.1770821
0.1744848
0.1568615
0.1499072
0.1669433
0.1363449
0.1823618
0.180178
0.1715198
0.1724567
0.1654301
0.181505
0.1826578
0.1711461
0.187511
0.1580929
0.168758
0.1679556
0.171336
0.1719511
0.1626546
0.1708459
0.1674954
0.1533434
0.1448936
0.1574772
0.1670915
0.1694811
0.1529226
0.1483911
0.1690042
0.1768466
0.1553107
0.1687621
0.1562427
0.1657623
0.1513917
0.1266414
0.1629916
0.1800235
0.185415
0.1676635
0.1766148
0.1626241
0.194271
0.2014748
0.1583906
0.1788036
0.1672044
0.1866695
0.1620954
0.1787184
0.1825439
0.1947253
0.1962449
0.1919257
0.2058177
0.1842742
0.1973817
0.1625742
0.177432
0.1715754
0.166729
0.1984811
0.1777387
0.1694063
0.177126
0.1657888
0.1870507
0.1690842
0.1436094
0.1654884
0.1849
0.1915916
0.1882016
0.2190992
0.1817103
0.2015956
0.1878415
0.1821303
0.1637953
0.1745261
0.1427859
0.1463007
0.1419753
0.1715151
0.1577268
0.1797129
0.1986207
0.1817939
0.1987063
0.1628356
0.1861091
0.185512
0.179794
0.179498
0.1714267
0.1865751
0.2048589
0.1930138
0.1755772
0.1472836
0.1507128
0.1715391
0.1506098
0.1717158
0.1642386
0.1323877
0.1301505
0.1589276
0.1538612
0.1302836
0.154772
0.1412874
0.146617
0.1602365
0.1609579
0.1540576
0.1466141
0.1301632
0.1314195
0.1491846
0.1494838
0.1286346
0.1349488
0.1503018
0.1619144
0.153107
0.157782
0.1621933
0.1892891
0.1922307
0.1547387
0.1478457
0.1448671
0.1587881
0.1400511
0.1655084
0.1635831
0.1461819
0.1482442
0.1505248
0.157077
0.1744651
0.1777666
0.1749572
0.1538121
0.1524777
0.1661645
0.1543979
0.1715485
0.1424311
0.1283596
0.1438796
0.1158213
0.1381184
0.1627064
0.1603523
0.1542984
0.1687811
0.1593163
0.1719059
0.1363827
0.1377602
0.1422627
0.1223101
0.1310799
0.1371507
0.1332135
0.1582743
0.1484569
0.15264
0.1442482
0.1212676
0.1598784
0.1475172
0.1335903
0.1371726
0.1542974
0.1614151
0.1480384
0.155935
0.1770677
0.1630822
0.1617532
0.1611584
0.1589601
0.1577387
0.1420157
0.1624438
0.1510617
0.1507576
0.1343248
0.1397934
0.1575484
0.1375976
0.1464479
0.133561
0.1620751
0.1526734
0.1668651
0.1700921
0.1706982
0.1576057
0.1760615
0.168471
0.1743319
0.1496857
0.1424976
0.1479379
0.1538562
0.1462516
0.1474649
0.1432705
0.1566087
0.1523936
0.1545366
0.1561826
0.1555561
0.1634672
0.1293201
0.1529201
0.1548496
0.1559523
0.1476734
0.1462827
0.1383074
0.1719855
0.1377834
0.1649027
0.1587205
0.1516746
0.1550688
0.1436453
0.1661064
0.1625178
0.1581062
0.1569728
0.1423906
0.1553301
0.1343057
0.1305683
0.1452515
0.1460113
0.1321782
0.1327187
0.1368166
0.1400932
0.128792
0.13474
0.138548
0.1524143
0.1251656
0.121558
0.1310426
0.1297186
0.1527332
0.1605322
0.1562089
0.1820669
0.1728195
0.175679
0.1757079
0.1672572
0.1333448
0.1698178
0.1895304
0.1695566
0.177166
0.1831974
0.1600918
0.1466785
0.1682861
0.1876447
0.1885872
0.1683915
0.1783267
0.1712234
0.1474033
0.1598655
0.1628548
0.1603928
0.1301296
0.1417433
0.1696974
0.1468749
0.1667555
0.1653993
0.1621117
0.1555558
0.179245
0.149217
0.1553007
0.1412064
0.1398702
0.1533719
0.1769467
0.1711152
0.1750428
0.1343648
0.1573364
0.174486
0.1828911
0.1578649
0.1701748
0.1616477
0.1739734
0.1462293
0.1434121
0.1334569
0.1384285
0.1507484
0.1695397
0.1532912
0.1756838
0.1709301
0.1666827
0.1833564
0.1863342
0.1487931
0.1725974
0.1708355
0.1855063
0.1602037
0.1660102
0.1665106
0.1798462
0.1501033
0.1531635
0.1577205
0.1703486
0.1937885
0.1842409
0.1572845
0.1926991
0.1549221
0.1746639
0.1706183
0.1808716
0.1898946
0.1855829
0.1684444
0.1778437
0.1982505
0.1677153
0.1541794
0.1478442
0.1717453
0.1518676
0.1399199
0.1443993
0.153324
0.1501267
0.1862085
0.1813813
0.1739602
0.1628479
0.1482069
0.1655273
0.1494688
0.1209106
0.1559863
0.1542859
0.1626156
0.1422743
0.1416888
0.1300449
0.1402244
0.1275713
0.1622581
0.1513391
0.1663117
0.1395169
0.163631
0.1264137
0.1389489
0.1402155
0.1396371
0.1329103
0.1385796
0.1379536
0.1494914
0.174916
0.1619607
0.1589346
0.1597418
0.1803522
0.1690637
0.1621902
0.159945
0.1272747
0.1872991
0.1372442
0.1374642
0.145249
0.124924
0.1271893
0.1401979
0.1255138
0.1263656
0.1352794
0.128319
0.1363395
0.1380493
0.1195401
0.1570012
0.1568571
0.1642342
0.1647626
0.1654805
0.1475946
0.1529618
0.1460266
0.1367521
0.1390348
0.1513586
0.1464403
0.1440448
0.1572911
0.1428336
0.1750604
0.1474596
0.1344865
0.1552381
0.1765243
0.184544
0.1784095
0.1509134
0.1532028
0.1604586
0.1799904
0.1732179
0.1534423
0.1743913
0.1460974
0.197473
0.1632281
0.1692311
0.1410052
0.1492502
0.1876275
0.1519253
0.1575998
0.1759733
0.1677702
0.1697344
0.1690092
0.1448625
0.1200019
0.1824638
0.1417062
0.138585
0.1451725
0.1327292
0.1373376
0.1379964
0.121983
0.1407731
0.1524881
0.1437292
0.1540998
0.1310584
0.1233284
0.1331034
0.1309182
0.1364248
0.1414219
0.1344034
0.1280895
0.1379425
0.1492966
0.1405763
0.1269576
0.1293411
0.1318877
0.1301397
0.1340868
0.1281275
0.1292364
0.1403756
0.1407841
0.1316516
0.119862
0.1444423
0.1555622
0.1275358
0.132056
0.1337007
0.1522461
0.1575866
0.1282991
0.1358015
0.1421468
0.1389406
0.1490739
0.1536504
0.1464513
0.1450666
0.1478505
0.1495548
0.1358774
0.1374391
0.1582292
0.1490736
0.1618716
0.1528314
0.1463472
0.1682879
0.1378555
0.1661246
0.1644277
0.1473196
0.1411512
0.1560808
0.1396077
0.1676139
0.1782854
0.1973403
0.1649609
0.1829562
0.1717139
0.1952217
0.1423276
0.19394
0.1849194
0.1480716
0.1708882
0.1921459
0.2108991
0.1751743
0.1738525
0.1600598
0.1609461
0.1570707
0.1554623
0.1465053
0.1582811
0.1788771
0.1613685
0.1619428
0.1403663
0.1747035
0.1512091
0.1609091
0.1565923
0.1267666
0.1532833
0.1574834
0.1442319
0.1478059
0.1483914
0.1456771
0.1461601
0.1469067
0.1437192
0.1425083
0.1640934
0.1703535
0.1612775
0.1498149
0.140889
0.1390901
0.14167
0.1357084
0.1483858
0.1548104
0.166817
0.1551713
0.125889
0.1454333
0.1320406
0.1408534
0.1341034
0.1505449
0.1440711
0.1531311
0.1523003
0.1493869
0.153473
0.1675967
0.1524602
0.1529018
0.1617244
0.1336939
0.1607927
0.1610021
0.1503593
0.15173
0.1788403
0.1391735
0.1370111
0.1763858
0.1601086
0.1545963
0.1440921
0.1538962
0.1306721
0.1470293
0.1456142
0.1459849
0.1714154
0.1601859
0.1586709
0.1476908
0.13067
0.1346611
0.1274208
0.1198416
0.1184007
0.1431646
0.1447279
0.1318732
0.1240363
0.1428185
0.1230951
0.1470439
0.1620525
0.1511666
0.1351533
0.1705744
0.1458022
0.1423479
0.1424631
0.1647866
0.1495765
0.1379063
0.1444589
0.1436843
0.1561201
0.1384534
0.1472539
0.1727031
0.1466022
0.1683549
0.1574586
0.1542118
0.1756864
0.1575428
0.1432785
0.1551156
0.1522698
0.1510602
0.1388738
0.1285415
0.1409359
0.1480609
0.1669233
0.1892323
0.1599153
0.1700888
0.1608755
0.1719409
0.1586196
0.1521527
0.1592022
0.1907098
0.1753331
0.1500757
0.1761679
0.1657701
0.1716026
0.16448
0.1496793
0.1627513
0.1724409
0.1600806
0.1871067
0.1529694
0.1540237
0.1657749
0.159548
0.1348662
0.1436241
0.157257
0.137268
0.1672902
0.141951
0.1378157
0.1382046
0.1278929
0.1338808
0.1289972
0.1300641
0.142042
0.1321084
0.1283382
0.1526666
0.1402719
0.1385922
0.154576
0.1804285
0.1669738
0.1666441
0.1851048
0.16673
0.1726332
0.1802636
0.1721921
0.1520316
0.18998
0.1375026
0.1867196
0.1832325
0.1631059
0.1628764
0.178717
0.1613582
0.1788565
0.1572501
0.1663962
0.1599931
0.1723333
0.1612926
0.1727153
0.1734414
0.1658411
0.167848
0.1758478
0.1459915
0.158123
0.1514263
0.1448513
0.1470218
0.184431
0.1775735
0.1568339
0.1319466
0.1488395
0.1300698
0.1563249
0.1689289
0.1808829
0.1633635
0.1450105
0.1306971
0.1130602
0.1579276
0.1663685
0.155514
0.1709476
0.1372669
0.1418232
0.1259958
0.1282855
0.156196
0.1392514
0.1491316
0.1434877
0.1289357
0.1579807
0.1595493
0.1300652
0.1240544
0.1557251
0.1526264
0.1709701
0.1376699
0.1132588
0.1309378
0.1465749
0.1267171
0.1291825
0.1433361
0.1370927
0.128818
0.1223794
0.1450927
0.1505123
0.1352798
0.1558106
0.1568478
0.1435443
0.1400014
0.154609
0.1422398
0.1522125
0.1557603
0.1672204
0.1678139
0.1704271
0.1439571
0.1753471
0.1774472
0.1672718
0.1743921
0.1802333
0.1681091
0.1717515
0.1622599
0.1767113
0.1820247
0.1420617
0.1437715
0.1681986
0.1610916
0.1462604
0.1349098
0.1513977
0.144441
0.1296902
0.1497802
0.1508767
0.1398109
0.1363062
0.1515709
0.1649766
0.134733
0.1558948
0.137792
0.1571922
0.16744
0.1435759
0.1490869
0.1509273
0.1478318
0.1427729
0.1295443
0.1215476
0.1530874
0.1416894
0.1717022
0.1217582
0.1317629
0.1514169
0.1537629
0.1645137
0.1415078
0.1550957
0.1592512
0.1302336
0.1191767
0.1597345
0.1334462
0.1242048
0.1407629
0.1533678
0.127387
0.1499384
0.1345495
0.1407485
0.128076
0.1382664
0.1371212
0.1208622
0.154387
0.183909
0.1803799
0.1617233
0.14521
0.1464087
0.1597792
0.1551884
0.15455
0.154574
0.1425509
0.1808249
0.2016278
0.1718331
0.1738922
0.1593712
0.1564904
0.1844981
0.1678433
0.1765514
0.1790749
0.155244
0.1527745
0.1515042
0.179647
0.150947
0.1932389
0.1456587
0.168808
0.1670685
0.2103594
0.1883034
0.1678374
0.1600773
0.1812723
0.1571893
0.1937076
0.1696115
0.1669774
0.1783344
0.1801172
0.1389183
0.149101
0.1337018
0.1551325
0.1392134
0.1247376
0.1622491
0.1551573
0.138601
0.1154576
0.1347252
0.1459074
0.1396519
0.1394178
0.1378157
0.1719467
0.1575368
0.1724732
0.173858
0.1707829
0.1938179
0.1772928
0.1818004
0.1801333
0.1616077
0.1877674
0.1733325
0.1737213
0.1564589
0.1553966
0.1510081
0.1537355
0.1354946
0.1401535
0.1329942
0.1477346
0.1723
0.1596877
0.1159682
0.1231054
0.1302883
0.1256471
0.1313028
0.1177251
0.1384928
0.1496288
0.1353435
0.1424567
0.1345095
0.1604646
0.1279667
0.1687763
0.1682906
0.1740099
0.1781634
0.1551507
0.1515762
0.1470258
0.15633
0.1494088
0.1336367
0.1619318
0.1530158
0.1456839
0.1526787
0.1321605
0.1306063
0.1445938
0.1298425
0.1296111
0.1127791
0.1267083
0.1221587
0.1503678
0.1297081
0.1544984
0.1631503
0.1901288
0.1680965
0.1587378
0.1695317
0.1580607
0.1416249
0.1578842
0.1484605
0.1279863
0.188987
0.1357904
0.1308854
0.1291377
0.161469
0.1498976
0.1441155
0.1232035
0.15488
0.1328277
0.166566
0.1624523
0.1752865
0.1515596
0.1362236
0.1407841
0.1304199
0.1528285
0.1381929
0.1704582
0.1436196
0.1435299
0.1417037
0.1600877
0.1446363
0.1601221
0.1422423
0.1513609
0.1736914
0.200051
0.1444053
0.1564173
0.1517733
0.1586505
0.1600975
0.1559915
0.1500176
0.1595645
0.1695432
0.1475209
0.1651369
0.1477139
0.1503488
0.1402133
0.1408541
0.1568085
0.1426382
0.136316
0.155282
0.1422751
0.1574063
0.1402423
0.139498
0.146536
0.168364
0.1767633
0.1619557
0.170254
0.1619547
0.171294
0.1420565
0.1581616
0.1600885
0.1669237
0.1619305
0.1679368
0.1481262
0.1280174
0.1482202
0.1399087
0.1957169
0.1402537
0.1570055
0.1912036
0.169057
0.1454439
0.1431362
0.141103
0.1642582
0.1473611
0.1635139
0.1624085
0.1681015
0.1644273
0.1546174
0.1585579
0.1629408
0.1795777
0.1764062
0.170324
0.2189134
0.1922595
0.1785788
0.1242592
0.1587491
0.1683844
0.1622099
0.1640141
0.1476386
0.1609693
0.1626946
0.1474997
0.1541583
0.1423732
0.1758518
0.1695839
0.1582338
0.1716458
0.1567408
0.1555095
0.1765497
0.1543965
0.1657201
0.1189351
0.1499783
0.1482687
0.1630574
0.1575039
0.1441587
0.1559358
0.1560608
0.1368205
0.1402125
0.1472136
0.1592858
0.1389681
0.1554724
0.1348644
0.1478821
0.1265153
0.1808203
0.1525376
0.1586139
0.1684143
0.1511686
0.166718
0.1477148
0.1585487
0.1527724
0.1669096
0.1434778
0.1674006
0.1377358
0.1739981
0.1789369
0.1729206
0.1422262
0.152094
0.1466356
0.1716726
0.1501387
0.1800231
0.1467133
0.1619664
0.1442763
0.1666996
0.1427587
0.162935
0.1404338
0.1505968
0.1682824
0.1689159
0.1450735
0.1662529
0.1542828
0.1458589
0.1501987
0.1394873
0.142723
0.1578079
0.1541537
0.140714
0.167032
0.1608768
0.1525241
0.1467243
0.1568444
0.1709724
0.1534833
0.1467064
0.146185
0.1521011
0.1426955
0.1443175
0.1610047
0.1382255
0.1634805
0.1303504
0.1414127
0.1584657
0.1336404
0.1216412
0.1358799
0.1212801
0.1397917
0.1456707
0.16184
0.1783512
0.1716119
0.1565526
0.1473979
0.159151
0.1333355
0.1201426
0.1440342
0.1208178
0.145648
0.1332854
0.1374514
0.129022
0.1426422
0.124491
0.1441359
0.1313153
0.114487
0.135984
0.1271085
0.1519256
0.1323491
0.1312836
0.1139568
0.1229488
0.1295291
0.1209456
0.1488674
0.1454525
0.1380481
0.1284304
0.1430254
0.1370512
0.120049
0.1505094
0.1268646
0.1335664
0.1630197
0.1625334
0.1583559
0.1425865
0.1487905
0.1741623
0.1801007
0.1482755
0.1468849
0.1447654
0.1393472
0.1360163
0.1216073
0.1277551
0.1374987
0.1744288
0.1559978
0.1434022
0.1387602
0.1580102
0.1359589
0.1703325
0.1535796
0.1707486
0.1696034
0.1634808
0.1723182
0.1670413
0.1713271
0.1643594
0.1858094
0.1492495
0.1710963
0.1664736
0.1611402
0.1816793
0.1688254
0.1579273
0.1639327
0.1551142
0.1543294
0.1594395
0.1691906
0.1607722
0.1559624
0.1583776
0.1701484
0.1578244
0.1848717
0.1703491
0.1538599
0.156834
0.1581998
0.1659776
0.1579852
0.1596401
0.1760985
0.1510744
0.1536442
0.1456277
0.1295547
0.1557291
0.1432864
0.1474338
0.1621868
0.1585244
0.1619036
0.1602422
0.1514148
0.1441401
0.1455937
0.1432479
0.1423345
0.1316431
0.1476667
0.1454592
0.1485196
0.1407185
0.1592941
0.1449427
0.1655847
0.1449293
0.1699726
0.1442605
0.144033
0.1349704
0.1467685
0.1380392
0.1455618
0.1388209
0.1416293
0.1458843
0.161243
0.1603569
0.1378747
0.1387803
0.1671215
0.1478829
0.1356584
0.1429765
0.1766277
0.1503693
0.1554766
0.1670275
0.1305052
0.1518067
0.1509979
0.1444103
0.151153
0.1602585
0.1631856
0.1443484
0.1482777
0.1473663
0.1418387
0.1464937
0.1591991
0.1663355
0.1663944
0.1654768
0.1515806
0.1551787
0.1562084
0.1516237
0.1376289
0.1521417
0.1358283
0.1412799
0.1569882
0.1361958
0.138115
0.1397734
0.1591722
0.1347888
0.142593
0.1656111
0.1399799
0.1443965
0.1538228
0.1891752
0.143072
0.113614
0.1392623
0.1449919
0.1517885
0.1355172
0.134976
0.1449115
0.1334297
0.1393032
0.1489149
0.1435726
0.1693806
0.1598408
0.1622273
0.1331055
0.1447075
0.1430878
0.1477994
0.1324284
0.1584074
0.1216322
0.1331566
0.1286967
0.1459009
0.1472119
0.1600158
0.1558151
0.157561
0.1538155
0.1586891
0.158328
0.1637093
0.159169
0.1574184
0.1596286
0.134561
0.1297543
0.1403847
0.1222113
0.130732
0.1356044
0.1269213
0.1367697
0.119404
0.1360809
0.1671269
0.1498036
0.1342529
0.173851
0.1582248
0.1427897
0.1642994
0.1938207
0.1632231
0.1622835
0.1747742
0.1628849
0.1486029
0.1516309
0.1669273
0.132165
0.1597841
0.1740439
0.1552851
0.1502417
0.1694831
0.1489048
0.1836369
0.1528265
0.1706796
0.1780682
0.1529575
0.1503385
0.1505198
0.1722869
0.128681
0.1531616
0.1334407
0.1462262
0.1384318
0.1391835
0.1193334
0.1292034
0.1312975
0.1173038
0.1030054
0.1237932
0.1333739
0.1208411
0.1352769
0.1343994
0.1189127
0.1387875
0.1449696
0.1514905
0.1438494
0.1340485
0.1348392
0.1472938
0.1356274
0.1358793
0.1516965
0.1564773
0.1474567
0.1684209
0.1397529
0.1288203
0.1602392
0.1253659
0.1472249
0.1600959
0.1531898
0.1644063
0.1517
0.167832
0.1612553
0.1524671
0.1421454
0.1320778
0.1396226
0.1607189
0.1643569
0.1401718
0.1621152
0.1334344
0.1499319
0.162173
0.1687367
0.145667
0.1471144
0.1339697
0.1383045
0.1466583
0.1458845
0.1625124
0.1336081
0.1536795
0.1416733
0.1479396
0.1506381
0.1698181
0.1616452
0.1586643
0.1515634
0.1324377
0.1426679
0.1563103
0.1456387
0.1599051
0.1630858
0.1595027
0.1633028
0.1627843
0.1415143
0.1580113
0.1558415
0.1769539
0.1680026
0.1385386
0.1686624
0.1704189
0.1822067
0.1562918
0.1474438
0.147588
0.1470435
0.1126077
0.1296697
0.1326478
0.1370726
0.1320073
0.1333998
0.1264639
0.1522182
0.1260579
0.1613598
0.1344803
0.1359348
0.1646836
0.149072
0.1551959
0.147349
0.1481065
0.1357638
0.1368023
0.1477882
0.1358644
0.1536311
0.151089
0.1414961
0.1425842
0.1440271
0.1387078
0.1344049
0.1476068
0.149688
0.1616769
0.138336
0.1339116
0.1586159
0.1373831
0.1389742
0.1532548
0.1647474
0.1627492
0.1487938
0.1497694
0.1432881
0.1373469
0.1483948
0.1628157
0.1246557
0.1210366
0.1204805
0.1250656
0.1332895
0.1239107
0.1173608
0.1123792
0.1064033
0.1241777
0.1289217
0.1153975
0.128199
0.1226229
0.1376282
0.1326925
0.1555052
0.1276613
0.1387753
0.1358426
0.1359558
0.1174771
0.1305474
0.1391996
0.1307266
0.1350008
0.1242756
0.1605007
0.1232609
0.1279888
0.1334132
0.1230949
0.1398944
0.1136872
0.1238335
0.092891
0.1194797
0.1048907
0.1073801
0.1034029
0.1024047
0.1076887
0.1242758
0.1274042
0.1312396
0.108181
0.114401
0.1293418
0.1049198
0.1092375
0.1037191
0.1086286
0.117438
0.1234
0.1281643
0.1416485
0.1361582
0.1598365
0.1330275
0.1659509
0.1491272
0.1317932
0.1172325
0.1231298
0.1155509
0.1491485
0.1282585
0.1226499
0.1490306
0.1423445
0.1259115
0.1545732
0.1321572
0.1304465
0.1593455
0.1597558
0.1459778
0.142715
0.14616
0.1314355
0.1368038
0.1688935
0.1402446
0.143717
0.1596946
0.1568066
0.1630752
0.1654394
0.1555571
0.155557
0.1598089
0.1515127
0.1390681
0.1443519
0.1497811
0.135956
0.1494476
0.1378815
0.1711044
0.1505301
0.1499835
0.1513723
0.1352691
0.1491182
0.1472169
0.135131
0.1364316
0.152793
0.1397836
0.1359553
0.1426044
0.1400726
0.147031
0.1443687
0.1382772
0.1192383
0.1638575
0.1339377
0.1465304
0.1449248
0.1543817
0.1572893
0.1454158
0.1586829
0.1454711
0.1739081
0.1536231
0.1796055
0.1602521
0.15741
0.178692
0.1848731
0.1536471
0.1549014
0.1526774
0.1664662
0.1483099
0.1584831
0.1538486
0.1474744
0.1657436
0.1691356
0.1534654
0.1521464
0.1615872
0.1584165
0.1513164
0.1385556
0.1535899
0.1429136
0.1396653
0.1691219
0.1484729
0.1420355
0.1436685
0.1374545
0.1378073
0.1542484
0.1617008
0.1534468
0.1624225
0.1650323
0.1574563
0.1627375
0.1614279
0.1562745
0.1661354
0.1504853
0.1348433
0.1466291
0.138167
0.1335228
0.1206254
0.1639385
0.1654714
0.1480376
0.1475838
0.1716605
0.1351055
0.1430502
0.1333885
0.1416736
0.1687801
0.1386928
0.1420639
0.1365509
0.1325238
0.1732749
0.164876
0.1538037
0.156095
0.149195
0.1545301
0.1462058
0.1709294
0.1475163
0.1568632
0.1501702
0.1559765
0.1266669
0.1470683
0.1475511
0.1292845
0.1538575
0.1306542
0.1635437
0.1376468
0.1592058
0.1518225
0.1549857
0.1395435
0.1612354
0.1486058
0.1516548
0.155757
0.163226
0.1401139
0.1382367
0.1598845
0.1520369
0.134581
0.1494397
0.1312027
0.1439713
0.1633642
0.1302863
0.1510291
0.1577978
0.1619847
0.1571057
0.1495103
0.1603992
0.1323519
0.1484782
0.1416292
0.1576013
0.1427404
0.1520275
0.1635422
0.1443879
0.1543079
0.1166019
0.1436024
0.1527748
0.1477008
0.1716736
0.1396227
0.137515
0.1457816
0.1397836
0.1350348
0.1381039
0.1463273
0.1369202
0.1325057
0.1404003
0.1546432
0.1379622
0.1647723
0.1401601
0.145604
0.1279499
0.1591529
0.137817
0.1564279
0.1297652
0.148591
0.1517514
0.1507795
0.1566785
0.1570007
0.1692249
0.1738155
0.1729251
0.1745194
0.1646515
0.1874302
0.1788665
0.1492775
0.1590228
0.1668821
0.1968248
0.1840242
0.1785231
0.1787479
0.1957327
0.1792114
0.1606898
0.1603363
0.1713025
0.1851687
0.1912165
0.1862944
0.2031175
0.1923102
0.1855528
0.200033
0.1971998
0.1767355
0.202703
0.1808401
0.2121289
0.1777065
0.1888606
0.185373
0.1898178
0.1562836
0.1798016
0.1705323
0.1592162
0.1857814
0.172093
0.1599212
0.1675255
0.1687434
0.154279
0.1721455
0.1733109
0.1752964
0.1791172
0.1936108
0.1664735
0.1800356
0.1477523
0.2030474
0.1840798
0.1901712
0.180631
0.1896277
0.1834337
0.1898686
0.2176909
0.2003984
0.1790604
0.2036734
0.1776385
0.1875722
0.2155364
0.2037937
0.1931302
0.1953819
0.1699429
0.1625665
0.1652499
0.1674134
0.1595997
0.1714474
0.1828087
0.1586598
0.1954325
0.164124
0.2164282
0.2135676
0.1717351
0.1940408
0.1896465
0.1896392
0.2023517
0.2158523
0.182094
0.1810496
0.1870152
0.2046554
0.1943676
0.1952582
0.1874429
0.1944487
0.1889928
0.1695044
0.197411
0.1811759
0.1640247
0.1720961
0.1673877
0.1899272
0.1805068
0.1643678
0.2047896
0.1632677
0.1734384
0.1699836
0.1637858
0.1587291
0.1753557
0.1674558
0.1654641
0.1651081
0.1812817
0.1580138
0.191052
0.1799692
0.1623201
0.1850097
0.1856694
0.1909264
0.2006754
0.1780301
0.1736159
0.1937665
0.1832439
0.1938411
0.2045986
0.2048277
0.1811167
0.1812486
0.1606864
0.1898851
0.195953
0.1896193
0.1946453
0.168868
0.1939752
0.1705654
0.1889528
0.1795561
0.1760467
0.1845372
0.1949927
0.1722639
0.171007
0.149642
0.1648218
0.1767482
0.1636929
0.1793752
0.1932521
0.1763367
0.1855971
0.1840624
0.1899351
0.1782456
0.1782924
0.1898236
0.1741713
0.1896784
0.1674869
0.1904421
0.1730374
0.1671817
0.1552609
0.1649995
0.1747288
0.1791881
0.1875254
0.1759225
0.1509577
0.1618946
0.1509308
0.1634986
0.1776022
0.1598028
0.1843764
0.1466678
0.181138
0.1600101
0.1534539
0.1716723
0.1498485
0.1466761
0.1395336
0.1648429
0.1534858
0.1645823
0.1503799
0.1844522
0.1887107
0.1732707
0.1891965
0.1615424
0.2003615
0.1720372
0.1468024
0.1242939
0.1737579
0.161943
0.1571566
0.1887125
0.1949618
0.2014536
0.1889169
0.18877
0.1828243
0.1803074
0.1715813
0.168996
0.1826492
0.1882111
0.1967652
0.2241283
0.172538
0.1745021
0.206512
0.196227
0.1814959
0.1790082
0.1982312
0.2062279
0.2180593
0.1869913
0.168377
0.1814071
0.1812659
0.1896614
0.1832136
0.1792653
0.1850412
0.1719641
0.1683433
0.1708145
0.1607196
0.1850599
0.1753136
0.1553757
0.1733414
0.1896695
0.1694161
0.1636861
0.1891838
0.1669445
0.1704875
0.1868182
0.1711049
0.1917484
0.1389283
0.1660927
0.1713831
0.1604619
0.1675222
0.1322714
0.1505723
0.173051
0.156239
0.1602189
0.1866715
0.1969446
0.1766572
0.1967821
0.1455577
0.1456885
0.1881647
0.18492
0.1732017
0.1587064
0.1652147
0.173094
0.1768138
0.1664938
0.181518
0.1780749
0.1649092
0.1641235
0.1610312
0.1446992
0.1712244
0.1667054
0.1800433
0.1888041
0.1733344
0.1409025
0.1726896
0.1679589
0.1787502
0.1846594
0.1690864
0.1693104
0.1656572
0.1629668
0.1694968
0.1540579
0.1332332
0.1835457
0.1821759
0.1831365
0.1839343
0.1806214
0.2002954
0.19528
0.2078113
0.1820351
0.1686814
0.1636602
0.1955825
0.1744783
0.177057
0.1690038
0.1938648
0.1899278
0.1829692
0.1914206
0.1840426
0.2135543
0.1780546
0.1754452
0.1876805
0.1849952
0.1708934
0.1656177
0.1944215
0.1896143
0.1971349
0.1715159
0.1784493
0.1757926
0.1641628
0.1456665
0.1604461
