0.2886671
0.2908818
0.3658939
0.3335613
0.3653454
0.3237292
0.3174939
0.3222452
0.3493806
0.3501256
0.3297842
0.3400801
0.3626163
0.3318675
0.3366397
0.3119009
0.3835741
0.3890089
0.400935
0.3982405
0.3612302
0.3535336
0.3809179
0.3770529
0.3767204
0.3678216
0.3381765
0.3642741
0.3662666
0.3643537
0.3827611
0.3354432
0.3887417
0.3647988
0.3923673
0.3692315
0.399726
0.4157714
0.4189872
0.3769956
0.3808612
0.3806531
0.3751802
0.3732595
0.3578066
0.3796313
0.3725747
0.4286184
0.3780006
0.4321237
0.37984
0.4136931
0.3908773
0.3978437
0.4068151
0.3942257
0.4178158
0.3742542
0.4349622
0.4141786
0.4174962
0.3991482
0.3778671
0.4070599
0.4118637
0.4237887
0.3949091
0.3664141
0.3390229
0.3664574
0.3947873
0.3948627
0.3539314
0.4074555
0.3932738
0.3945918
0.3897396
0.3745986
0.3448827
0.3691114
0.4252824
0.3945787
0.3707317
0.358255
0.3869412
0.3589815
0.4209414
0.4173607
0.4069459
0.4010043
0.331358
0.42059
0.3992461
0.378299
0.3830748
0.3961671
0.3621543
0.3798786
0.429147
0.4087209
0.3791789
0.3984593
0.3615389
0.3699079
0.3869915
0.3775268
0.3777988
0.3861837
0.4085097
0.3989327
0.4114204
0.4009196
0.4409986
0.4563431
0.3836441
0.3590487
0.3998555
0.4358431
0.4130583
0.4485421
0.4264785
0.4474532
0.421333
0.4568911
0.4208991
0.3996464
0.4295149
0.4107338
0.3898109
0.3539643
0.4005289
0.4441112
0.3885767
0.3694207
0.4082405
0.3406715
0.3790007
0.3891269
0.4372254
0.3584991
0.4284309
0.4323035
0.4225567
0.3909402
0.374873
0.3829689
0.3901288
0.4218446
0.3655398
0.3635015
0.3660322
0.4083167
0.3934832
0.4226431
0.3666397
0.3572184
0.3668448
0.3808084
0.3863714
0.4007753
0.3968881
0.4055072
0.4012609
0.3798143
0.37376
0.3989139
0.3884376
0.3741927
0.4144418
0.3860605
0.387215
0.3743708
0.4049284
0.3524908
0.4030508
0.33875
0.3384388
0.2765723
0.359567
0.3325657
0.3337017
0.3100118
0.3303178
0.3396542
0.3491535
0.3475724
0.3762302
0.3614324
0.3751297
0.3631446
0.3557467
0.3589205
0.3578689
0.3257619
0.2952211
0.353061
0.3351341
0.3319243
0.3433995
0.2886942
0.2981098
0.3007407
0.327571
0.3062125
0.3031778
0.2933305
0.3477409
0.3485278
0.3602813
0.3584868
0.3322177
0.3429738
0.3473617
0.3704569
0.3429284
0.3519441
0.36225
0.3650695
0.3288074
0.3131855
0.3720363
0.3526598
0.3369722
0.3137567
0.2738397
0.3346131
0.3358386
0.3575432
0.3707245
0.297609
0.3285051
0.3444348
0.3285933
0.3276585
0.3334935
0.3482729
0.3203637
0.337017
0.3753014
0.3356404
0.3403627
0.3227058
0.2970054
0.3353494
0.3023971
0.3194147
0.2985753
0.3100379
0.3204363
0.3353457
0.3518806
0.2650135
0.2736727
0.2968613
0.2405738
0.2922678
0.2551025
0.301344
0.2492046
0.3060489
0.2908261
0.2942418
0.264127
0.2951332
0.2758147
0.3395855
0.3300103
0.3194837
0.2315761
0.2684179
0.2356282
0.2663786
0.2313284
0.3198667
0.3440914
0.2946621
0.2670022
0.3123959
0.2909888
0.3022832
0.2645269
0.2766919
0.275692
0.2927436
0.2803726
0.2837183
0.3182779
0.2817093
0.2898585
0.3014809
0.2868593
0.3061393
0.292078
0.3143183
0.3232389
0.3143805
0.3255273
0.3331308
0.3014414
0.3335194
0.3061499
0.2848201
0.32234
0.3469343
0.3095812
0.3265313
0.3104488
0.285096
0.3163458
0.3174997
0.3862792
0.3183164
0.2961904
0.314121
0.3219982
0.3158832
0.3287322
0.3025985
0.3367642
0.3027006
0.3143748
0.3134247
0.2870649
0.3098364
0.2753539
0.2905088
0.3210313
0.330246
0.2917047
0.3180675
0.2968878
0.2759609
0.2805841
0.2869076
0.2848188
0.3025416
0.2923577
0.2768779
0.240144
0.297438
0.3023741
0.3311821
0.2727405
0.292445
0.3234234
0.2662956
0.3174635
0.2955977
0.3355324
0.3258772
0.3568024
0.3142745
0.3836029
0.31821
0.3368741
0.3756609
0.3389881
0.3396982
0.3238318
0.2977912
0.318872
0.3198742
0.2806892
0.3247017
0.3094035
0.2916178
0.2629868
0.286395
0.3211636
0.3441836
0.3020798
0.3360435
0.3458788
0.3318655
0.3261274
0.2924311
0.2811812
0.3247503
0.3047132
0.3464623
0.3195856
0.3308775
0.3042889
0.3220187
0.3837941
0.3782815
0.3946454
0.4594532
0.3900208
0.3922288
0.3653071
0.3346862
0.3542098
0.3505753
0.3444204
0.3023648
0.3324689
0.3375002
0.3162667
0.3417276
0.2942108
0.2928698
0.2907473
0.3049727
0.3067323
0.2773201
0.2678101
0.3177122
0.3086314
0.3148719
0.3044443
0.3147072
0.3052476
0.308289
0.3133316
0.3222777
0.3171658
0.3052536
0.3230492
0.2769826
0.3060928
0.2997137
0.2957891
0.2675214
0.2890764
0.2938212
0.3263757
0.338011
0.3068202
0.2970404
0.2690873
0.3145726
0.3119472
0.3331989
0.326948
0.2998258
0.3442659
0.3045634
0.3049865
0.3250137
0.3475089
0.3224116
0.3705115
0.3585384
0.325806
0.3156511
0.3167039
0.3223149
0.2978985
0.317463
0.3321761
0.311453
0.3334917
0.3549488
0.3685424
0.3270749
0.3315324
0.3405458
0.3436657
0.3399603
0.3333156
0.2906613
0.2948316
0.2606268
0.3151226
0.3411441
0.3591915
0.3681839
0.3455833
0.3521412
0.3789268
0.3209479
0.3881697
0.3633167
0.3949753
0.3683559
0.3413436
0.3487096
0.3217579
0.3638248
0.3262161
0.3042514
0.3393033
0.3181301
0.3614708
0.3763247
0.2915962
0.3678402
0.3670801
0.3710697
0.3749632
0.3717386
0.3396686
0.3824494
0.4056688
0.4158463
0.3575357
0.4246476
0.4081332
0.3695796
0.388173
0.412143
0.421377
0.4251394
0.3595999
0.3443863
0.3626404
0.3585283
0.3593396
0.3536333
0.3803787
0.3809288
0.3373901
0.3980073
0.3523799
0.3464509
0.3109021
0.3254012
0.3460563
0.3412635
0.4140636
0.3551921
0.3916233
0.341957
0.366703
0.3969156
0.370879
0.3131162
0.3802795
0.3688196
0.3252491
0.3985431
0.3421823
0.4092048
0.3763081
0.3234693
0.3973667
0.4179254
0.376236
0.3801102
0.3650441
0.3583538
0.3554882
0.3032452
0.3408478
0.3332134
0.3280748
0.3050099
0.3899054
0.3687035
0.4365622
0.3829941
0.3510442
0.3409576
0.3667251
0.3303946
0.4122631
0.3785297
0.3911707
0.3584976
0.3729075
0.3984773
0.4080968
0.3593986
0.3494735
0.3380219
0.3436021
0.2771677
0.3582895
0.3273038
0.266073
0.2655286
0.2754913
0.2434172
0.2979276
0.2849649
0.32551
0.3475935
0.296144
0.3481013
0.3683117
0.3620531
0.3387519
0.3219256
0.3553207
0.3240521
0.312655
0.3521501
0.3989432
0.4013603
0.3575461
0.2872138
0.2901769
0.3501061
0.2717423
0.3250601
0.3274312
0.3009125
0.3488143
0.3475367
0.3002294
0.3365493
0.3355288
0.3055975
0.2461335
0.3003269
0.3060265
0.3158632
0.296948
0.2694196
0.3039488
0.3186078
0.3548086
0.3226455
0.3274524
0.3418369
0.3244594
0.3450628
0.3312527
0.3087916
0.3594104
0.3445232
0.3831168
0.3696837
0.3888046
0.309017
0.3110451
0.3652983
0.3678639
0.3084967
0.311747
0.3981
0.3136123
0.3638196
0.3804086
0.3393083
0.2945192
0.3204639
0.3855058
0.367394
0.333919
0.3189844
0.3529676
0.4194297
0.3865559
0.3932189
0.3695175
0.3872996
0.3775208
0.343028
0.3567393
0.3285668
0.307873
0.3305774
0.3791314
0.3444936
0.3332189
0.3464303
0.3314706
0.3216405
0.3899519
0.3520575
0.3040564
0.4211045
0.3750909
0.3891262
0.34909
0.3670113
0.3503404
0.3733003
0.3801676
0.325453
0.3119678
0.3810017
0.3297366
0.3393051
0.3593684
0.3491649
0.3445915
0.3754768
0.3099121
0.3694249
0.3129098
0.3449913
0.2694838
0.285038
0.4056577
0.3227187
0.37389
0.3335733
0.3796985
0.3277017
0.3035819
0.3143812
0.3263569
0.2725636
0.3264761
0.2845394
0.3405356
0.3689002
0.3530258
0.3205549
0.3945793
0.3548619
0.3287614
0.3235331
0.3168623
0.3409362
0.3372704
0.3510874
0.3501258
0.3374848
0.3737139
0.3290793
0.3415533
0.2506401
0.2234564
0.2558879
0.212813
0.2168056
0.2359138
0.2296279
0.2267455
0.2547031
0.2368556
0.2378518
0.2277555
0.22286
0.2287094
0.2342627
0.2309835
0.2315745
0.2230598
0.2318402
0.2658309
0.235896
0.2539713
0.2526308
0.2282702
0.2213918
0.2483031
0.2261932
0.2002795
0.2390298
0.2239139
0.2210577
0.2315814
0.2368876
0.2424019
0.2729706
0.2328712
0.2406852
0.2634649
0.2419671
0.2610537
0.2392208
0.2288109
0.2421239
0.2550087
0.2663017
0.2309879
0.2277003
0.2717592
0.2612368
0.2264298
0.2183476
0.2379296
0.2317848
0.2231925
0.2412118
0.2374829
0.2610148
0.2337785
0.2453671
0.2815348
0.2112704
0.2190767
0.2290281
0.2102032
0.2045718
0.2680075
0.232669
0.2223006
0.2037151
0.258524
0.2211037
0.2089267
0.2330296
0.2263249
0.2118949
0.2250892
0.2246774
0.2079339
0.2085366
0.1984254
0.222119
0.2274121
0.2752977
0.2439878
0.236431
0.232632
0.2061701
0.2243267
0.2205
0.218033
0.2124043
0.1776351
0.2317281
0.188537
0.194435
0.2205079
0.2177435
0.2229635
0.2049512
0.2209252
0.2177705
0.2318815
0.2182336
0.1895953
0.2242063
0.1972191
0.2033731
0.2018804
0.2134297
0.2154383
0.206314
0.2288314
0.2703086
0.2794474
0.2333328
0.212949
0.2622362
0.2256053
0.2226793
0.2082653
0.2448566
0.2562481
0.2514566
0.2625277
0.2718436
0.2415696
0.2343253
0.199036
0.2307675
0.2477443
0.2185249
0.2348121
0.2439369
0.1883548
0.223182
0.2289734
0.2495989
0.235793
0.2074502
0.2048756
0.1993239
0.1903213
0.1857874
0.206202
0.2060897
0.1948813
0.1901073
0.2214238
0.212085
0.1874298
0.1892588
0.1946457
0.1615685
0.1739764
0.1719828
0.1632471
0.1919464
0.1870455
0.2254248
0.197703
0.1829552
0.229768
0.1986739
0.1828322
0.194161
0.1821029
0.1668398
0.1794458
0.1415902
0.1687249
0.2085012
0.2021993
0.2109592
0.2089684
0.2269709
0.2153953
0.2110981
0.2195215
0.2185186
0.1619203
0.2328907
0.2302277
0.2010853
0.2015904
0.2300533
0.2159124
0.227084
0.2072804
0.1891377
0.2002064
0.1997828
0.1795894
0.2096284
0.1919424
0.1886243
0.1953989
0.2672054
0.1759968
0.2060283
0.1998433
0.2056514
0.1832296
0.1905679
0.2137711
0.1900142
0.2227061
0.2253667
0.1978359
0.2027414
0.1978805
0.2579443
0.2636666
0.2328785
0.2417656
0.220411
0.2356808
0.2157963
0.2165524
0.2400413
0.2360022
0.2367751
0.2639278
0.2421995
0.2507727
0.2427897
0.2329182
0.231694
0.2362741
0.1973644
0.2418424
0.2201235
0.2310855
0.2094059
0.2029153
0.209185
0.1951321
0.1580546
0.2040275
0.2273533
0.1996594
0.1865958
0.1999796
0.2044057
0.2607072
0.2459354
0.2420568
0.2244103
0.1943071
0.2235643
0.2324029
0.1782557
0.1993262
0.2612546
0.2581619
0.2246763
0.2437532
0.2408237
0.2449698
0.2254916
0.2513322
0.2112123
0.2196519
0.2309065
0.2194884
0.2180111
0.1921865
0.2178503
0.2194204
0.207019
0.2332299
0.2206735
0.2232939
0.2277513
0.2212004
0.2291212
0.2451336
0.2609335
0.259401
0.2304897
0.2159241
0.2553883
0.2377181
0.2362731
0.2457095
0.2203146
0.1897394
0.2573053
0.231536
0.2829676
0.2218035
0.2329632
0.2294132
0.2055513
0.2261208
0.2134559
0.2386737
0.2480207
0.2266977
0.2532684
0.1961118
0.2499716
0.2039219
0.2085247
0.2570029
0.2255062
0.2329576
0.2649842
0.2794268
0.2337607
0.2032621
0.2176197
0.2370478
0.2457726
0.2165625
0.2137442
0.2276515
0.2267938
0.225166
0.2172458
0.1958153
0.2537754
0.210557
0.2400787
0.2098197
0.2345623
0.2520016
0.2412173
0.2520052
0.2318538
0.2603048
0.260251
0.2637032
0.2829843
0.2327949
0.2358573
0.2480725
0.2348224
0.2636465
0.2614489
0.2777366
0.2433634
0.2707852
0.2496416
0.282885
0.2388556
0.2433805
0.2348215
0.2413535
0.276805
0.242261
0.2517616
0.2576691
0.2403006
0.2602445
0.2389942
0.2250071
0.2525581
0.2326332
0.2216826
0.2290533
0.2232317
0.217752
0.2247967
0.2185583
0.1972132
0.2451099
0.2232573
0.241398
0.2341146
0.1869817
0.2072865
0.2223086
0.2171897
0.2133265
0.2565716
0.2333807
0.2176513
0.2487487
0.2561241
0.2216605
0.1563684
0.2369523
0.2412454
0.2169845
0.2434413
0.2166016
0.2329667
0.2466855
0.2518806
0.2245934
0.1952739
0.2307441
0.2203833
0.2391354
0.2596752
0.2463744
0.2524112
0.2427613
0.2394836
0.2138925
0.2574014
0.2690022
0.2474497
0.1924912
0.1953038
0.1590147
0.2042419
0.1818829
0.1783169
0.1506806
0.1517717
0.1774416
0.1516303
0.2166094
0.2213064
0.2102458
0.1721721
0.2292023
0.1737679
0.1897797
0.1742261
0.1739308
0.1856238
0.2015077
0.1897465
0.1857286
0.1964076
0.166902
0.1970389
0.2020727
0.2055584
0.19713
0.1911358
0.2134676
0.184676
0.203297
0.2089201
0.2014642
0.1830402
0.1592888
0.1694167
0.2271808
0.2034675
0.1599387
0.2069306
0.181683
0.1809643
0.1535888
0.1600181
0.1620235
0.1842155
0.1825977
0.1970297
0.1887608
0.2148065
0.2153824
0.1905624
0.1544177
0.2140372
0.1865256
0.1991885
0.2060063
0.2318532
0.1783878
0.1686243
0.1640549
0.1623597
0.1965608
0.2079716
0.227433
0.2206152
0.2027453
0.1643695
0.1844424
0.1932574
0.1680831
0.1761362
0.1589138
0.2100158
0.1982535
0.2129399
0.2221256
0.2219622
0.1983498
0.1921686
0.2030994
0.2020075
0.1753923
0.1879577
0.1792065
0.1752987
0.2358689
0.197118
0.1981098
0.1950272
0.18404
0.1809016
0.1793731
0.1866729
0.1683013
0.1661279
0.1600046
0.1724225
0.1854081
0.1931575
0.19941
0.204859
0.2020618
0.214744
0.1795281
0.1967261
0.2213038
0.2237984
0.2176071
0.2005079
0.2046178
0.2077656
0.1662278
0.1907872
0.2201065
0.1761547
0.2133658
0.2305211
0.2161664
0.210037
0.1869804
0.2023384
0.2130062
0.2201938
0.2143195
0.2277033
0.2094632
0.2127982
0.207264
0.2105071
0.204001
0.2324089
0.2096473
0.1808842
0.1959823
0.2010849
0.1851307
0.2112841
0.1974698
0.1497212
0.1871872
0.163363
0.1717973
0.152215
0.177451
0.1640488
0.1653624
0.2016316
0.1593558
0.2026653
0.1688945
0.1729902
0.1702776
0.1893152
0.151492
0.1936663
0.1787944
0.1784707
0.2106816
0.214153
0.1883779
0.2067508
0.1966214
0.206557
0.2225008
0.1952544
0.2071093
0.1943358
0.2087454
0.1917523
0.1878435
0.2270753
0.207166
0.2252221
0.1938601
0.1988514
0.1805893
0.2420782
0.1877254
0.1932976
0.2095605
0.2247861
0.2025536
0.1698638
0.1930544
0.2042906
0.1863458
0.1573791
0.1781595
0.1808727
0.1795976
0.1778797
0.1721703
0.1652023
0.1894788
0.2010816
0.2149698
0.2039467
0.2093194
0.1858707
0.1931607
0.206649
0.2229167
0.2407376
0.2195839
0.2426779
0.1942652
0.2247015
0.2010395
0.2144126
0.2187197
0.1890636
0.1767581
0.2070021
0.2225305
0.1914252
0.1848258
0.1947417
0.1694705
0.1704743
0.1541446
0.1722995
0.1697514
0.1428712
0.1533029
0.1829439
0.1834375
0.1934454
0.1521002
0.1511562
0.1807135
0.1671545
0.1526996
0.1409849
0.1589683
0.1684103
0.1866247
0.1903239
0.2083864
0.1847316
0.1877018
0.1737231
0.1470822
0.1635272
0.1885396
0.1871705
0.1647665
0.1955736
0.1802955
0.1567746
0.1594733
0.1811559
0.1541464
0.18066
0.1651834
0.2089564
0.1793421
0.1812139
0.1644918
0.1529946
0.1907405
0.2414933
0.201306
0.2121607
0.2001452
0.215525
0.2114444
0.1858797
0.1954247
0.2007084
0.1661991
0.1512186
0.1554462
0.1332849
0.1562119
0.1138047
0.156685
0.1650141
0.1632435
0.1666517
0.1676971
0.1792094
0.1545547
0.1806256
0.1508803
0.1625052
0.1749251
0.1698535
0.1510002
0.1760497
0.1660226
0.1586681
0.1915508
0.1490415
0.1480521
0.1482309
0.156936
0.161818
0.1759775
0.1558711
0.1516488
0.1696201
0.1500959
0.1520122
0.1600889
0.1546056
0.1665233
0.1753355
0.1531175
0.135975
0.1438945
0.1500392
0.1676757
0.1253623
0.1399619
0.1468736
0.1479728
0.135701
0.1421568
0.1594425
0.1502371
0.1354555
0.1854191
0.183482
0.1456449
0.1597299
0.1598805
0.1460094
0.1607747
0.175487
0.1602003
0.1626759
0.1634556
0.1503509
0.1501416
0.1597077
0.1768529
0.1841103
0.2051821
0.1673781
0.2122976
0.2245178
0.2049326
0.1733673
0.1663338
0.1831402
0.2092439
0.1856927
0.1849059
0.1745728
0.1665945
0.1774884
0.1758664
0.1697377
0.1817475
0.1861995
0.1866653
0.1906681
0.2049637
0.1850532
0.1653914
0.1700332
0.1721594
0.176184
0.1920775
0.1871404
0.2021462
0.1494823
0.1697596
0.1736498
0.1833674
0.1458759
0.1730714
0.1661655
0.175881
0.1746712
0.1694406
0.188452
0.2121646
0.2087564
0.1775544
0.1635233
0.1678971
0.1897306
0.1642092
0.1808739
0.1287259
0.1372855
0.1392862
0.2039485
0.20452
0.1960096
0.2354122
0.2035741
0.2179861
0.2003399
0.1754678
0.2320253
0.2357342
0.1934263
0.2092204
0.1834277
0.2203204
0.2400019
0.2282281
0.1942388
0.223517
0.2155741
0.1965868
0.1839681
0.219574
0.2071941
0.1963547
0.160969
0.2436508
0.187924
0.2014458
0.2159834
0.2078572
0.2024613
0.2160143
0.1671134
0.187333
0.1731343
0.1916558
0.2003666
0.1897577
0.182783
0.1547813
0.1565595
0.1667753
0.1732856
0.1618384
0.1345756
0.1630646
0.1725794
0.1513674
0.1901906
0.1590308
0.1615109
0.1706489
0.1603204
0.1803239
0.1867504
0.2062963
0.1782365
0.1785289
0.1773674
0.2189683
0.1707419
0.1821558
0.1645205
0.2024986
0.1678859
0.1797066
0.1391161
0.1838804
0.1613103
0.1518245
0.140833
0.1723248
0.1689342
0.1567024
0.1848489
0.1607786
0.1771199
0.1791824
0.1602516
0.1807482
0.1873963
0.1844504
0.1877574
0.1986962
0.1719131
0.1939606
0.1753498
0.1731012
0.177194
0.1917643
0.1866308
0.1953162
0.1986284
0.1443893
0.1638029
0.1858848
0.1750763
0.1711517
0.1678624
0.1717293
0.1661274
0.1857674
0.1968517
0.1733358
0.1699261
0.1722856
0.1705163
0.1565595
0.1743298
0.1802859
0.183909
0.1769973
0.1782535
0.1952511
0.1874425
0.1890874
0.1734093
0.1440325
0.1509256
0.1547101
0.1389882
0.1682552
0.1782047
0.1868072
0.191956
0.1777286
0.180533
0.1343589
0.1622004
0.1620013
0.1837363
0.1543112
0.2048361
0.1329925
0.1528564
0.1421531
0.1661358
0.1608456
0.1813728
0.1501151
0.1520066
0.1675255
0.1679018
0.1478315
0.1475525
0.1716835
0.1871969
0.1736123
0.1759512
0.1777833
0.2009262
0.1976287
0.2023048
0.2009958
0.2078432
0.2333796
0.217838
0.1882862
0.2180734
0.178478
0.1968923
0.1596273
0.1872035
0.1954067
0.1859902
0.1772553
0.195251
0.1671308
0.1835102
0.1510239
0.1455089
0.1471523
0.1632478
0.1646217
0.170257
0.1845489
0.1904372
0.1582316
0.1878563
0.1487994
0.1686055
0.2236726
0.2267765
0.1923061
0.2107164
0.1803488
0.1875531
0.2111256
0.1761286
0.1902317
0.186174
0.2062857
0.1946749
0.1969102
0.2164552
0.1890813
0.1987751
0.1429886
0.1804273
0.1728485
0.1494319
0.173318
0.1928284
0.2014802
0.1827172
0.1810694
0.1754702
0.1906187
0.1807882
0.1705746
0.182564
0.2204065
0.1883968
0.148429
0.1772894
0.1655494
0.1606118
0.1796257
0.1979082
0.1665165
0.1929846
0.2100989
0.1963917
0.2324126
0.2103366
0.2319579
0.2165851
0.1961828
0.1827616
0.2079231
0.1892479
0.19269
0.1839454
0.2006871
0.1683322
0.2002794
0.2134436
0.2121449
0.2229152
0.2292304
0.2390268
0.2241691
0.2375049
0.2044059
0.1930215
0.2091554
0.206699
0.1912927
0.1913857
0.1618487
0.1776221
0.1866246
0.2121091
0.1929156
0.1869264
0.1966532
0.2061835
0.1756062
0.1836904
0.1930286
0.2117604
0.2091286
0.2061903
0.2195082
0.2293697
0.2332871
0.2386364
0.2191779
0.2025164
0.1898641
0.2259888
0.2018174
0.1931364
0.2155191
0.252019
0.210226
0.2106036
0.2139621
0.2011922
0.1979849
0.229896
0.1854859
0.2154292
0.2017129
0.1930608
0.1828211
0.151038
0.1627952
0.1893582
0.1907777
0.1908694
0.185408
0.2069947
0.2080301
0.1830809
0.2234494
0.1601124
0.2119375
0.1878443
0.1872251
0.1941725
0.1952299
0.2011793
0.1925437
0.1941934
0.2120987
0.1919992
0.1724572
0.2231884
0.2417763
0.2315069
0.2314143
0.2355008
0.2408271
0.270496
0.2198366
0.2371658
0.2170077
0.2250947
0.1996982
0.1754421
0.1915004
0.2006983
0.234743
0.1897679
0.1834931
0.1518962
0.1406239
0.1466595
0.1593736
0.1639979
0.1507499
0.1515689
0.1665082
0.1667209
0.1658185
0.139554
0.1590089
0.1585426
0.1936518
0.1710291
0.1885929
0.1969556
0.1379864
0.1493931
0.1545634
0.1425856
0.15142
0.1691661
0.1732102
0.170492
0.1923716
0.1890498
0.1636878
0.1746643
0.1652612
0.1894299
0.1665604
0.2420197
0.1791006
0.1915795
0.1768184
0.1852371
0.168592
0.1909361
0.1803613
0.1485779
0.164069
0.1475277
0.1428966
0.1358969
0.1409219
0.210406
0.1574963
0.1600593
0.1771326
0.1661461
0.1697789
0.1832066
0.1550082
0.1391275
0.1521731
0.1220076
0.1652994
0.1676942
0.1697267
0.196798
0.156723
0.1380447
0.1682568
0.162346
0.1449643
0.1750348
0.1372455
0.1611658
0.1585281
0.1363557
0.1368362
0.1368304
0.1327004
0.129709
0.1399471
0.1304453
0.1384072
0.137977
0.1653795
0.1170196
0.1418515
0.1154456
0.1193496
0.1400572
0.1500166
0.1825795
0.1531492
0.1398238
0.1337648
0.1646049
0.1320265
0.1276114
0.1318196
0.1323759
0.125472
0.1286664
0.1434757
0.138025
0.1432976
0.1288992
0.1129777
0.1217316
0.1433471
0.1610877
0.1304755
0.1413689
0.1494331
0.145842
0.1521544
0.1326463
0.1387825
0.142094
0.1612555
0.1143363
0.1372176
0.1673255
0.159686
0.1516753
0.1953266
0.1474187
0.1367189
0.2053639
0.2076724
0.2113903
0.1794441
0.2274543
0.1840432
0.1528224
0.1396427
0.1531492
0.1696337
0.1289242
0.1666352
0.1213425
0.1206002
0.1471293
0.1551397
0.1922485
0.1678143
0.1512144
0.1677839
0.1880798
0.1564865
0.1716869
0.1954123
0.2112272
0.1988097
0.1589559
0.1531683
0.175652
0.2133174
0.172047
0.2551623
0.1875646
0.1648904
0.1516235
0.1499186
0.1382162
0.1374265
0.1369904
0.1182213
0.1111067
0.1173183
0.112015
0.1205529
0.1189685
0.1254854
0.1424128
0.1214333
0.1004524
0.1177119
0.1307435
0.1559563
0.1496085
0.144504
0.2092194
0.1415871
0.168345
0.1302535
0.1448875
0.1695753
0.1367352
0.1391557
0.1284948
0.1380632
0.1579129
0.1667501
0.1651606
0.1511186
0.1419194
0.1426137
0.1374394
0.1324631
0.1491378
0.1564189
0.1338952
0.1555254
0.1529986
0.1458966
0.1212357
0.1197019
0.1308667
0.1636943
0.1329443
0.1757727
0.1661174
0.1122557
0.1519493
0.1266937
0.1254914
0.1180857
0.1430282
0.1369304
0.1432494
0.1339269
0.1628059
0.1493105
0.1472072
0.1569819
0.1505016
0.1495976
0.1571143
0.1429027
0.1306919
0.1301096
0.1452431
0.1260238
0.1242144
0.1405651
0.1578905
0.145586
0.1085472
0.1334371
0.1303085
0.1908737
0.1459455
0.1499059
0.1495812
0.1494846
0.1757147
0.1458198
0.1656509
0.1656701
0.1305796
0.1364736
0.1646746
0.1818832
0.1822949
0.1627977
0.1668961
0.1264086
0.1813335
0.1653549
0.1784387
0.155457
0.1198074
0.1454722
0.1513831
0.1496202
0.1650481
0.1737965
0.17964
0.1635333
0.204849
0.1691741
0.196585
0.1653463
0.1361655
0.1830989
0.2035111
0.17118
0.1891135
0.2186393
0.197415
0.2019169
0.2097082
0.1963546
0.2207591
0.1520871
0.1699258
0.161273
0.172943
0.1613683
0.188793
0.1694862
0.1471312
0.1741493
0.1784702
0.1838452
0.2079221
0.216324
0.2253871
0.2013794
0.2195058
0.193879
0.1979096
0.2531538
0.1886957
0.1862463
0.2058919
0.2133261
0.2091135
0.2168762
0.2012812
0.2073503
0.1754252
0.1834716
0.196361
0.2045384
0.1923626
0.1707942
0.2105532
0.2433021
0.211661
0.2073983
0.1798694
0.1908096
0.2198827
0.2072279
0.1996864
0.2124992
0.2082386
0.2089475
0.2067765
0.1609095
0.1915391
0.2105853
0.2019726
0.2393597
0.21859
0.1964631
0.1959406
0.1595494
0.1919889
0.227168
0.2130338
0.2049216
0.2475992
0.2497439
0.2205496
0.2201615
0.1795949
0.2078563
0.1792753
0.2150776
0.2055061
0.2136305
0.2506927
0.2315524
0.2016481
0.2064022
0.2485404
0.2377009
0.2258826
0.2489068
0.2380794
0.2106568
0.1999356
0.2211872
0.1720287
0.1968078
0.2102316
0.1822177
0.2193448
0.1989294
0.2170984
0.165075
0.1933669
0.1883979
0.1984597
0.1865346
0.2500545
0.2031358
0.1881593
0.1840914
0.1949503
0.2077774
0.1809818
0.1922021
0.2184633
0.2364548
0.2064001
0.2457385
0.2445939
0.2339907
0.2425722
0.2320364
0.2481998
0.2739449
0.2284832
0.224867
0.2370057
0.2617207
0.2587428
0.2313372
0.2341949
0.23183
0.244305
0.2280549
0.2422266
0.2186494
0.2497562
0.2156686
0.2387055
0.2833304
0.2732073
0.27103
0.2808735
0.3238572
0.2057523
0.2084757
0.2260122
0.2195702
0.2227428
0.2038781
0.2215438
0.2139648
0.2328116
0.2673131
0.2113816
0.2772143
0.2149857
0.2112785
0.2450164
0.2675821
0.2743108
0.2141683
0.1974821
0.2393418
0.2369998
0.2031608
0.1994943
0.2119829
0.2083974
0.2060811
0.1880279
0.18024
0.1994088
0.2033641
0.2130687
0.2087833
0.2190631
0.1990319
0.1874946
0.1745612
0.1831601
0.1924596
0.2072272
0.1818454
0.2065123
0.2432975
0.2130685
0.2347756
0.198995
0.1972208
0.1912273
0.1936153
0.1730342
0.1705674
0.2103137
0.1937993
0.1971442
0.2222925
0.1988568
0.2013856
0.1988205
0.2188682
0.2300626
0.243012
0.2241079
0.2050853
0.2701397
0.2022786
0.2293209
0.2039367
0.1986916
0.2055833
0.2137988
0.2335753
0.1845622
0.2109964
0.1966291
0.2006318
0.2006009
0.1916924
0.1899406
0.1970038
0.1726481
0.1965004
0.2060109
0.2450929
0.2225179
0.205969
0.2490402
0.2282676
0.2182225
0.2258209
0.2630827
0.2423867
0.2390031
0.2351827
0.2513417
0.2208547
0.2371336
0.2326109
0.25117
0.2403595
0.2380682
0.2359875
0.2137395
0.2265495
0.2332195
0.2468899
0.2324991
0.2559441
0.2326476
0.209594
0.2121049
0.209816
0.2332938
0.2195499
0.2015539
0.2374941
0.2525168
0.2698857
0.262482
0.2502014
0.2105351
0.2732535
0.2121012
0.2158514
0.2263421
0.2178696
0.2382952
0.243187
0.2512512
0.2402824
0.221525
0.2073028
0.2563051
0.321152
0.266259
0.2165327
0.2646225
0.2680957
0.2372778
0.2686253
0.2122451
0.2195282
0.2310486
0.2331682
0.1989059
0.2714609
0.2270263
0.2459388
0.2224841
0.2438237
0.257059
0.2312132
0.2281488
0.2584931
0.2299304
0.2560674
0.2597948
0.2402932
0.2498653
0.2397282
0.2385345
0.2194057
0.2536555
0.2347387
0.2187475
0.2597423
0.1997118
0.2109498
0.1812266
0.1951536
0.2329638
0.1941749
0.1675594
0.2160424
0.1925507
0.1907006
0.1992357
0.1935259
0.1949765
0.212905
0.2079892
0.1745833
0.1565365
0.1717183
0.1578697
0.1844308
0.1554166
0.1890392
0.1938157
0.1830174
0.2034543
0.194885
0.1969665
0.2161778
0.2278513
0.177582
0.1764993
0.200608
0.2084709
0.1543482
0.2021735
0.1603712
0.1890686
0.1552116
0.1734615
0.1857526
0.2044181
0.180215
0.1964433
0.1584518
0.1805026
0.1595959
0.192207
0.2208696
0.2193314
0.2319067
0.1842185
0.2147702
0.2505426
0.2369981
0.1974974
0.2112645
0.2229407
0.2514799
0.2280011
0.2076347
0.2139807
0.1611616
0.1636596
0.1397048
0.1738692
0.1345418
0.1576383
0.1746783
0.1404088
0.1714399
0.1740135
0.1787891
0.1803801
0.1938883
0.1676722
0.2141684
0.1669129
0.2140796
0.2212652
0.1712894
0.1714442
0.1678558
0.144057
0.1703618
0.1497267
0.1647704
0.1583783
0.1520529
0.1424094
0.1503645
0.1780891
0.1727338
0.1788976
0.1623594
0.1500512
0.1877347
0.195642
0.1893719
0.1812363
0.1768257
0.1913151
0.1974419
0.1596776
0.1824055
0.176368
0.1442994
0.1588175
0.1575227
0.1776394
0.1702683
0.1158889
0.1630914
0.1150138
0.1317804
0.1356447
0.1503155
0.1684364
0.0946707
0.1315189
0.148681
0.1490907
0.1345422
0.1648961
0.1449828
0.1283637
0.1573666
0.1662593
0.1498621
0.1312263
0.1574489
0.1549691
0.1544075
0.1527077
0.1508815
0.1651938
0.1787282
0.1650534
0.1939036
0.1384153
0.1264279
0.1990741
0.1634611
0.1947832
0.1693198
0.1647705
0.1578491
0.1500287
0.1736545
0.1503211
0.1213539
0.1104201
0.1238856
0.1111395
0.1365287
0.1295896
0.1440224
0.1740732
0.1724522
0.1313303
0.1538489
0.1390546
0.1298261
0.1783933
0.1843602
0.172089
0.1698046
0.1660629
0.1645928
0.1741628
0.1616035
0.169031
0.1553448
0.2028119
0.1589692
0.1768599
0.1783413
0.1686886
0.1513929
0.1394122
0.1690216
0.1361914
0.1429289
0.1320962
0.159682
0.159458
0.137004
0.1508432
0.1253815
0.1516244
0.1274733
0.1557227
0.1681275
0.1777575
0.1838424
0.1921562
0.2134464
0.224915
0.2218912
0.1799951
0.1717304
0.178454
0.1907367
0.2088579
0.2079753
0.2134415
0.1784892
0.1787456
0.1899286
0.213622
0.1933165
0.2230424
0.2152207
0.1708934
0.1800836
0.2153554
0.1713397
0.1817787
0.1684459
0.1612727
0.1811848
0.159876
0.1983718
0.1956837
0.1732547
0.1785693
0.1751018
0.1586974
0.1916453
0.2118967
0.1972089
0.1963302
0.2226315
0.1527611
0.1657105
0.2078623
0.1745976
0.1681526
0.1568878
0.1836303
0.2169349
0.206264
0.2135743
0.17166
0.1999263
0.1860609
0.1666254
0.1343354
0.1618662
0.1769461
0.1792859
0.1550543
0.1528213
0.1500958
0.1634404
0.1432019
0.1699955
0.1979334
0.18096
0.2019125
0.1674788
0.165486
0.181832
0.216829
0.2119541
0.1865588
0.2020482
0.1822871
0.1941407
0.1984046
0.189405
0.1749427
0.1720537
0.1612334
0.177841
0.1880782
0.1885826
0.1838873
0.1725971
0.1949714
0.1757105
0.1802051
0.1570741
0.2102064
0.1722548
0.1853687
0.1984601
0.1739411
0.1851796
0.1866087
0.1922139
0.1740016
0.1938253
0.1788682
0.1897748
0.1821164
0.2069786
0.1976931
0.222255
0.1798134
0.2191122
0.1968282
0.216201
0.2133492
0.2109216
0.2303389
0.2108542
0.2269605
0.2288244
0.1939722
0.2332371
0.2324055
0.2329539
0.2222842
0.256758
0.2291573
0.1827496
0.2197326
0.2330968
0.211464
0.2076376
0.217491
0.2145036
0.2325881
0.2314957
0.2295537
0.236952
0.2123241
0.2138193
0.200205
0.1942473
0.1994871
0.2308362
0.1846698
0.1994821
0.2090904
0.2177936
0.1951896
0.237138
0.2037728
0.221655
0.2238628
0.2242708
0.2472215
0.2023605
0.2394436
0.2260411
0.213335
0.1994016
0.2268808
0.2031092
0.2248023
0.2253621
0.2514707
0.2411389
0.2273693
0.1814521
0.1808596
0.2101721
0.2212052
0.2209401
0.1732334
0.2312686
0.2177071
0.2343957
0.2308632
0.2073572
0.210869
0.2180414
0.2565732
0.2365686
0.2236328
0.2265297
0.1663428
0.1955441
0.174545
0.1878268
0.1564083
0.2020362
0.2168878
0.1803712
0.2139435
0.2058079
0.1858915
0.2000417
0.1861778
0.2434232
0.1924736
0.1996737
0.2258299
0.2338984
0.1756352
0.1499458
0.1506829
0.2037889
0.1783613
0.1597243
0.1820692
0.1808419
0.1793663
0.2306935
0.1697908
0.1652567
0.1352831
0.1579868
0.1610129
0.1776001
0.1786956
0.1609628
0.193299
0.1918721
0.2025607
0.2394692
0.2332417
0.1928908
0.2178745
0.2049863
0.2337357
0.2201068
0.208587
0.2187008
0.1872018
0.2254562
0.235964
0.225167
0.2300776
0.2410297
0.2273725
0.221042
0.2027498
0.1933018
0.2037495
0.1945757
0.2306758
0.2358177
0.2516129
0.2646707
0.2327843
0.2379669
0.2128517
0.2277877
0.2009193
0.2381392
0.2457971
0.2459774
0.22983
0.2155166
0.2287839
0.2374483
0.2211786
0.2371339
0.2503787
0.2349205
0.2363835
0.2486914
0.2234651
0.2456228
0.2372545
0.2197237
0.1844603
0.2295387
0.1896246
0.199457
0.2157466
0.2100069
0.2467453
0.2431949
0.274131
0.2778035
0.2401921
0.235591
0.2304313
0.2644455
0.2307927
0.2478657
0.1968822
0.2284633
0.2021194
0.2130186
0.2339297
0.24986
0.2182456
0.2355862
0.2237764
0.2007271
0.2201332
0.2434702
0.2475916
0.2320778
0.2467148
0.2308667
0.2639968
0.2119999
0.2459074
