0.2070599
0.1844002
0.2302583
0.2278064
0.1849023
0.1872009
0.1960107
0.192769
0.1698081
0.1840574
0.1711787
0.1920015
0.1817684
0.1714742
0.1526988
0.1545103
0.1539007
0.1578424
0.1716089
0.160035
0.1798419
0.1543863
0.1703911
0.1666915
0.1714848
0.1872927
0.1693794
0.1900624
0.1704356
0.1713583
0.1538787
0.1730454
0.1707059
0.1532759
0.1399828
0.1459046
0.1616515
0.1556375
0.1584403
0.1746902
0.166638
0.1590917
0.1551346
0.1451467
0.1673028
0.1616637
0.1740915
0.1332823
0.1383319
0.1566362
0.1531808
0.1519906
0.1536244
0.1623542
0.152015
0.1633251
0.1647618
0.1395981
0.1763758
0.1715242
0.1813286
0.1564549
0.1547066
0.162394
0.2028942
0.1575669
0.15055
0.1421636
0.1609986
0.1597582
0.1730102
0.1512148
0.2132563
0.1509196
0.1740858
0.1720113
0.1641081
0.1660813
0.1752425
0.1667099
0.162596
0.1504592
0.1696526
0.181839
0.1753217
0.1730779
0.1793976
0.1931152
0.1786637
0.1658432
0.1757981
0.1924565
0.1700738
0.1598517
0.1574854
0.1736015
0.1570774
0.1662612
0.1796576
0.1614275
0.1634568
0.1603012
0.1850386
0.1521396
0.1563204
0.1725239
0.1346961
0.1506126
0.1464492
0.1519784
0.1612524
0.1525026
0.1458526
0.1547741
0.1452689
0.1499535
0.1559981
0.1306034
0.1738932
0.1511826
0.1724559
0.1513922
0.1476658
0.1550917
0.139726
0.1385996
0.140354
0.1430066
0.1381387
0.1452595
0.140404
0.1429819
0.1422022
0.1483368
0.156314
0.1574301
0.1499931
0.1614978
0.1715363
0.1569192
0.146485
0.1557927
0.1772012
0.1430157
0.1482087
0.1609381
0.1495911
0.1361475
0.1393714
0.1599127
0.1315901
0.1451934
0.1550566
0.1603165
0.1689744
0.1485405
0.1411082
0.1469347
0.1476403
0.1502293
0.1573265
0.155027
0.1457098
0.1586642
0.1456123
0.1709802
0.1348343
0.131747
0.1311575
0.1472103
0.1350628
0.1441547
0.1268564
0.1403243
0.1330376
0.1537268
0.1225471
0.1223845
0.1294367
0.1420496
0.1421582
0.1292135
0.1381261
0.1323798
0.1300227
0.149379
0.1425643
0.1411976
0.1405297
0.1447923
0.146667
0.1542744
0.1267365
0.1633232
0.1355413
0.1372056
0.1446555
0.1443352
0.1394592
0.1388447
0.1473625
0.1328709
0.1305548
0.139272
0.1470976
0.128389
0.1378365
0.1256187
0.129118
0.1465597
0.1179141
0.1222109
0.1229623
0.1198572
0.1196415
0.125033
0.1415492
0.1135926
0.1192957
0.1156945
0.1250291
0.1361022
0.1596991
0.1479474
0.1468609
0.1511683
0.1307105
0.1393274
0.1664387
0.1524829
0.1680739
0.1770354
0.1622698
0.1923291
0.1428685
0.1694576
0.1440827
0.1422192
0.138882
0.1510638
0.1724239
0.1703145
0.1688525
0.1417759
0.1691143
0.1656568
0.1599529
0.1598891
0.1937484
0.1777065
0.1848997
0.154926
0.1544835
0.1429368
0.139272
0.1506025
0.1510924
0.1396923
0.1586927
0.1350084
0.1500443
0.1461873
0.1781822
0.2041029
0.1651482
0.1705225
0.1567887
0.1600138
0.1513632
0.1302823
0.1510592
0.14414
0.138952
0.1486398
0.1650306
0.1585986
0.1484627
0.1548066
0.1376614
0.1349475
0.1351577
0.1472315
0.1336851
0.1385591
0.1312736
0.13789
0.1425784
0.1525876
0.1545617
0.1516436
0.1357488
0.1513721
0.1544524
0.1414995
0.1359894
0.1604311
0.1509525
0.192377
0.186198
0.1646602
0.2122767
0.1603931
0.1574336
0.1595444
0.1629838
0.1730926
0.1508169
0.148024
0.136843
0.1350686
0.1221066
0.1454549
0.1463119
0.1483418
0.1210713
0.1276857
0.1406348
0.1391459
0.1426623
0.148729
0.1419249
0.1727943
0.1483843
0.1544717
0.1492239
0.1698444
0.1614611
0.1802878
0.1509939
0.1498017
0.1623102
0.1396679
0.1594672
0.1448668
0.1569508
0.164451
0.147173
0.1456212
0.1521164
0.1419299
0.1370069
0.1515657
0.1221411
0.1148746
0.130881
0.1153068
0.1424896
0.1427391
0.1320582
0.137932
0.1437781
0.1418446
0.1558766
0.1451428
0.1582339
0.1490837
0.1460088
0.1494204
0.1401739
0.1496194
0.1510258
0.1495669
0.1502313
0.1153782
0.1488403
0.1404746
0.1404143
0.1450213
0.1500043
0.150465
0.130255
0.1499833
0.1414803
0.1433939
0.1404127
0.1693838
0.1489573
0.1373476
0.1366981
0.1403333
0.1390593
0.1551888
0.1426247
0.1481492
0.1503317
0.1369197
0.1434084
0.1799521
0.1436721
0.1556789
0.1743235
0.1376508
0.1642069
0.1752691
0.1926639
0.1910872
0.1847084
0.1514528
0.1864476
0.2211096
0.1927329
0.1829782
0.1802102
0.1616798
0.1773048
0.1675118
0.1719748
0.1797864
0.1600206
0.1361104
0.1585617
0.1583692
0.1640361
0.1891374
0.17938
0.1552
0.1349335
0.1410667
0.1438492
0.1160298
0.1396603
0.1334826
0.1535619
0.1318043
0.1427582
0.1369111
0.1630539
0.162344
0.1537805
0.1364952
0.1255173
0.1413148
0.1107475
0.1379673
0.1323803
0.1369436
0.1549893
0.1336508
0.1510869
0.1501378
0.1605853
0.1166302
0.1336847
0.1431005
0.1198561
0.1456044
0.1523253
0.1492575
0.1515661
0.1392558
0.1621524
0.1217538
0.1374345
0.1206269
0.1437521
0.1227683
0.1496211
0.1604228
0.1458111
0.1439539
0.1389672
0.1210489
0.1482346
0.1752569
0.1793052
0.1739959
0.168245
0.1723021
0.1560352
0.1516954
0.1678903
0.1544983
0.1599698
0.1374044
0.1589621
0.17203
0.1550717
0.1337079
0.1496812
0.1640373
0.1601242
0.1443667
0.164969
0.1564023
0.1630603
0.1966807
0.1521949
0.1655442
0.148052
0.1444851
0.1495199
0.1665503
0.1597169
0.1577124
0.1914683
0.194661
0.1517454
0.1396528
0.1496867
0.135184
0.1430856
0.155016
0.1806593
0.1486506
0.1503607
0.1464437
0.1457819
0.1506912
0.1259455
0.1238457
0.1303792
0.1313685
0.1369064
0.1254329
0.1369683
0.1784623
0.1290417
0.1285457
0.1401594
0.1230719
0.1568094
0.1593488
0.1665518
0.1837512
0.1319162
0.1207581
0.1516721
0.1361829
0.1309331
0.1509488
0.1483716
0.130882
0.1374523
0.1425818
0.1464038
0.1397628
0.1364477
0.1032626
0.1431374
0.1415455
0.1252883
0.1278432
0.1339072
0.1406541
0.1295411
0.1363712
0.1390039
0.1179359
0.1359627
0.1188766
0.1290471
0.1479581
0.1291948
0.131048
0.1336969
0.1265734
0.1337837
0.131548
0.159045
0.1476281
0.1330589
0.1276221
0.1271884
0.1331074
0.1293863
0.1424686
0.1229662
0.1388558
0.1421528
0.1364192
0.1471982
0.152374
0.1545459
0.150013
0.150816
0.1296578
0.125449
0.1617492
0.153044
0.1536722
0.1957435
0.165005
0.1632531
0.1796067
0.1711782
0.1505998
0.1493777
0.1471664
0.1589891
0.1488549
0.1839566
0.1504973
0.1657565
0.1654635
0.1699852
0.1860556
0.1929417
0.1673029
0.1628051
0.1824174
0.1778056
0.1675511
0.1730084
0.1527475
0.1974754
0.1586775
0.1513919
0.1439235
0.1432872
0.1359399
0.1210337
0.1375812
0.1192449
0.1693675
0.1265364
0.1489925
0.1527136
0.1825551
0.1833537
0.1506719
0.1647405
0.1698113
0.159341
0.160028
0.1565842
0.1417518
0.1648502
0.1509442
0.149776
0.1351062
0.1508845
0.1556258
0.1626625
0.1845416
0.1528234
0.1737164
0.1462693
0.1811331
0.1727424
0.167888
0.1597506
0.1756967
0.1594227
0.1925247
0.1808321
0.1503597
0.162059
0.1830818
0.1671906
0.1563528
0.1477502
0.1649109
0.151581
0.1444718
0.1439022
0.1473402
0.1577943
0.1643559
0.1590132
0.1510217
0.145876
0.1596749
0.1579077
0.148601
0.1591295
0.1838254
0.1755577
0.2034841
0.154812
0.1738966
0.1696826
0.1746664
0.1573229
0.1747519
0.1788916
0.1863266
0.165379
0.1512748
0.1829757
0.1698757
0.1545335
0.1460606
0.1573807
0.1863524
0.1705296
0.156218
0.1777599
0.1876057
0.1678393
0.1648468
0.1725603
0.1727981
0.2015362
0.1673311
0.1521301
0.1698458
0.1631025
0.1848051
0.195213
0.2044173
0.1985103
0.1876213
0.1699346
0.1561087
0.1920649
0.1785821
0.1660396
0.1595552
0.1951766
0.1731962
0.2063696
0.2174129
0.2378087
0.2065376
0.2062123
0.2368563
0.1958412
0.2064328
0.2028749
0.1930266
0.1918352
0.2175083
0.2634034
0.2323463
0.2173504
0.2309206
0.2200191
0.2099022
0.2375077
0.2301727
0.2353957
0.2395485
0.2055885
0.1942552
0.1925785
0.2015706
0.208787
0.2675278
0.1873656
0.2052469
0.1798598
0.1738108
0.2131915
0.1827572
0.1747745
0.1807424
0.1558938
0.1876714
0.178256
0.1747833
0.1618441
0.1910634
0.1610238
0.1698929
0.1775191
0.1827239
0.1795678
0.2259358
0.1798443
0.1816989
0.1858531
0.1930136
0.1841667
0.1655964
0.201462
0.2040308
0.1866276
0.2065393
0.1695133
0.2096999
0.2048305
0.179543
0.2529377
0.1969886
0.1902799
0.1678718
0.1473055
0.2069765
0.1728222
0.1734806
0.1669354
0.1598419
0.1674147
0.1792485
0.1568159
0.1968367
0.1842763
0.1683601
0.2079321
0.1776879
0.1756098
0.1944053
0.1733811
0.1650457
0.1540203
0.1536496
0.1825603
0.1654885
0.1591242
0.1516159
0.1315352
0.1451842
0.1607891
0.1374082
0.1675919
0.1813907
0.1673909
0.1782216
0.1821903
0.1426229
0.1746482
0.1882582
0.1947246
0.1735082
0.1767417
0.2054361
0.1971932
0.209561
0.1704933
0.1657741
0.18196
0.1407844
0.1422574
0.153829
0.1799977
0.1656138
0.1527944
0.1614357
0.1686198
0.1925794
0.1651565
0.1861242
0.1533839
0.1881519
0.2173283
0.1973251
0.1831208
0.2133734
0.2183531
0.1847415
0.2250749
0.1727298
0.1955535
0.1786414
0.179435
0.2115703
0.167343
0.1591766
0.1838794
0.1874171
0.1752434
0.1536389
0.1730632
0.1435253
0.1733432
0.1718468
0.1586567
0.1470345
0.1422259
0.1469156
0.1401549
0.1483322
0.154455
0.1462281
0.1266677
0.145486
0.140521
0.1295547
0.1332869
0.1544328
0.1314413
0.1428682
0.1356051
0.1363477
0.1228088
0.1334294
0.1376069
0.1180018
0.1593754
0.1513922
0.1483212
0.1530727
0.1156034
0.1465984
0.1478308
0.1475947
0.1299774
0.1391622
0.1466359
0.1616964
0.2119408
0.1691796
0.1826883
0.1804019
0.1676489
0.1498978
0.1870503
0.1959223
0.1941604
0.1803443
0.1480643
0.1868711
0.1905566
0.1844854
0.1668897
0.1665924
0.1519963
0.2186996
0.1794963
0.1398968
0.1664514
0.1646058
0.1614432
0.1515602
0.1428393
0.1303052
0.1637536
0.1595383
0.1656141
0.1520145
0.1616108
0.1468843
0.1273286
0.1586271
0.1526013
0.1192617
0.1378272
0.1246506
0.1514877
0.1768901
0.138804
0.1473355
0.1408466
0.1317193
0.1316158
0.1812355
0.1494725
0.1314789
0.1280858
0.1662308
0.1679483
0.1766136
0.1430809
0.1395208
0.1376107
0.1379233
0.1515883
0.1225863
0.1459367
0.1539462
0.1394829
0.1286976
0.1537261
0.1544321
0.1409708
0.154859
0.1541833
0.165608
0.1447884
0.1401832
0.1636796
0.1698935
0.1669969
0.1763113
0.1584096
0.1538346
0.1286802
0.1612893
0.1442726
0.1409868
0.1509613
0.132658
0.1154601
0.1385915
0.1429492
0.1597798
0.1305592
0.1512889
0.1471705
0.1130642
0.1393483
0.1199156
0.1184168
0.1274989
0.1495374
0.1380697
0.1444999
0.128966
0.1301593
0.1178971
0.1246861
0.1305485
0.1237192
0.1421521
0.1244269
0.1412013
0.144132
0.1567381
0.1424457
0.1314288
0.1298537
0.1558003
0.1431341
0.125789
0.159765
0.1452231
0.162924
0.1405841
0.1279624
0.1656588
0.1273309
0.1503962
0.1251941
0.1300648
0.1430834
0.1877663
0.1440267
0.1668565
0.1914822
0.2018667
0.1885379
0.1682556
0.1766472
0.1681242
0.2122242
0.168202
0.1741055
0.1792581
0.1702408
0.2162719
0.1648232
0.1952643
0.1640613
0.2162593
0.1887272
0.1713344
0.1239024
0.1398675
0.1486552
0.1437469
0.1308767
0.1133639
0.1539296
0.1346814
0.1353491
0.1355544
0.1272126
0.1071954
0.1262885
0.1469385
0.1553935
0.129703
0.1328422
0.1229983
0.1493756
0.1294543
0.1316506
0.1226226
0.1242721
0.1137943
0.1144354
0.1046934
0.1336215
0.1042713
0.1566949
0.1161181
0.1091036
0.1374433
0.1146016
0.1236351
0.1103421
0.1168832
0.1136577
0.1279465
0.1378482
0.1165755
0.1126553
0.1406979
0.1042463
0.1219312
0.0922677
0.1137447
0.1022047
0.164297
0.0992767
0.1572225
0.1276108
0.1126458
0.127277
0.1548305
0.1209324
0.1272334
0.1452726
0.1442946
0.1456306
0.1646439
0.1387868
0.1265291
0.1360686
0.1117754
0.1495864
0.1287637
0.1082831
0.1158324
0.1217532
0.1129196
0.1599774
0.1628682
0.1406666
0.1589595
0.1338896
0.1493432
0.1364713
0.145258
0.12162
0.1206199
0.1222126
0.114014
0.1343281
0.122291
0.1269639
0.132522
0.1156501
0.1211726
0.124622
0.1284318
0.1284492
0.1268653
0.1187941
0.1206697
0.1204366
0.1271617
0.111772
0.1101798
0.1276525
0.1184626
0.1346174
0.1290832
0.1219574
0.1149686
0.1306577
0.121968
0.1426658
0.1158646
0.1317922
0.1335655
0.1561363
0.1078489
0.1050608
0.1143001
0.1109929
0.1175593
0.1367409
0.1237822
0.1040591
0.1188502
0.0933634
0.1072246
0.0989692
0.1102672
0.1287003
0.1251089
0.1290396
0.1411007
0.1340856
0.1601129
0.1329272
0.1435373
0.1131446
0.1277962
0.1092885
0.1109467
0.0935852
0.1109777
0.0933471
0.1073418
0.1140316
0.119629
0.1405499
0.1085759
0.1271812
0.1344947
0.0991229
0.0889514
0.1051262
0.108684
0.0898151
0.0945544
0.0853564
0.0935434
0.1050047
0.1034932
0.1109787
0.1034491
0.0953097
0.1003403
0.1065892
0.1151019
0.1327442
0.1251317
0.0958074
0.1115736
0.1158514
0.090753
0.0946372
0.1001862
0.1184241
0.1335421
0.1278855
0.1300365
0.1383181
0.1242899
0.1190767
0.1065173
0.1152603
0.1018601
0.1202208
0.1094376
0.107467
0.1217309
0.123204
0.1012715
0.0989824
0.108796
0.1097649
0.103495
0.1170471
0.1292917
0.1399663
0.1387829
0.1466876
0.1236575
0.1439047
0.1533494
0.1353004
0.1868686
0.1700929
0.2016748
0.1351486
0.1625354
0.1476259
0.1383938
0.1365168
0.1603326
0.143767
0.159027
0.1476516
0.1697698
0.1774119
0.1578193
0.1258254
0.1493922
0.131582
0.1419819
0.1461866
0.1451406
0.1583928
0.152933
0.1488716
0.1332656
0.1429399
0.1522147
0.1371158
0.1430034
0.1220448
0.1330432
0.1340367
0.1337436
0.1970593
0.1606981
0.175963
0.1328167
0.1833905
0.1562004
0.1631759
0.1942707
0.2192944
0.160327
0.1804138
0.1585273
0.1527989
0.1534321
0.1368642
0.1291804
0.1494901
0.1561015
0.1177941
0.1369507
0.1346922
0.1222547
0.1200692
0.1239541
0.1116471
0.1316568
0.1318562
0.1222554
0.1229876
0.1148682
0.1463751
0.1302452
0.1500925
0.137608
0.1414077
0.154503
0.162159
0.153515
0.1532919
0.1619702
0.1585498
0.1548889
0.1379104
0.1350683
0.1325545
0.1499526
0.1508287
0.1624291
0.1184718
0.1135018
0.1025957
0.1436159
0.1243243
0.1389216
0.1393916
0.1481928
0.1485982
0.1382414
0.1165322
0.1380099
0.1117799
0.1386801
0.1240008
0.1136473
0.124172
0.1377095
0.1505099
0.1396411
0.1446674
0.1283832
0.1406214
0.1211772
0.1380856
0.1472016
0.1554324
0.13526
0.1538431
0.1357334
0.1166217
0.1240986
0.1360077
0.129564
0.1470619
0.1337948
0.1037843
0.1489622
0.1368091
0.1436118
0.1080936
0.1213186
0.1013135
0.1145867
0.1311083
0.1113502
0.0938541
0.102553
0.0941977
0.1327003
0.128229
0.1528633
0.1179339
0.1068862
0.1216512
0.122206
0.1243918
0.1102594
0.1219458
0.1396087
0.1143429
0.1227268
0.1335217
0.1535784
0.1411429
0.1468593
0.1375679
0.1185316
0.1284116
0.1265113
0.1455174
0.1333005
0.1405988
0.1253214
0.1759996
0.1631636
0.1700578
0.157873
0.1457039
0.181169
0.1356135
0.178026
0.1433342
0.1366843
0.1531488
0.1292539
0.1321957
0.1524329
0.1531633
0.1310604
0.1391368
0.1270483
0.1335242
0.1313344
0.1192349
0.1602559
0.1253805
0.1316188
0.1413601
0.1342192
0.1354529
0.1552916
0.1605097
0.1570457
0.1359899
0.1347939
0.1094337
0.1606256
0.131988
0.1419052
0.1338401
0.1309218
0.145525
0.1773397
0.135939
0.1129989
0.1372311
0.1522933
0.1274207
0.1472127
0.129349
0.1399972
0.1384691
0.1347122
0.1444344
0.1698799
0.1609477
0.1597646
0.1534321
0.133686
0.1307667
0.1695381
0.1538226
0.137428
0.1222243
0.1324003
0.1253893
0.1134142
0.1427216
0.1075577
0.1131588
0.1043478
0.1399661
0.1130293
0.1246799
0.105366
0.1284432
0.1096167
0.1135925
0.1094635
0.1370736
0.1508751
0.1199106
0.1410329
0.1468255
0.1355621
0.1452944
0.1187988
0.1139691
0.1028815
0.1460954
0.1551313
0.1459044
0.1500563
0.137543
0.1419564
0.1427493
0.1370084
0.1502182
0.1211962
0.1439255
0.1477075
0.1521878
0.1513435
0.1441034
0.1240019
0.1283734
0.130777
0.1553269
0.1292752
0.1430109
0.1378359
0.1443379
0.1687812
0.1674043
0.1607234
0.1826928
0.1380879
0.1697792
0.1255951
0.1231096
0.1270749
0.1142084
0.1403351
0.1279906
0.1197578
0.1180626
0.1186218
0.1039784
0.1123856
0.1327097
0.1198882
0.116809
0.1096178
0.1388546
0.1300285
0.1322766
0.1200253
0.1412501
0.1126888
0.1116641
0.1415953
0.1301395
0.1422787
0.1449832
0.1516962
0.1568621
0.1557945
0.1804483
0.1398374
0.1748166
0.1325486
0.1220538
0.1898499
0.1790394
0.1164408
0.1543964
0.1851157
0.1837134
0.1300371
0.1358567
0.1711212
0.163661
0.1950403
0.1811073
0.1405319
0.1369791
0.1242152
0.1649607
0.1324907
0.1523606
0.1315886
0.1513008
0.1299163
0.1183269
0.1081995
0.1196616
0.1368587
0.1410927
0.1339984
0.1316916
0.1326478
0.1199752
0.1082455
0.1196982
0.1246488
0.14697
0.1335643
0.1247839
0.1424071
0.1503739
0.1695194
0.1420288
0.1365375
0.1774103
0.1645168
0.1407366
0.1136624
0.1526541
0.1558858
0.1252681
0.1785412
0.1448858
0.1387917
0.1081845
0.1321456
0.1393463
0.1280407
0.1193021
0.1577307
0.158788
0.158491
0.1518017
0.1430119
0.1914171
0.1574443
0.1580337
0.1462927
0.1749191
0.1375715
0.1404998
0.1515961
0.161873
0.1508737
0.1478575
0.1286937
0.1396702
0.1403401
0.1311192
0.1521185
0.1370788
0.1453566
0.1237603
0.1578678
0.138962
0.1293674
0.1345851
0.1542993
0.1321764
0.1391555
0.1448914
0.1767708
0.1426955
0.1374771
0.1394198
0.1479083
0.1554099
0.1249774
0.1272343
0.1272474
0.1051588
0.1494269
0.098969
0.1123455
0.1297407
0.1327247
0.1230467
0.162637
0.1579483
0.1380894
0.1396597
0.1378715
0.147386
0.1300939
0.1382904
0.1494288
0.1605259
0.1364041
0.1192973
0.153987
0.146932
0.1804403
0.1584394
0.1490403
0.1370156
0.1182425
0.114149
0.1321477
0.1391394
0.1305044
0.131916
0.1376879
0.1203193
0.1322391
0.1443809
0.135609
0.148353
0.1375581
0.1467797
0.1537951
0.1475047
0.1220154
0.1158793
0.1186802
0.0998558
0.1126626
0.1373266
0.1543835
0.1591122
0.1732892
0.1571143
0.1226197
0.1153337
0.1225457
0.1162864
0.1161546
0.1118556
0.1374355
0.1199039
0.1107418
0.1378905
0.1220925
0.1038331
0.1388537
0.1227024
0.1146782
0.1147808
0.1280139
0.1152791
0.1285828
0.1186407
0.1226553
0.1624683
0.1253738
0.1217394
0.1283443
0.1332079
0.105344
0.1263871
0.1350122
0.1422671
0.1445211
0.2177301
0.1601432
0.1681158
0.1887901
0.172088
0.1603989
0.1607635
0.1750918
0.1360242
0.138062
0.129198
0.1335054
0.1586776
0.1505163
0.1561849
0.1694089
0.1892271
0.1704186
0.1746626
0.149685
0.1597765
0.1644755
0.1808947
0.1844615
0.1672841
0.1343212
0.1489716
0.1583096
0.1383043
0.1254115
0.1181169
0.1137779
0.1278796
0.1142878
0.1194646
0.1332733
0.132533
0.1715532
0.1399761
0.1383696
0.157652
0.1517517
0.1584774
0.1685278
0.152437
0.1465276
0.1619599
0.1517523
0.1918162
0.1881553
0.1834041
0.1767421
0.1826538
0.1755321
0.1722448
0.1795375
0.1552653
0.1565475
0.1475796
0.1391683
0.1500744
0.1484625
0.1473976
0.1494777
0.1773267
0.142564
0.1536314
0.1646113
0.1832225
0.1872914
0.1842194
0.190388
0.1952567
0.1718901
0.1628268
0.1658778
0.1726758
0.1470011
0.1581284
0.1543442
0.167054
0.1449575
0.1272703
0.1610084
0.140728
0.1280484
0.1464961
0.1713577
0.1707269
0.1503342
0.1403095
0.1435715
0.1436978
0.1663478
0.1738896
0.1843899
0.119812
0.137379
0.1437916
0.1869869
0.1231138
0.1305696
0.1532278
0.16643
0.1511817
0.1516981
0.1495641
0.1973998
0.1754344
0.2023101
0.1948408
0.1930514
0.1573947
0.1582192
0.1328142
0.1445268
0.148822
0.1734827
0.1437799
0.1483619
0.1586009
0.1607987
0.1446184
0.1634974
0.1762354
0.176634
0.1539989
0.1759938
0.2072886
0.2104567
0.2421402
0.2354441
0.2367606
0.2232599
0.2094427
0.1979345
0.2168749
0.1916212
0.2320509
0.2043144
0.1840423
0.2029562
0.1955277
0.1601712
0.1840294
0.2012441
0.1481733
0.1427778
0.14011
0.1446426
0.1689322
0.1706465
0.199102
0.1804714
0.194111
0.1895448
0.1885999
0.1939062
0.2303758
0.2213008
0.17565
0.2143439
0.2472221
0.2242554
0.2718128
0.2393507
0.1900846
0.1440844
0.1802797
0.1825006
0.1697073
0.1737015
0.194751
0.2071533
0.167599
0.1654441
0.1662896
0.1418485
0.1697387
0.1712875
0.1590351
0.1637099
0.1530619
0.1429364
0.16081
0.1756503
0.1506603
0.150261
0.1388568
0.1520728
0.1769069
0.1753986
0.1395309
0.1473789
0.1540223
0.1869019
0.1743445
0.1820317
0.2300941
0.2063838
0.223402
0.1902791
0.1744256
0.2064698
0.1607979
0.1911673
0.1594157
0.1666883
0.1709405
0.1858948
0.1987948
0.197158
0.212644
0.1724802
0.1760313
0.1648503
0.1528462
0.1625431
0.1806385
0.1613035
0.1894524
0.1443608
0.1375296
0.1501447
0.1509589
0.1528234
0.1540069
0.1521298
0.1879526
0.1753945
0.1557742
0.1512563
0.1610253
0.1719352
0.1975256
0.1858607
0.1867895
0.2123177
0.19587
0.1518292
0.16136
0.1527954
0.1389847
0.1461675
0.1475329
0.1666054
0.1858072
0.2031697
0.1799105
0.2025356
0.1532543
0.1897399
0.1889877
0.1756132
0.1487463
0.1822856
0.1843359
0.1852527
0.1939675
0.1733532
0.1289692
0.1395358
0.1311008
0.1540182
0.1329626
0.1554615
0.1680195
0.1742101
0.1951177
0.160391
0.1556375
0.1556695
0.1840372
0.154928
0.1829796
0.1586737
0.1506005
0.1587126
0.1606417
0.1442906
0.1398994
0.1775942
0.1715905
0.1997444
0.1781507
0.1753888
0.1646209
0.1514392
0.1661753
0.1624822
0.1822931
0.1790496
0.1724198
0.1686997
0.1682367
0.1740539
0.1853233
0.1600424
0.1474457
0.1882611
0.2153084
0.172571
0.1849728
0.1939942
0.1995078
0.2159009
0.1929355
0.2509151
0.2065723
0.2235385
0.2190388
0.2216322
0.205857
0.2149383
0.2360607
0.207638
0.1971066
0.2202674
0.2230154
0.2157658
0.2254348
0.2233178
0.1748896
0.1752444
0.1905637
0.2108403
0.2127617
0.1754422
0.214564
0.2262692
0.2089595
0.2108715
0.2164489
0.1935305
0.2063357
0.2100957
0.223698
0.1861497
0.1988814
0.2006794
0.2144903
0.1934628
0.2035058
0.217804
0.1844996
0.2123849
0.2170565
0.2218797
0.2232443
0.2184413
0.1975482
0.1752972
0.1791008
0.1904129
0.1807187
0.1959968
0.1922595
0.145417
0.1870285
0.1836473
0.1667516
0.2173057
0.1772564
0.1930948
0.1810541
0.1860482
0.1994068
0.2000562
0.1660209
0.18811
0.1960916
0.193275
0.2242007
0.1992956
0.1870903
0.1655339
0.1365664
0.1687546
0.1930909
0.1737717
0.2008751
0.1865871
0.1827999
0.1722771
0.1876626
0.1761945
0.1871308
0.2023912
0.2157503
0.2044827
0.1994564
0.1830023
0.1546482
0.1570049
0.1597378
0.1723534
0.1884634
0.1734803
0.1751049
0.1592036
0.1761041
0.151699
0.1695133
0.1790631
0.1578861
0.1674657
0.1604574
0.1797936
0.1344282
0.1861732
0.1700528
0.1521109
0.1653745
0.1690714
0.16091
0.1547796
0.1607647
0.1917573
0.161273
0.189975
0.2066939
0.1635193
0.174868
0.1616454
0.1638302
0.1818575
0.1883299
0.1918671
0.1951594
0.1952578
0.2007576
0.1743938
0.1839796
0.1839242
0.1780918
0.1498147
0.1566257
0.1604478
0.1841507
0.1618502
0.1572358
0.1770194
0.189579
0.18309
0.1632745
0.1843616
0.2048878
0.1829393
0.1994754
0.1914496
0.1627242
0.1914028
0.181356
0.2202138
0.1793305
0.1780983
0.1800201
0.1667845
0.2265988
0.1943102
0.1599056
0.1871407
0.1512373
0.1743887
0.2035801
0.2062489
0.1926856
0.1787909
0.1983598
0.1749081
0.198588
0.1709788
0.2046043
0.1648354
0.1855916
0.1714521
0.2020447
0.1723215
0.1908077
0.1918608
0.1843992
0.1805205
0.177877
0.1838691
0.1887647
0.1852015
0.1928632
0.1899061
0.199028
0.1915655
0.2039889
0.212878
0.2034269
0.1750463
0.19369
0.207624
0.2161163
0.2094074
0.211886
0.2144047
0.2055281
0.1860064
0.205381
0.215322
0.2063244
0.2024372
0.1847931
0.1924364
0.2128005
0.2124855
0.2271023
0.2308261
0.217949
0.2000415
0.2054413
0.2028701
0.2092621
0.2083687
0.2175331
0.2282976
0.2176853
0.2212574
0.1944773
0.1840674
0.1713095
0.2042611
0.1728842
0.1848475
0.187498
0.1826193
0.1964425
0.1728374
0.1923915
0.1932972
0.1863555
0.1990281
0.1872795
0.187949
0.1840741
0.1728277
0.1700062
0.1784595
0.1994935
0.2229136
0.2134152
0.1778315
0.187789
0.2122008
0.1981535
0.1857191
0.2028718
0.215342
0.1984488
0.2001623
0.2024935
0.19198
0.1777232
0.1929529
0.1895758
0.2027296
0.1896482
0.2039
0.203487
0.2063148
0.1949314
0.2071369
0.2031022
0.1901848
0.2129086
0.1843635
0.2008799
0.1978838
0.183302
0.1880966
0.1614584
0.1662858
0.1818308
0.1784871
0.2190189
0.1995079
0.1818771
0.2139817
0.1808216
0.2140068
0.2188179
0.1896121
0.2075046
0.1798803
0.1806444
0.1860936
0.1979477
0.2103933
0.2051924
0.2073481
0.1995269
0.1914773
0.2098388
0.179967
0.1916636
0.2143871
0.1756776
0.1778178
0.1820174
0.1870734
0.182759
0.1799469
0.1747556
0.1937617
0.1849168
0.1737561
0.2119161
0.1910256
0.2110831
0.2079587
0.1779659
0.1911951
0.1805663
0.2102879
0.1612551
0.1880116
0.1848036
0.1775026
0.1689872
0.2003705
0.2023103
0.1919477
0.1907287
0.1915469
0.1784989
0.1676178
0.1670191
0.1734433
0.1989959
0.2127158
0.1925687
0.2007164
0.1549068
0.1863323
0.1905012
0.1794952
0.2247786
0.2065128
0.1982631
0.239142
0.2114451
0.2153484
0.2162644
0.2462076
0.2309861
0.208287
0.2203855
0.2402076
0.2689167
0.2207935
0.2048988
0.1984356
0.208675
0.2115213
0.1956449
0.2008304
0.2247072
0.2176236
0.2022701
0.241996
0.2511712
0.2416724
0.2489103
0.2631329
0.2646392
0.2577409
0.2214748
0.2394541
0.2398878
0.2552118
0.2429494
0.2631571
0.1980848
0.1780856
0.2038455
0.227159
0.2382407
0.2000881
0.2006944
0.2012435
0.1756175
0.1936782
0.1884391
0.1535189
0.1999489
0.2104753
0.2158638
0.2039977
0.2182499
0.187632
0.1987064
0.191979
0.1968645
0.2018493
0.2236933
0.2184308
0.2366775
0.1949638
0.1944966
0.1843441
0.1833075
0.1753067
0.1895656
0.1844237
0.1777824
0.1789311
0.1786391
0.1855089
0.1813348
0.1638669
0.2033276
0.1713848
0.1775042
0.2110979
0.2191644
0.2166109
0.227837
0.2205939
0.205094
0.162815
0.1893514
0.1763065
0.1943896
0.1962157
0.189175
0.1968302
0.1851876
0.1927461
0.1820159
0.1971889
0.2136073
0.1783072
0.2017696
0.1935617
0.181516
0.1941706
0.1832839
0.1911939
0.1797985
0.1860809
0.1878854
0.1875351
0.1923845
0.1776754
0.2084382
0.1956872
0.181869
0.2086047
0.2061606
0.1911102
0.1796132
0.1963519
0.2059725
0.2119267
0.2180863
0.1888736
0.1973781
0.1957076
0.1859498
0.2142913
0.1932657
0.2241405
0.2315409
0.2297946
0.2383344
0.2408482
0.2484478
0.205572
0.2495571
0.2120385
0.2035766
0.1918477
0.2195925
0.1714635
0.188945
0.2368298
0.2151348
0.2008907
0.1816625
0.191826
0.2047091
0.2337329
0.1777686
0.1817688
0.1815178
0.1959125
0.2203695
0.1879352
0.1808978
0.2017755
0.2030559
0.2341423
0.200424
0.210887
0.2341972
0.213511
0.2029563
0.2110684
0.2090459
0.1789201
0.1965514
0.1889362
0.195972
0.1888764
0.1828499
0.1914643
0.2106606
0.2054322
0.2176969
0.1964806
0.205585
0.2277015
0.1816599
0.1893893
0.1785465
0.1695937
0.1889871
0.1567166
0.2258692
0.2196166
0.1848988
0.181131
0.2262363
0.208171
0.214232
0.2110528
0.2037873
0.2238317
0.2020407
0.1915367
0.1749434
0.196586
0.2030869
0.2088618
0.1886
0.1625649
0.1729509
0.1931104
0.1896581
0.1951398
0.1881414
0.1949234
0.1673029
0.2037951
0.2268097
0.2013703
0.1919588
0.2139977
0.2183197
0.1917975
0.2107391
0.1913683
0.2110388
0.1929473
0.2152111
0.1732838
0.2112079
0.1835292
0.195534
0.2136177
0.2054877
0.1909043
0.199783
0.1931848
0.2132646
0.2222984
0.2237376
0.2039868
0.221768
0.2275172
0.2261564
0.2434592
0.2379877
0.2096877
0.2186102
0.1876023
0.2068423
0.1845507
0.2139948
0.2013578
0.188294
0.2101038
0.1921873
0.1985086
0.2102795
0.1901056
0.2030022
0.2114883
0.194529
0.2206511
0.2074487
0.2108786
0.2284234
0.1921454
0.197745
0.2194962
0.2037481
0.2110329
0.2033459
0.1999852
0.1863059
0.246997
0.2107081
0.2166528
0.2243593
0.18483
0.2350572
0.1876419
0.2031301
0.216027
0.1927853
0.2244146
0.2053393
0.2009823
0.2235762
0.2050852
0.2170083
0.202753
0.2291292
0.1988537
0.1877908
0.2085929
0.1972417
0.226409
0.2007488
0.2243263
0.2221388
0.2031179
0.2033778
0.2129707
0.2234827
0.2110568
0.2049854
0.2164133
0.2103499
0.207705
0.2337717
0.1927261
0.2117451
0.2489641
0.2349793
0.2073885
0.1917105
0.2143868
0.210058
0.208143
0.1998965
0.1736318
0.1861865
0.1872596
0.2026262
0.166015
0.2178888
0.2060844
0.2112077
0.1916683
0.2096697
0.2288416
0.2317707
0.2107181
0.2125518
0.2107042
0.2260788
0.2288425
0.2201861
0.2528511
0.2345552
0.2286042
0.2540972
0.235831
0.2514735
0.2661709
0.2666075
0.2422771
0.2735352
0.2826546
0.2399429
0.2341554
0.2510722
0.2213759
0.2309387
0.2129633
0.2197097
0.2083163
0.2310574
0.2080548
0.2192129
0.2215163
0.1955072
0.2383184
0.2459335
0.2327692
0.249701
0.2361777
0.2287599
0.1725637
0.190896
0.1942882
0.1962584
0.2116247
0.1821923
0.1821028
0.2323162
0.2429198
0.23112
0.1897335
0.2476238
0.2280558
0.2159996
0.2019096
0.2054718
0.2172143
0.2458126
0.1921705
0.2302668
0.2415519
0.238352
0.246347
0.2789772
0.2275752
0.2514256
0.2514146
0.2278885
0.2472673
0.2444705
0.2570437
0.2438714
0.2597533
0.2565623
0.2285432
0.2526467
0.2646154
0.2538475
0.2293579
0.2479672
0.2339244
0.2463958
0.2217325
0.2289053
0.2323362
0.2337257
0.2328015
0.2433513
0.2550477
0.2305459
0.2125161
0.2532194
0.2007084
0.2140606
0.2262431
0.2224778
0.2408006
0.2216147
0.225788
0.2386991
0.233224
0.2294451
0.231699
0.2596699
0.2598829
0.2483611
0.2350194
0.2523354
0.2584284
0.1865168
0.2313338
0.2523525
0.221775
0.2309513
0.2353879
0.2252321
0.2441579
0.2754136
0.2658607
0.2711169
0.2278928
0.2777406
0.2512029
0.2442312
0.2455691
0.2282721
0.2513349
0.2639
0.2241586
0.2452922
0.2273293
0.2460232
0.2135314
0.1999939
0.2352412
0.2257942
0.2089141
0.2412406
0.2430114
0.257487
0.2436196
0.2064457
0.1869291
0.2135189
0.2159274
0.1847679
0.1824285
0.1849991
0.2476636
0.2539849
0.2243896
0.2377754
0.2577161
0.2513709
0.2505155
0.2264153
0.2884419
0.2789534
0.2725556
0.2509401
0.2795109
0.3199722
0.2962998
0.2665091
0.2407513
0.2447861
0.2138114
0.1988622
0.2424075
0.1992391
0.2519674
0.2247347
0.2515698
0.2568801
0.1800573
0.2089024
0.1821432
0.2272926
0.2181081
0.2146738
0.2173515
0.2338246
0.2195701
0.2385718
0.2158742
0.2120098
0.2086833
0.1995832
0.2243126
0.1898074
0.2147129
0.2192443
0.2092398
0.2136744
0.2204338
0.2179724
0.220653
0.2202521
0.2027725
0.2166273
0.2081802
0.2184957
0.2065375
0.2046646
0.2205712
0.2135356
0.2194597
0.2025559
0.2118188
0.2082125
0.2451152
0.213097
0.194185
0.2511711
0.2206503
0.2391537
0.200837
0.1852947
0.1916911
0.1961684
0.16811
0.181876
0.1852643
0.1879234
0.1940747
