0.2858948
0.2555464
0.2815662
0.3053066
0.2882134
0.2673385
0.2708752
0.2923614
0.3084087
0.2842001
0.3139901
0.3006395
0.3069516
0.2955033
0.2836474
0.2963053
0.2789349
0.277791
0.2707776
0.2959227
0.2848636
0.2998657
0.3084165
0.2792415
0.3048699
0.3042557
0.2738066
0.2699721
0.3013046
0.2937848
0.319321
0.3148325
0.2953835
0.3194504
0.2908194
0.2899319
0.2695719
0.2711658
0.2746756
0.2847485
0.2806674
0.2860584
0.2691801
0.2612529
0.2587593
0.2703845
0.2756682
0.2791748
0.2618517
0.2730811
0.28016
0.2747577
0.2729462
0.2839881
0.277395
0.277728
0.2822963
0.2689189
0.2764284
0.2431178
0.2658139
0.2521381
0.2696735
0.2619748
0.2719214
0.2720133
0.2701825
0.2890197
0.2788935
0.2381687
0.225408
0.2620941
0.2557876
0.2407088
0.2429932
0.2600117
0.261768
0.2681577
0.2782665
0.282791
0.2763287
0.2394823
0.2639062
0.2565886
0.2923014
0.2802374
0.2683464
0.2953364
0.2946541
0.2922072
0.2984592
0.3150079
0.2623505
0.2338385
0.2742575
0.258739
0.2460782
0.2568045
0.2458828
0.2644914
0.2426683
0.2505971
0.2345115
0.2582254
0.2798728
0.2895429
0.2574942
0.2599216
0.2641293
0.2775317
0.2625814
0.2606271
0.2714298
0.2626688
0.2651833
0.2653393
0.2930272
0.2144014
0.1987028
0.2494313
0.255605
0.2418105
0.3094171
0.2650276
0.2927527
0.2923875
0.2817723
0.282294
0.265
0.2575035
0.2808533
0.2737436
0.258177
0.25288
0.2721191
0.3022646
0.2638685
0.2819271
0.2703806
0.2673801
0.2840325
0.2921943
0.3179755
0.3147371
0.3274305
0.2722566
0.2878797
0.3082356
0.2842142
0.2761012
0.258283
0.2744728
0.2628416
0.2630142
0.2745046
0.2865327
0.2648071
0.2857756
0.296638
0.2830185
0.3021129
0.3012483
0.2942629
0.2857349
0.2946539
0.2858217
0.3112482
0.2872518
0.2913089
0.2687313
0.2592717
0.2786816
0.293382
0.2949891
0.2960525
0.2838564
0.2531851
0.2569205
0.2736037
0.2814722
0.2493857
0.2781263
0.3001088
0.2804523
0.2615372
0.2602482
0.2596695
0.2258803
0.2382622
0.2554695
0.2619441
0.2743575
0.2782615
0.2463775
0.2659817
0.2712207
0.2751816
0.2796001
0.2807677
0.2994335
0.2810942
0.2574666
0.2521038
0.2879515
0.2946157
0.2821909
0.2946756
0.291756
0.2307829
0.2567461
0.2641075
0.2707395
0.2651901
0.2738636
0.2717344
0.2483674
0.2885801
0.2558236
0.252583
0.2562594
0.2463961
0.280704
0.2752245
0.2720796
0.2540931
0.2641137
0.2982955
0.2535783
0.2738833
0.2454074
0.2483624
0.2478848
0.2543871
0.2717089
0.2390462
0.2733384
0.2972677
0.2804783
0.2419206
0.2681938
0.2847532
0.2741491
0.2843136
0.2733825
0.2815038
0.2509899
0.2961225
0.2930361
0.3150685
0.2979316
0.2714455
0.2892766
0.2924678
0.2585095
0.2338567
0.2550574
0.2300949
0.2364652
0.242852
0.2575441
0.2444099
0.2432878
0.2513072
0.2783009
0.2761274
0.2904547
0.2692076
0.2765363
0.2802959
0.2837845
0.265599
0.2657124
0.3003915
0.2744693
0.3112281
0.2757654
0.2941554
0.2866544
0.2886532
0.2639
0.2619644
0.3215818
0.3005811
0.3125817
0.2693647
0.2796721
0.2885503
0.2759332
0.26873
0.2757121
0.3115534
0.3157885
0.3048576
0.298166
0.3529028
0.2865828
0.2737968
0.2392592
0.2627977
0.2648073
0.2632204
0.2582155
0.2550127
0.2378451
0.2653051
0.2486051
0.2531065
0.2590956
0.2909375
0.2371438
0.2365393
0.2375523
0.2162474
0.2472207
0.2562384
0.2320709
0.230307
0.2334934
0.2412076
0.2508254
0.2408067
0.2394618
0.2535812
0.2364301
0.2421054
0.2430925
0.2387307
0.2533278
0.254986
0.2528406
0.2493505
0.2605202
0.2515574
0.2493633
0.2512645
0.2575403
0.2521559
0.2535141
0.2465681
0.2739621
0.245606
0.2566887
0.2361571
0.2384925
0.2481184
0.2380374
0.2594309
0.2766268
0.2848224
0.2798773
0.2531651
0.2269951
0.2651357
0.2743469
0.249943
0.2451549
0.2501648
0.2449639
0.259299
0.2112467
0.2484959
0.2582248
0.2356596
0.2415722
0.2430168
0.2287576
0.2348938
0.2111834
0.2315863
0.2338298
0.257116
0.2532428
0.2408018
0.2468282
0.2242881
0.2516273
0.2170299
0.2638373
0.2511536
0.2347493
0.2385996
0.2376232
0.2398351
0.2540978
0.2739771
0.2760109
0.260197
0.2494072
0.2367494
0.2700705
0.2679203
0.2584646
0.2270872
0.2672571
0.2393442
0.2534237
0.2622304
0.2520647
0.2718598
0.2309625
0.2366443
0.2381845
0.243347
0.2440621
0.2600826
0.2724699
0.2582461
0.2470639
0.2925014
0.2590124
0.2910715
0.2742369
0.2832603
0.2744131
0.3006871
0.2536434
0.2773013
0.3150782
0.2760846
0.2446224
0.2612539
0.256216
0.2576043
0.2588807
0.2484416
0.2588596
0.2722816
0.2365348
0.2404076
0.26696
0.2579112
0.2600732
0.2602964
0.2697049
0.2648589
0.2455737
0.2530493
0.2586673
0.2437055
0.2693512
0.256715
0.2617394
0.2513031
0.253607
0.268412
0.255283
0.2697423
0.2321511
0.2345272
0.2380723
0.246068
0.2519178
0.2365352
0.2354537
0.2561872
0.2310176
0.2476934
0.2263322
0.241269
0.2436857
0.2458583
0.2581522
0.2293162
0.2384341
0.2434461
0.2414646
0.2199248
0.2399488
0.2277442
0.2341104
0.2289101
0.2283466
0.2340078
0.2309043
0.2233396
0.2348262
0.2228943
0.2248002
0.2432574
0.2091656
0.2312769
0.2396955
0.2406568
0.2247725
0.2358981
0.216602
0.2455873
0.2482738
0.2314533
0.2537562
0.2422513
0.2435738
0.2275409
0.2553091
0.2390769
0.2656576
0.247173
0.2470214
0.2597251
0.2607852
0.2403236
0.2732995
0.249575
0.2420916
0.2445567
0.2552767
0.2603901
0.2313524
0.2272124
0.2593518
0.27254
0.2392821
0.2420877
0.2469348
0.236975
0.2376219
0.2633834
0.2459229
0.241036
0.249273
0.2497416
0.2803024
0.2449938
0.2812685
0.2586338
0.2416682
0.2392471
0.2671136
0.2535378
0.2624828
0.2395863
0.2744244
0.2416201
0.29116
0.2861881
0.3099101
0.2805539
0.2479889
0.2571801
0.2622665
0.2512368
0.2613922
0.2834299
0.2585777
0.2454309
0.2704064
0.2519917
0.2342626
0.2636269
0.2507704
0.2731082
0.2919247
0.2824961
0.2725597
0.2877791
0.2455722
0.2575976
0.2410863
0.2569632
0.2343256
0.2765937
0.2491377
0.2839835
0.308388
0.273561
0.3083156
0.324478
0.2641757
0.2685077
0.2424257
0.2396413
0.2452573
0.2499849
0.2659365
0.2533453
0.2948569
0.2385782
0.2530027
0.2641762
0.2573653
0.2706211
0.300446
0.2996228
0.2844957
0.2876329
0.2656656
0.259306
0.2409675
0.2693643
0.2862659
0.2717264
0.2467739
0.2174697
0.2536022
0.2842789
0.2661121
0.255266
0.2507846
0.2787961
0.2405461
0.2546077
0.2675456
0.2602509
0.2558304
0.2722991
0.271369
0.2659379
0.262933
0.2791756
0.2777807
0.2525284
0.2761114
0.253634
0.2746149
0.270366
0.2835728
0.2833287
0.2795091
0.2693696
0.2520175
0.2263342
0.2424363
0.2643815
0.2862072
0.2859837
0.2943099
0.2755792
0.239828
0.2864977
0.2841497
0.2862295
0.3040785
0.2858573
0.2839746
0.2738728
0.2797215
0.2712094
0.2642406
0.2549408
0.2549016
0.2672321
0.2560255
0.2226303
0.2379817
0.2777916
0.2408967
0.2510809
0.2558362
0.246663
0.2646864
0.2771543
0.2577535
0.299186
0.2558999
0.248086
0.2483777
0.252771
0.2781816
0.2690797
0.2851599
0.2572598
0.2737359
0.2926332
0.2447715
0.2871636
0.2869127
0.290617
0.2658257
0.2555665
0.2696102
0.2821034
0.2684497
0.2782384
0.2579899
0.2724196
0.263396
0.2322497
0.2660675
0.2613216
0.278153
0.2725701
0.261194
0.2582428
0.2697789
0.2775777
0.2708198
0.2815707
0.2555684
0.286324
0.2248957
0.2318409
0.2607298
0.2501765
0.2685808
0.2486818
0.2738605
0.316163
0.2854575
0.2454072
0.2602696
0.2624601
0.2673376
0.2751467
0.2559733
0.2390428
0.2658573
0.2041811
0.2534631
0.2127496
0.2268113
0.2341357
0.2533165
0.2684302
0.2456821
0.2709235
0.2840148
0.2830477
0.2749314
0.2520159
0.2824955
0.2819365
0.2867116
0.2658475
0.3022181
0.2944568
0.2933149
0.2258935
0.2681163
0.2937128
0.2844886
0.2631107
0.2823685
0.2751957
0.2846856
0.294937
0.2772926
0.2629869
0.2692385
0.2769921
0.2699
0.2694328
0.2731923
0.2768673
0.3020294
0.2856389
0.263983
0.2814133
0.2580166
0.2768363
0.2855715
0.259775
0.2650774
0.2371489
0.3015077
0.2649517
0.2481791
0.259496
0.253679
0.2785317
0.2383747
0.2342107
0.2727348
0.2527352
0.2611308
0.2592359
0.2793419
0.271308
0.2544959
0.2839853
0.2658491
0.2226573
0.2438831
0.2650604
0.2762242
0.27837
0.2692977
0.2509054
0.2561238
0.2417901
0.2496534
0.2620539
0.2611146
0.2840069
0.2558883
0.2707175
0.2537091
0.2774366
0.2630823
0.2779641
0.2581043
0.277409
0.2829015
0.2507408
0.2909762
0.2707888
0.2646794
0.2668099
0.2952613
0.2997405
0.2931504
0.2936394
0.2821301
0.2779167
0.2780086
0.2638666
0.2558383
0.2705194
0.2640373
0.256345
0.277941
0.2759587
0.276591
0.2731192
0.2950363
0.2804999
0.2688723
0.2759457
0.2596942
0.2504486
0.2561649
0.273918
0.2420507
0.2528812
0.2459242
0.2649805
0.2514673
0.2512054
0.2005325
0.2394836
0.2396671
0.2526673
0.3028543
0.2671044
0.2663085
0.2667817
0.2881202
0.2550499
0.2892123
0.2819375
0.2865301
0.2768967
0.2706742
0.3187222
0.2358814
0.2533974
0.2725724
0.2602722
0.2470501
0.256796
0.2448457
0.2687699
0.2343287
0.2737646
0.2986935
0.2582519
0.2680593
0.2198257
0.2603835
0.2394072
0.2478023
0.2193922
0.2331539
0.253365
0.2286197
0.2321911
0.2888766
0.2595664
0.2915868
0.2462817
0.2402832
0.2364556
0.2434444
0.2781719
0.2838948
0.26051
0.3200854
0.3111492
0.3095765
0.2835835
0.293727
0.2874271
0.2703114
0.2506288
0.2739055
0.269725
0.2806041
0.2820419
0.2442617
0.2568707
0.28249
0.275593
0.2552942
0.2541576
0.2309898
0.2438577
0.2706637
0.2777268
0.2539102
0.2463409
0.2655762
0.2690399
0.2574106
0.2576025
0.2373666
0.2625515
0.252839
0.2763574
0.2328442
0.2572485
0.2542171
0.2435068
0.2254721
0.2522529
0.2856745
0.2682483
0.2358248
0.2435578
0.2352326
0.2598661
0.256539
0.2566265
0.2168003
0.2381742
0.2837376
0.2562585
0.2374215
0.2665766
0.2565375
0.2405952
0.2397455
0.2713045
0.2695192
0.2670053
0.2633397
0.2639262
0.2278966
0.2390457
0.2709224
0.2867155
0.2610624
0.2829825
0.31554
0.2530167
0.2473652
0.2466702
0.2635972
0.2622044
0.2827564
0.2667325
0.2672347
0.2626425
0.2633562
0.2604467
0.2644268
0.330241
0.2882951
0.2825078
0.2766716
0.2603869
0.2916542
0.28707
0.2594204
0.284338
0.2694902
0.2395796
0.2606268
0.2866633
0.2769721
0.2646098
0.3051612
0.2704819
0.2467637
0.2495785
0.2890075
0.2555846
0.2956631
0.2706545
0.2683811
0.2667686
0.2618747
0.2633044
0.2505745
0.264935
0.2861161
0.2731279
0.2422946
0.2427428
0.2625038
0.2287572
0.2680563
0.2812952
0.2817852
0.2845965
0.3000094
0.2851842
0.2893062
0.2567657
0.3090672
0.2663316
0.2892533
0.3036537
0.2732069
0.2646064
0.2537608
0.2549148
0.253635
0.263925
0.2702217
0.2781644
0.2553113
0.2460719
0.2580822
0.2862891
0.2941461
0.2949665
0.2746834
0.2626553
0.2578403
0.255835
0.2304134
0.2952175
0.2894534
0.2667778
0.2406525
0.2631889
0.2770394
0.2315468
0.2719159
0.2590123
0.2751221
0.2795571
0.2669111
0.2676511
0.2463134
0.2524531
0.284141
0.271264
0.2440667
0.298755
0.2780365
0.3058985
0.2856613
0.270545
0.2752496
0.2835357
0.2766053
0.2907604
0.2679658
0.2809544
0.2654751
0.3159604
0.2757744
0.274933
0.2596745
0.269453
0.27498
0.2807006
0.3005468
0.29237
0.2844698
0.2566442
0.2850911
0.2949294
0.2720993
0.2791424
0.2861793
0.288419
0.2710422
0.2691308
0.2859276
0.2574424
0.3288125
0.3086354
0.2988352
0.2847019
0.2911533
0.2683083
0.2880526
0.299223
0.2798369
0.253262
0.2726196
0.2469662
0.2818316
0.2869392
0.275177
0.3141492
0.2915258
0.2877289
0.3178848
0.3339686
0.3079019
0.2873583
0.2824292
0.3399813
0.2844755
0.3165474
0.2805057
0.2619783
0.2804359
0.2745279
0.3049045
0.2920198
0.2781307
0.2948665
0.2773269
0.2870454
0.2777079
0.2669151
0.2870282
0.3299812
0.2540653
0.2757799
0.2838184
0.2730102
0.2577988
0.2807229
0.2567926
0.2767476
0.2872506
0.2385317
0.283588
0.26843
0.2958955
0.3006463
0.266349
0.2636788
0.2470313
0.2442259
0.266465
0.2513064
0.2772274
0.2562982
0.2569145
0.2578374
0.2942315
0.2571221
0.2716522
0.2624845
0.3258459
0.2916409
0.2646126
0.2823134
0.2957433
0.2883038
0.3056842
0.2925225
0.2543623
0.2507374
0.2426799
0.2897236
0.3027808
0.2781579
0.2480155
0.2566264
0.2733237
0.2717811
0.2635152
0.2551314
0.262339
0.259648
0.2898757
0.285576
0.291299
0.2710232
0.2743731
0.2636224
0.2698532
0.2715183
0.2475052
0.2510474
0.2558408
0.2727474
0.2627927
0.2574039
0.267177
0.2622475
0.2825487
0.2591891
0.2586916
0.2731181
0.300176
0.294242
0.289462
0.2648336
0.2998055
0.2963903
0.2553038
0.2587825
0.2585292
0.2862094
0.2898698
0.3029634
0.2811617
0.2831906
0.2880245
0.2487882
0.2901354
0.3059694
0.2941058
0.3313478
0.2649329
0.2700415
0.2967473
0.2749255
0.2799041
0.2932839
0.2920832
0.2790124
0.3206159
0.3230479
0.3053607
0.2731184
0.3060048
0.2918449
0.3086927
0.3043471
0.2923877
0.2857405
0.2954804
0.2628759
0.296173
0.2936536
0.2723423
0.3012667
0.2892535
0.2803043
0.2986391
0.3053296
0.2844613
0.2670539
0.2780833
0.275261
0.2874226
0.2659186
0.2713362
0.2944935
0.289967
0.2931311
0.2892943
0.2567415
0.2780971
0.2908994
0.3011039
0.298802
0.2661625
0.2754614
0.2631507
0.2802888
0.2602168
0.2751035
0.288814
0.2671555
0.2593894
0.2729572
0.2828156
0.2731816
0.2855105
0.2566411
0.2862065
0.278042
0.2846062
0.284482
0.3312077
0.2869429
0.2588619
0.2848561
0.2912959
0.2795835
0.2805556
0.2915763
0.2741194
0.2839376
0.2864301
0.2994085
0.2757338
0.2679273
0.3002787
0.2958859
0.2727425
0.3100358
0.2896558
0.3171444
0.3091026
0.2843046
0.3110818
0.3191893
0.3071068
0.2651318
0.2889553
0.2873745
0.2729506
0.2636986
0.2641844
0.2809415
0.2686474
0.2812216
0.2917681
0.2781418
0.2917169
0.3206788
0.2868936
0.2852762
0.2875523
0.3458673
0.3307146
0.2755614
0.2901498
0.3085048
0.2773665
0.2838561
0.2881285
0.3153235
0.30344
0.2611529
0.302307
0.3091122
0.2522054
0.2404443
0.2752358
0.2660049
0.2873448
0.3205265
0.2696058
0.3385603
0.2970187
0.2794834
0.2698133
0.2563189
0.2658707
0.2641656
0.2649958
0.2614892
0.2851127
0.2732979
0.3035551
0.2538737
0.2631123
0.2594856
0.2717179
0.256223
0.2890567
0.2671981
0.2708238
0.2788959
0.236883
0.2625176
0.2545239
0.2354741
0.2732424
0.251033
0.2637509
0.2771487
0.2527998
0.2857983
0.3020262
0.286597
0.2787752
0.2800812
0.2673105
0.2483051
0.2667341
0.2458364
0.2331907
0.2646236
0.2654616
0.2469832
0.2650378
0.2671501
0.2517182
0.2359917
0.2579072
0.2476095
0.2540456
0.2306776
0.2422716
0.2602275
0.2354359
0.2597071
0.2603779
0.2583089
0.2662452
0.2873391
0.2759218
0.233168
0.2626337
0.2539793
0.2485073
0.2323758
0.2657097
0.2618136
0.2798691
0.2506482
0.2535421
0.2440285
0.2640294
0.2669116
0.278056
0.2567416
0.2582796
0.2738606
0.2488349
0.2439796
0.2398883
0.2525459
0.2342612
0.2470662
0.2484898
0.2646236
0.2857514
0.2619388
0.2824215
0.2663953
0.2741001
0.2717352
0.2874196
0.2815852
0.256486
0.2354374
0.2569108
0.2269301
0.2333265
0.2434232
0.2660807
0.2616602
0.2668869
0.2690549
0.2695743
0.2584158
0.294488
0.2737196
0.2705245
0.2625412
0.2688304
0.269219
0.2732009
0.2754433
0.2659675
0.2486669
0.2599959
0.2309275
0.2652869
0.2741581
0.2539119
0.2702988
0.2802833
0.2585382
0.2659888
0.2431991
0.2726527
0.2526911
0.2809767
0.2491894
0.2511579
0.2384056
0.2355428
0.2558582
0.2652181
0.2375143
0.2514992
0.2673501
0.2748625
0.2529602
0.2806564
0.2495312
0.2703558
0.2536478
0.2477447
0.2381379
0.2576519
0.2658984
0.2544551
0.2836464
0.2777911
0.2698405
0.2678113
0.2627819
0.2765106
0.2895143
0.2931245
0.279882
0.276059
0.2767238
0.2622215
0.2908168
0.2652517
0.2940041
0.2700029
0.3132261
0.2651709
0.2774571
0.2720507
0.2611862
0.2883982
0.2693812
0.285816
0.2592314
0.2932809
0.2996904
0.2907204
0.2668843
0.3040473
0.3028186
0.3003167
0.2850666
0.275795
0.2997063
0.2723938
0.2845924
0.2609689
0.2739736
0.2811445
0.2981605
0.2846543
0.2805834
0.2656443
0.2847075
0.323838
0.2744772
0.2971002
0.2671275
0.3004426
0.2547554
0.268548
0.2821282
0.282189
0.2793505
0.2626996
0.2793348
0.291922
0.2707063
0.2543353
0.2922768
0.2985207
0.2736554
0.2973126
0.2586979
0.2863523
0.271302
0.2457341
0.3233985
0.2791195
0.2665726
0.2990701
0.2925764
0.2966954
0.2754934
0.2802645
0.2491914
0.282414
0.2987578
0.2662259
0.2357296
0.2734973
0.2350702
0.2885817
0.2559605
0.2666031
0.2592173
0.2399862
0.2467314
0.2340469
0.227021
0.2364307
0.2463987
0.2655951
0.2592423
0.2622992
0.2854526
0.2730932
0.2648818
0.2496865
0.2563405
0.2633454
0.217798
0.2177103
0.2468754
0.2590065
0.2683821
0.2667137
0.2793738
0.2402923
0.2344669
0.2860358
0.2609619
0.2669407
0.2657182
0.2458015
0.2586621
0.2719824
0.2930067
0.2393994
0.2556152
0.2665732
0.2496877
0.2882381
0.2789865
0.2547587
0.249542
0.2324659
0.2641308
0.2486642
0.2622794
0.2239101
0.2462579
0.2584464
0.2444646
0.2531793
0.2514887
0.2593286
0.2338346
0.2282356
0.2464326
0.2330811
0.2355383
0.2435605
0.2434979
0.2753775
0.2635213
0.2484662
0.2584871
0.2751561
0.2609396
0.2704727
0.2647499
0.2582833
0.2752281
0.2689724
0.2993252
0.2837066
0.2737292
0.2245145
0.2742797
0.2685376
0.2641823
0.252272
0.2476499
0.2402148
0.2394218
0.2372367
0.2259209
0.2481352
0.2707663
0.2550862
0.252555
0.2675198
0.2714655
0.266356
0.2836761
0.2498324
0.2692394
0.2562926
0.2808777
0.2508086
0.2529344
0.247286
0.275082
0.2808747
0.2344028
0.2288723
0.2451778
0.2338283
0.2563089
0.254425
0.2716478
0.2492115
0.2689197
0.2254545
0.2480683
0.255647
0.2616171
0.2706053
0.284057
0.2699132
0.2732928
0.246271
0.2518893
0.2685481
0.2602673
0.271998
0.2758828
0.2524665
0.2783422
0.2812908
0.313399
0.2764444
0.2617249
0.2753185
0.2844536
0.2641141
0.2524558
0.2871301
0.2608663
0.2845434
0.2864991
0.3075773
0.260666
0.2817228
0.2673597
0.3084542
0.2903399
0.2505144
0.2678282
0.2743199
0.2774216
0.2659638
0.2753493
0.2852609
0.2716113
0.2657326
0.249641
0.2627832
0.2425108
0.247575
0.2532179
0.2404917
0.2559908
0.2655657
0.2440221
0.2537243
0.2571992
0.2612788
0.2758777
0.2825058
0.2518744
0.2630679
0.2521273
0.2416712
0.2767335
0.2737981
0.3056574
0.2799547
0.2929235
0.2692939
0.2645914
0.302355
0.2600065
0.2593481
0.2679311
0.2566765
0.2547992
0.259657
0.2269248
0.2427614
0.2577443
0.2778885
0.2759781
0.2477139
0.250477
0.2601245
0.2482088
0.264942
0.2679245
0.2640923
0.2654034
0.248381
0.2391923
0.2437855
0.2585166
0.2439253
0.2627279
0.2611758
0.2710174
0.2660431
0.2513987
0.2572674
0.2646465
0.2606021
0.2526039
0.2659644
0.2345274
0.2489399
0.2625097
0.2738748
0.2519777
0.2509186
0.2451238
0.2632985
0.2570274
0.2798242
0.2622025
0.2783604
0.2487906
0.2629102
0.2714811
0.2331913
0.2400329
0.2360606
0.249778
0.2725397
0.2442972
0.2705005
0.2486095
0.2567776
0.245433
0.2713593
0.2524761
0.2620584
0.2624831
0.2551307
0.2591816
0.2664925
0.2607888
0.2604362
0.2625571
0.2349025
0.2493912
0.2652236
0.2585756
0.2339049
0.2328179
0.2443999
0.2752362
0.2491231
0.2512335
0.2753292
0.2417076
0.2576777
0.2270015
0.2481881
0.2631168
0.2599646
0.2384937
0.2509734
0.2541942
0.2775371
0.2623567
0.2685094
0.2703213
0.2678354
0.2783036
0.2355161
0.2669052
0.254417
0.2628922
0.2408732
0.2620461
0.2700454
0.2722004
0.232222
0.2645191
0.2591482
0.285411
0.2703224
0.2615356
0.2627894
0.2483931
0.2270468
0.2521614
0.2503195
0.2383835
0.2546577
0.2740921
0.2938478
0.2571439
0.2515494
0.2773943
0.2799303
0.2461454
0.2569318
0.2522839
0.2757719
0.2705642
0.2587106
0.2732171
0.2681989
0.2627954
0.2562742
0.2503443
0.2672379
0.2503433
0.2400446
0.2609411
0.253319
0.2452607
0.2508375
0.2378038
0.2527851
0.2497666
0.260583
0.237988
0.2577728
0.2451146
0.2398223
0.2561641
0.2486226
0.2732569
0.27347
0.2762021
0.2737919
0.2762545
0.2557266
0.2430186
0.2647055
0.2583791
0.2565744
0.2626304
0.2438519
0.2408997
0.2585871
0.261412
0.2558374
0.2507358
0.2517555
0.2647586
0.2519702
0.2381784
0.2603846
0.2523403
0.2648512
0.2463312
0.2898113
0.2622848
0.2930112
0.2637128
0.2499309
0.2599348
0.2855484
0.2868258
0.2643148
0.2528741
0.280178
0.2784865
0.2777417
0.2662738
0.2412735
0.2698736
0.2725129
0.2704739
0.2616522
0.232322
0.2410511
0.2711606
0.2227252
0.221712
0.228811
0.2769534
0.2500201
0.2479416
0.2423785
0.2532257
0.2675644
0.2518082
0.238721
0.2724327
0.2836351
0.239236
0.2267296
0.2303186
0.2436246
0.2463464
0.2441079
0.2785027
0.2744001
0.264454
0.2384291
0.2573443
0.2631352
0.318454
0.2544948
0.2392639
0.27583
0.2346767
0.2752479
0.2736165
0.2351923
0.2830299
0.2734936
0.3230056
0.2609237
0.2750323
0.2624772
0.2932269
0.2706699
0.2677843
0.2677407
0.2782178
0.2680195
0.2860545
0.2838199
0.2571845
0.3295663
0.2494176
0.2009942
0.2307902
0.2554618
0.2071905
0.1903593
0.2302542
0.2132052
0.1887507
0.185013
0.2488625
0.2136132
0.1961071
0.2048294
0.2007976
0.2138277
0.1842354
0.180205
0.1956018
0.2403301
0.2568066
0.2121071
0.194077
0.2035417
0.2190973
0.2225431
0.1723645
0.2270968
0.2139768
0.186332
0.2004979
0.2560701
0.2361138
0.2121963
0.203988
0.2007074
0.2238216
0.2221198
0.2070707
0.2523263
0.229231
0.246668
0.1937155
0.1959521
0.1968711
0.1916893
0.2005453
0.1842562
0.2301586
0.1934694
0.1981526
0.1908051
0.1666297
0.1659674
0.1998629
0.2150064
0.1693218
0.1994212
0.2075347
0.2290975
0.1727685
0.2009178
0.281265
0.291667
0.2645251
0.2573939
0.2454927
0.2688497
0.2999063
0.2431793
0.2714466
0.2368747
0.2673838
0.2504023
0.235025
0.2660728
0.2726311
0.2948451
0.2569958
0.2847754
0.2516527
0.2674211
0.2957729
0.2872456
0.278222
0.2566103
0.2548003
0.266915
0.2923572
0.2694052
0.3056017
0.2869208
0.2800392
0.2769688
0.2925632
0.2541214
0.2727386
0.2544795
0.2525478
0.2559988
0.2663187
0.2294745
0.2536073
0.2673818
0.2587418
0.2357646
0.2568073
0.2774613
0.2798055
0.2617183
0.3053651
0.2647832
0.2719999
0.2724377
0.2755712
0.2724501
0.2675378
0.232162
0.2840377
0.2546932
0.2478004
0.2637894
0.2530751
0.2778535
0.2570781
0.2746574
0.260669
0.2520761
0.2683458
0.2882318
0.2555435
0.2540719
0.2580049
0.2990215
0.2743622
0.2463562
0.3123669
0.2465895
0.2570431
0.2613864
0.2894466
0.2493126
0.2610026
0.2713018
0.2606782
0.2837491
0.2501141
0.2105944
0.2028128
0.1948706
0.2061706
0.2485935
0.2273687
0.2491284
0.2297608
0.2293104
0.260902
0.2556553
0.2485524
0.2668751
0.2703577
0.2404004
0.2450932
0.2481156
0.2333827
0.2248734
0.2687548
0.250092
0.2698229
0.2897615
0.2373716
0.242326
0.2500791
0.2312898
0.2659043
0.2420565
0.2638499
0.2958202
0.249844
0.2497225
0.2299182
0.2423221
0.2668922
0.2202286
0.2761131
0.2442445
0.2438057
0.2537842
0.2470748
0.2479956
0.2598594
0.2429028
0.2757365
0.265462
0.2457682
0.2310396
0.264967
0.2420946
0.2480102
0.2383674
0.255116
0.2567211
0.2619386
0.262943
0.2583383
0.2540495
0.2810617
0.257551
0.2504664
0.2574884
0.2725433
0.2832513
0.2733981
0.2665397
0.2386295
0.2860071
0.2787549
0.3059188
0.2888715
0.2517804
0.2490315
0.2743448
0.2630513
0.2641037
0.2822417
0.2675716
0.3014905
0.3154137
0.269664
0.2542047
0.2495995
0.2486235
0.2362098
0.2453827
0.2574157
0.2666554
0.2342571
0.2633939
0.252012
0.2660652
0.2653791
0.2761559
0.2848425
0.2789955
0.2420376
0.2413087
0.2599924
0.2698591
0.2438046
0.2423454
0.2218786
0.2436529
0.2373006
0.238814
0.2379978
0.2456541
0.2681294
0.2511044
0.2704043
0.2770138
0.2466374
0.2674099
0.2478256
0.2294925
0.272106
0.2797506
0.2873959
0.2719726
0.2592599
0.2287164
0.2289973
0.2435125
0.2545505
0.2722598
0.2460878
0.2673737
0.2715233
0.2618782
0.3050686
0.2771542
0.2546405
0.2744913
0.3106673
0.2655125
0.2819096
0.30207
0.2968154
0.296669
0.2576136
0.2798921
0.2490487
0.2515266
0.256372
0.2743517
0.2583777
0.2540319
0.2635098
0.290317
0.263678
0.3303742
0.3152155
0.3100541
0.2786311
0.2690531
0.2844997
0.259055
0.2814522
0.2795139
0.278904
0.2551807
0.2918988
0.275351
0.2865618
0.2464954
0.3089125
0.2718233
0.2632088
0.2919032
0.2992206
0.3204666
0.2607891
0.2849405
0.2526655
0.2537203
0.2616628
0.2686173
0.2527022
0.2708777
0.3116571
0.3132507
0.2954076
0.3111012
0.2713377
0.27957
0.279545
0.3026529
0.2607688
0.2785994
0.2564112
0.2800272
0.2273404
0.2297784
0.2809072
0.2421274
0.2316432
0.2339709
0.2247008
0.2405819
0.2642858
0.271229
0.2689289
0.2606972
0.2472875
0.2469707
0.2571985
0.2509306
0.2440206
0.2343948
0.233312
0.2384459
0.2512183
0.2194903
0.2407534
0.2337057
0.2327964
0.2482457
0.2560695
0.2581308
0.2385469
0.2265783
0.2406745
0.2371944
0.265766
0.2450202
0.2509198
0.2622288
0.2414565
0.2536075
0.2552833
0.2157215
0.2504399
0.2466455
0.2599134
0.2679952
0.2372378
0.2365994
0.2286544
0.2569101
0.2495109
0.2688993
0.2190028
0.2708617
0.2336561
0.2367678
0.2497682
0.2720509
0.2420095
0.2542822
0.2324096
0.2696898
0.2499759
0.2669525
0.2496112
0.2335854
0.2337447
0.2673267
0.2476117
0.247952
0.2483634
0.2446338
0.3109632
0.3020506
0.2798783
0.261491
0.2321855
0.2844631
0.2536256
0.2821107
0.261423
0.2536865
0.2913437
0.25491
0.2691059
0.2800045
0.2614661
0.2636522
0.3022336
0.2313484
0.2477478
0.2558072
0.2591293
0.242003
0.2639663
0.2391104
0.2420564
0.2697625
0.2538172
0.2533704
0.2245987
0.2279591
0.2290025
0.23195
0.255598
0.2434093
0.2502627
0.2571228
0.2320078
0.2249785
0.2663725
0.2521429
0.2706731
0.2373448
0.2250779
0.2468304
0.2068681
0.2457703
0.2456449
0.2753252
0.2337513
0.2406133
0.2428429
0.2669979
0.2669705
0.2336738
0.2654079
0.2061953
0.2387132
0.2605382
0.2350714
0.2269645
0.2438272
0.2197694
0.2465304
0.2480234
0.2400869
0.2494177
0.2812425
0.233565
0.2427856
0.2603924
0.251185
0.2331562
0.2624624
0.2675115
0.2710191
0.2399056
0.2333717
0.2507214
0.2630725
0.2424485
0.2407666
0.2512078
0.2471531
0.2258384
0.2601887
0.2435473
0.2559676
0.2272581
0.2530525
0.2455123
0.2855898
0.2537187
0.2402092
0.2544703
0.2732934
0.2701654
0.2491422
0.2543211
0.2533415
0.234418
0.2451168
0.2477442
0.2242938
0.2466584
0.2475468
0.2529672
0.2484456
0.2372163
0.2736455
0.2514426
0.2555907
0.2494501
0.2574959
0.2533398
0.2577173
0.2787352
0.2823976
0.2480262
0.2472412
0.2437028
0.2475083
0.271615
0.2600124
0.2452444
0.2846862
0.261668
0.2626593
0.2491394
0.2590362
0.212074
0.2895754
0.2425714
0.2476785
0.2466807
0.2688783
0.2834049
0.247493
0.2655898
0.2185602
0.2528009
0.285941
0.2802899
0.2443101
0.2458935
0.2556632
0.2582314
0.2456076
0.2558672
0.2680589
0.254476
0.2419806
0.2775343
0.2464608
0.2527349
0.2405265
0.2635284
0.2620684
0.2660305
0.2558371
0.2767619
0.2768605
0.2638686
0.24408
0.2235756
0.2526805
0.2555258
0.2322621
0.2557429
0.2521356
0.2499404
0.258608
0.2227151
0.2493169
0.2746604
0.2737696
0.2425804
0.2243378
0.2621506
0.2616798
0.2346097
0.2442789
0.2517301
0.2453099
0.2734929
0.2680171
0.2651638
0.2727627
0.2558348
0.2852394
0.2568745
0.2559161
0.2582346
0.2488968
0.2547381
0.2355828
0.2552671
0.2529263
0.2419834
0.2620883
0.2356602
0.2610135
0.2517326
0.2455467
0.2754597
0.2629592
0.2590806
0.2532958
0.2486944
0.2275887
0.2443973
0.2404997
0.2530017
0.266358
0.2355784
0.2551778
0.2435305
0.2493097
0.2322572
0.2469603
0.2835009
0.2602305
0.2193027
0.2474641
0.2549907
0.2758864
0.2505544
0.2611128
0.256407
0.2390626
0.2787589
0.2726505
0.2372809
0.2438075
0.2359592
0.2533903
0.2528133
0.2964078
0.2697308
0.2664219
0.2376054
0.2613371
0.2541603
0.2530433
0.2370245
0.2572603
0.2393109
0.2634658
0.2753414
0.23936
0.2473459
0.2377139
0.2573321
0.2506748
0.2437808
0.2793994
0.2775964
0.2771839
0.2813697
0.2595313
0.2722707
0.2797633
0.2776761
0.273621
0.2933108
0.2637319
0.2762818
0.2902707
0.3010818
0.2892528
0.2922637
0.3219989
0.3149669
0.316749
0.3011509
0.30665
0.2891742
0.2952228
0.3036489
0.2794759
0.3458316
0.2902701
0.329114
0.3143192
0.2919627
0.3152509
0.3466794
0.3361409
0.3095932
0.2968005
0.3103694
0.2602702
0.3261245
0.3522273
0.293503
0.2954466
0.3065939
0.2453827
0.2703224
0.2938629
0.2629526
0.2291605
0.2545978
0.2746928
0.2513312
0.2641429
0.2258526
0.2848479
0.2758338
0.2605377
0.2743832
0.2648482
0.2536228
0.2884817
0.2706439
0.2612995
0.2418629
0.2618041
0.2551188
0.2641441
0.2363563
0.2300715
0.2300748
0.2603598
0.2217334
0.2456484
0.2503129
0.2299604
0.247751
0.2317104
0.2497616
0.2595936
0.2541451
0.2665802
0.2222958
0.2469813
0.2313009
0.2300672
0.2598089
0.2215685
0.2759474
0.2392805
0.2628964
0.2560776
0.2303549
0.2434201
0.2670943
0.2431059
0.2302068
0.2225552
0.2412944
0.2402937
0.255071
0.2425069
0.2988258
0.2530577
0.2478343
0.2384418
0.2728412
0.2273757
0.2679068
0.2723835
0.2481276
0.2630337
0.2485741
0.2514571
0.2554116
0.2450116
0.2198587
0.2474383
0.2396711
0.2631873
0.2673757
0.2402529
0.2515021
0.2508664
0.2341395
0.225721
0.2395535
0.2382177
0.2397104
0.2155537
0.2508985
0.2340797
0.2416988
0.2225247
0.2486211
0.2445671
0.2476803
0.2421773
0.2435755
0.23587
0.2247981
0.2403807
0.2204029
0.1937789
0.2239611
0.239098
0.2298718
0.2247752
0.2276962
0.2325326
0.2286489
0.2645253
0.2639462
0.2435493
0.239192
0.2476935
0.2684812
0.243062
0.2520134
0.2341762
0.2343982
0.2285652
0.2656214
0.2718975
0.2389401
0.2642064
0.2552047
0.2614031
0.2527618
0.2501258
0.240139
0.2505511
0.2765406
0.2583377
0.2436507
0.2708236
0.248749
0.2434223
0.2761142
0.2460472
0.2426566
0.2302589
0.2464803
0.2287992
0.2354447
0.2364995
0.2136406
0.2386655
0.2354295
0.2664996
0.2349293
0.2300293
0.2169825
0.284122
0.2402706
0.2418973
0.2727524
0.2511481
0.2450759
0.2468346
0.2506884
0.2389987
0.2314853
0.2559372
0.2575958
0.2277864
0.22008
0.2333759
0.2574748
0.2520609
0.2493921
0.2376328
0.2568158
0.2370016
0.2454118
0.229704
0.2403164
0.2383019
0.2317078
0.2462297
0.2313125
0.2488695
0.2486961
0.2444557
0.238547
0.2423666
0.2433673
0.2482758
0.2595163
0.2358741
0.2169761
0.2192392
0.2372797
0.2128909
0.2309949
0.2181455
0.2138719
0.2343069
0.2248304
0.2318451
0.2120626
0.2404314
0.2340998
0.2398425
0.2524778
0.2390242
0.2422369
0.2340804
0.2044939
