0.2007813
0.1807009
0.220379
0.144557
0.1549045
0.160342
0.1422313
0.1369983
0.17302
0.2009023
0.1851522
0.1790454
0.2015146
0.1884069
0.186079
0.1913776
0.1889868
0.1530531
0.1467549
0.1727479
0.1660385
0.1700431
0.1870237
0.2061912
0.2100323
0.2059048
0.1558554
0.1714694
0.1737828
0.2093999
0.151809
0.2010953
0.1659409
0.1770211
0.1784878
0.1677778
0.1767628
0.1597837
0.1517213
0.1745523
0.1538066
0.1803245
0.1763392
0.1464228
0.1874768
0.1765181
0.1933195
0.1927624
0.1602142
0.142233
0.1577792
0.1809813
0.1622903
0.1519457
0.1398152
0.1357135
0.1771024
0.1497764
0.1620325
0.1744522
0.1691446
0.15848
0.1818974
0.1650445
0.1643225
0.155762
0.1534567
0.148261
0.1436741
0.1602249
0.1695335
0.1979323
0.1793822
0.1721595
0.1442789
0.1840297
0.1632853
0.1599198
0.1547894
0.1664963
0.1764721
0.1497749
0.1335689
0.1822621
0.2214924
0.1911881
0.1890123
0.1821624
0.196394
0.1726511
0.218702
0.1937523
0.2110645
0.1574799
0.2017307
0.188322
0.1761231
0.1850727
0.1862255
0.1749534
0.1714546
0.1888865
0.2033797
0.2105187
0.2043644
0.1825729
0.1953027
0.1930015
0.1964421
0.187599
0.2041657
0.1881419
0.2347654
0.22752
0.1867341
0.1980473
0.2273962
0.1704935
0.1877285
0.200725
0.232156
0.2235352
0.2278363
0.1943776
0.1391432
0.2163061
0.1386701
0.1755808
0.1704541
0.205455
0.2126082
0.1594861
0.1527256
0.1887758
0.158475
0.1744569
0.1706372
0.1698809
0.1634508
0.1994248
0.2267149
0.221511
0.1845375
0.2003207
0.2072355
0.1837828
0.2346342
0.1895907
0.1695401
0.1775057
0.1595329
0.1496293
0.1913316
0.1681391
0.1484968
0.1530281
0.1199046
0.1184272
0.0970518
0.10212
0.0952484
0.0892224
0.1037026
0.1218436
0.0968895
0.1110361
0.09954
0.1045552
0.122895
0.1105967
0.1032985
0.1454511
0.1455167
0.1105765
0.1661552
0.1504684
0.1586464
0.1837052
0.1568165
0.1671964
0.1459074
0.1661804
0.2178014
0.1332345
0.1526952
0.1953449
0.159769
0.1863769
0.1928394
0.1804046
0.1753317
0.1395774
0.181378
0.1289983
0.1341789
0.1612768
0.1426104
0.1236315
0.1538801
0.1799373
0.1863146
0.1825843
0.179825
0.1601979
0.167297
0.1533981
0.1589891
0.1810582
0.1429112
0.1249299
0.1421084
0.1774957
0.1743146
0.1998809
0.1583715
0.1820731
0.1887331
0.1527015
0.1525145
0.1471977
0.1343829
0.120413
0.1234974
0.1249669
0.1242907
0.1047627
0.1143533
0.1011271
0.1104802
0.101629
0.1112244
0.1260384
0.1095519
0.1328936
0.0976966
0.1274782
0.1214896
0.124972
0.1242186
0.1463233
0.1364157
0.1287198
0.1506412
0.1532077
0.1443901
0.1444706
0.1224293
0.099866
0.1236772
0.1157355
0.1185254
0.125864
0.1218743
0.1311885
0.13601
0.1276907
0.1898884
0.1262385
0.1350617
0.1518026
0.1811734
0.1521727
0.1354994
0.1319627
0.1573511
0.1458133
0.1321537
0.122792
0.1229758
0.1477934
0.1140561
0.121601
0.1128846
0.1472618
0.1369731
0.1293809
0.1558739
0.1389567
0.1467403
0.1157446
0.1335752
0.1287465
0.1376819
0.1430837
0.1210634
0.1072595
0.1122349
0.1188616
0.1281182
0.119625
0.1278605
0.1647248
0.1325838
0.1530323
0.1423911
0.1304754
0.1223913
0.1410075
0.1566917
0.1338492
0.1408814
0.1555501
0.1469314
0.1206029
0.136768
0.1425078
0.117997
0.1374872
0.1338821
0.1237086
0.1317486
0.1630909
0.1634135
0.1504579
0.1310397
0.1756112
0.1548443
0.1320028
0.1698119
0.1899781
0.1934756
0.1321216
0.1471138
0.1342829
0.1534804
0.175457
0.1485204
0.1197969
0.16179
0.1458184
0.1529575
0.1830917
0.1401144
0.1314018
0.1446844
0.1528894
0.1457463
0.1186475
0.1231356
0.1664082
0.1605883
0.1299287
0.1655521
0.1249394
0.1377531
0.1358665
0.1255726
0.1044415
0.0960984
0.1229852
0.1301938
0.1151017
0.1127227
0.1180677
0.1176722
0.1517266
0.1321196
0.135032
0.1350155
0.1598257
0.1465692
0.1219199
0.1347761
0.1460923
0.14843
0.1051695
0.1458996
0.1267653
0.1256089
0.1352222
0.1325432
0.1331652
0.1348461
0.1364
0.1180148
0.130443
0.1497363
0.1496075
0.1298353
0.1289624
0.1316451
0.1379485
0.1419292
0.1470486
0.1110513
0.1219909
0.1273463
0.1301372
0.1483986
0.1594309
0.1376106
0.1444114
0.1620617
0.1579838
0.1563849
0.2312366
0.2228767
0.1759161
0.2077196
0.1616292
0.1523715
0.1237951
0.1461595
0.1333735
0.1421943
0.1142968
0.1375297
0.1708066
0.0859787
0.1256266
0.1044682
0.1183652
0.1087229
0.0939724
0.1085091
0.1317122
0.088484
0.1004023
0.120464
0.1226774
0.1170214
0.1227867
0.1289634
0.119218
0.1234356
0.1415028
0.12131
0.1289092
0.1614962
0.1606794
0.1404246
0.1403689
0.126148
0.1480764
0.1529657
0.1057881
0.1185494
0.1376771
0.1132817
0.1352069
0.1439349
0.0853948
0.1205243
0.1121816
0.1322195
0.1400892
0.1472755
0.1222101
0.123568
0.1105268
0.1173972
0.1301128
0.1396653
0.1484696
0.1402419
0.109049
0.1382641
0.1235712
0.115012
0.1217743
0.1380898
0.1060172
0.1096469
0.134978
0.130092
0.1467888
0.1058871
0.1208658
0.1022332
0.0936217
0.1755632
0.1228424
0.2016344
0.1349899
0.1594984
0.1298307
0.1625307
0.1440691
0.1500235
0.1392265
0.109117
0.1644667
0.1548246
0.1330936
0.205011
0.1578911
0.1329136
0.2289327
0.1870603
0.1455998
0.1696117
0.153932
0.1219438
0.1139419
0.1452336
0.1181813
0.1448737
0.1085029
0.1033927
0.1552875
0.1314798
0.1506154
0.1450802
0.1571578
0.1565096
0.1563938
0.1083532
0.1110779
0.0989743
0.1227046
0.1363383
0.1586916
0.1670178
0.1386113
0.2198553
0.1911676
0.1615623
0.1636794
0.1200381
0.1337898
0.1371141
0.1310305
0.1673784
0.1455024
0.1484149
0.1725547
0.135676
0.1405698
0.1340999
0.1403504
0.1437283
0.1572069
0.1453458
0.153176
0.1501141
0.1329232
0.1666904
0.1597178
0.1725459
0.15124
0.1203148
0.136082
0.1480694
0.1580612
0.1559608
0.1811308
0.1429318
0.1522406
0.1394661
0.1884105
0.1566308
0.1419526
0.1552294
0.1687482
0.1684593
0.1883493
0.2053048
0.2090959
0.1663647
0.2004702
0.1714279
0.1825364
0.2140407
0.1923618
0.1472371
0.2257699
0.1686138
0.1754846
0.2038314
0.1926918
0.2041425
0.1809261
0.1802896
0.2110353
0.2263408
0.2091848
0.1688116
0.1790745
0.1777758
0.1599203
0.1543337
0.1597122
0.1202649
0.1156543
0.1469204
0.1225916
0.1278577
0.1142156
0.1379987
0.1343301
0.1449021
0.1722943
0.1691037
0.1355846
0.1356712
0.1678365
0.1541726
0.1307069
0.1335146
0.1712482
0.1473672
0.1662625
0.1825825
0.1695466
0.1781583
0.1731552
0.1443861
0.1484977
0.158749
0.1646172
0.2443555
0.1988771
0.1761004
0.1757138
0.1920081
0.2036704
0.2034854
0.1808134
0.1784471
0.1920276
0.1624999
0.1658521
0.1678811
0.1702624
0.2253922
0.2032197
0.1982261
0.2143907
0.2048813
0.2074098
0.1920916
0.1716076
0.1617358
0.1932611
0.1803972
0.1792193
0.1275206
0.1796467
0.1968073
0.1804181
0.16691
0.1900197
0.191802
0.1911783
0.187628
0.1939786
0.1875432
0.2189861
0.182086
0.2042673
0.18286
0.1953718
0.1945182
0.2116911
0.1971327
0.150616
0.1797777
0.1856999
0.1823522
0.2005867
0.1825583
0.1682385
0.1659991
0.2079704
0.1829632
0.1889554
0.1630965
0.1895131
0.1688288
0.1908877
0.1496474
0.1753811
0.1710521
0.1555411
0.1767734
0.146256
0.1633011
0.1757484
0.1342972
0.1308076
0.1254461
0.1681144
0.2091972
0.1887743
0.1889996
0.1389447
0.1768176
0.1673545
0.1989185
0.219
0.2530946
0.2014012
0.2035432
0.2153657
0.2683815
0.2406331
0.258039
0.2575766
0.2698447
0.2874544
0.2835103
0.258205
0.2705731
0.2403429
0.1795878
0.236544
0.2321954
0.2650082
0.2203553
0.2517872
0.2190447
0.2041873
0.2362538
0.2457502
0.2520449
0.2034303
0.2059989
0.2702547
0.2250429
0.2576209
0.2749741
0.2479239
0.2583518
0.2514648
0.2402085
0.2029783
0.1852207
0.2477851
0.2547369
0.1954153
0.234993
0.2320857
0.2380513
0.1689241
0.1788713
0.2025528
0.2546897
0.2429391
0.1427853
0.1585593
0.1992848
0.1878139
0.1456484
0.1946675
0.1903076
0.1851748
0.1862215
0.1843703
0.1651769
0.1760926
0.199784
0.2026927
0.1741746
0.2207923
0.2183744
0.205909
0.2046866
0.2147455
0.2453885
0.1963913
0.2404046
0.2179609
0.2109174
0.2374652
0.2080136
0.1839986
0.2122948
0.1767763
0.2763071
0.2476962
0.2197411
0.2511862
0.2730595
0.2183666
0.2589069
0.199321
0.1577946
0.1872834
0.1996684
0.2015598
0.1460884
0.1623566
0.1461468
0.1510716
0.1407858
0.1484752
0.2096528
0.1508237
0.1703776
0.1820236
0.1773311
0.1782733
0.1755243
0.1827639
0.1806312
0.175044
0.1729752
0.1674458
0.1753685
0.1939986
0.1832784
0.2093649
0.205879
0.1778491
0.1926982
0.1774823
0.1889204
0.1758802
0.1908496
0.1962392
0.1771826
0.228472
0.1634257
0.1878272
0.1902794
0.1802958
0.1625275
0.1715023
0.1612825
0.1913773
0.1901713
0.1841416
0.177142
0.1855768
0.1950769
0.2266919
0.1931259
0.1593169
0.1914968
0.1572814
0.1776196
0.1622125
0.190355
0.1512134
0.1509548
0.1588938
0.1569588
0.1722766
0.1729788
0.1633567
0.1586222
0.1491238
0.155894
0.1492069
0.135086
0.1410987
0.1375861
0.1465651
0.1745901
0.157357
0.161641
0.1544989
0.1368558
0.1404876
0.1442512
0.1578492
0.1380905
0.173202
0.1713649
0.1661969
0.1477355
0.1519732
0.1291383
0.1341862
0.1565601
0.1493017
0.1394151
0.1639067
0.1671853
0.171122
0.1687993
0.154616
0.1534601
0.1384566
0.166792
0.1655916
0.1574844
0.1647135
0.1563638
0.1478613
0.1665139
0.1658906
0.1603955
0.1652882
0.1699827
0.1759901
0.1701421
0.1730573
0.2067706
0.1585387
0.1598087
0.2043706
0.1978186
0.157954
0.1416608
0.1513379
0.1515858
0.1352795
0.1577425
0.1709635
0.1437034
0.1951704
0.1806476
0.1865441
0.1282571
0.1676295
0.1392843
0.1461131
0.1688666
0.1444459
0.1553613
0.1563702
0.1464424
0.1541658
0.1556687
0.1452476
0.142875
0.1620135
0.1448437
0.1449039
0.1588643
0.162715
0.1396665
0.1542892
0.156482
0.1416511
0.1534175
0.1447746
0.1856024
0.1720727
0.1554225
0.1552971
0.1608298
0.1598105
0.1638937
0.1607874
0.1426774
0.1693619
0.138635
0.1668291
0.1789977
0.1539868
0.1696232
0.1746319
0.1598056
0.1788108
0.1648292
0.1632419
0.1476756
0.1494289
0.1446264
0.1604794
0.1548886
0.164209
0.1854823
0.1930041
0.1728748
0.1743798
0.1922521
0.1958748
0.1893255
0.1789029
0.1961582
0.164606
0.1633746
0.1765669
0.1594981
0.1734143
0.1873664
0.1591881
0.1492767
0.205449
0.1756465
0.1681192
0.1651739
0.1653103
0.1590772
0.1675922
0.1934084
0.1647081
0.1547959
0.1834873
0.1628899
0.1392472
0.1891428
0.1660219
0.1580798
0.1916177
0.2045147
0.1554935
0.1328642
0.1603606
0.1615528
0.1574504
0.1498517
0.1740693
0.1923933
0.1753043
0.1758736
0.1538453
0.1631871
0.14399
0.1795395
0.1738489
0.1535647
0.2124063
0.1892952
0.1719858
0.1674611
0.1885017
0.1755174
0.1828905
0.178723
0.1350432
0.18264
0.1824116
0.1783606
0.1573124
0.1450273
0.1893906
0.1482942
0.1686919
0.1800371
0.2162123
0.1800846
0.1730483
0.1904953
0.1830426
0.1862812
0.1492374
0.1831551
0.1926
0.1736513
0.1596571
0.1800183
0.1613058
0.1869418
0.1972113
0.1828251
0.1929065
0.1944167
0.1828796
0.1672267
0.178134
0.1813331
0.177013
0.1904029
0.1824853
0.2175532
0.2076741
0.1885422
0.1863567
0.1965712
0.1686873
0.2149731
0.175691
0.2145535
0.2190106
0.2272861
0.2029305
0.2025701
0.1851182
0.1921747
0.1827106
0.1847382
0.2052617
0.2026398
0.1933223
0.2010682
0.1756182
0.1799873
0.2059321
0.1577611
0.1799911
0.1624116
0.1664829
0.1965971
0.1859156
0.2119558
0.1913013
0.1882109
0.1969006
0.2203515
0.1987232
0.1734173
0.1925281
0.1814607
0.2007918
0.2007659
0.1874919
0.1817898
0.173351
0.1662928
0.1806189
0.1896644
0.2519962
0.204486
0.217377
0.1868402
0.1841995
0.1415072
0.1766799
0.1957118
0.2187343
0.1641047
0.1636472
0.1505981
0.1392289
0.186199
0.1552903
0.1613108
0.1573256
0.1976579
0.2023222
0.24078
0.2315964
0.1752365
0.1863593
0.2013486
0.191911
0.1979227
0.2156464
0.1826506
0.2225424
0.1827506
0.1473278
0.1987423
0.1493914
0.1530585
0.1424126
0.1413172
0.1447231
0.1673787
0.141506
0.1615777
0.1305106
0.136952
0.1654359
0.1447338
0.1392987
0.1665083
0.1568208
0.1508286
0.1551012
0.1564569
0.1674597
0.1471553
0.1197662
0.1419674
0.1238085
0.1570198
0.1333748
0.1501306
0.1605433
0.177676
0.1818214
0.1633333
0.1688119
0.1947976
0.1595566
0.1622884
0.1357962
0.1381075
0.1610461
0.1302093
0.1668438
0.1494901
0.1525854
0.1685851
0.1512774
0.1494368
0.16399
0.1434235
0.1854932
0.1554017
0.1788743
0.1487064
0.1500491
0.1729146
0.1627787
0.1685296
0.1622528
0.1557972
0.165401
0.1538912
0.1626283
0.1582778
0.1733805
0.1849275
0.189854
0.1619253
0.1653005
0.1627883
0.1392514
0.1772974
0.1596376
0.1418755
0.1633697
0.1829892
0.163178
0.1446176
0.1593419
0.1571904
0.1410663
0.141932
0.172685
0.1399749
0.1409814
0.1521985
0.1352165
0.1398692
0.128671
0.128292
0.1747109
0.1694262
0.1733072
0.1785231
0.1551387
0.1732568
0.1513545
0.1884268
0.1918211
0.1973751
0.1591747
0.1395435
0.1553829
0.1534588
0.1488016
0.1243136
0.1455602
0.161958
0.1482772
0.146487
0.1473705
0.1538969
0.1433037
0.1578232
0.1614134
0.1712688
0.1469619
0.1401464
0.1195328
0.1431476
0.15039
0.151516
0.1505722
0.1656216
0.2120281
0.2245963
0.2094787
0.2357126
0.1729968
0.1876278
0.1813396
0.160898
0.1727466
0.1641213
0.1902573
0.183051
0.1726025
0.1831505
0.1720871
0.1850644
0.1725471
0.1706083
0.1683254
0.1848873
0.1672541
0.2171369
0.2235658
0.2097447
0.185916
0.2102555
0.190962
0.206233
0.1860372
0.1935228
0.2008612
0.20217
0.1689108
0.1975097
0.1956644
0.1994143
0.1677403
0.1507804
0.1473183
0.1843699
0.1363959
0.1691126
0.1968824
0.1898629
0.1613166
0.1861188
0.1694046
0.1619074
0.1499682
0.1838449
0.1876296
0.183304
0.2015391
0.1966075
0.2055169
0.1554288
0.1347678
0.1447248
0.171273
0.1543475
0.1563451
0.1707947
0.1312566
0.1560324
0.1513941
0.1891271
0.1550226
0.1882265
0.1898406
0.1702104
0.1395587
0.1576975
0.150101
0.1604737
0.186346
0.1603468
0.1802375
0.1744046
0.1681742
0.1831237
0.1580441
0.1522268
0.1591912
0.1564528
0.1669721
0.1724623
0.1670699
0.1720612
0.1804517
0.1473639
0.1295872
0.1417206
0.1459709
0.1392528
0.1553915
0.1699258
0.1440964
0.1618583
0.1502347
0.1524104
0.1661778
0.1591225
0.1568765
0.1593715
0.1630315
0.1554275
0.1247062
0.1715657
0.1781896
0.1621532
0.1721829
0.1673229
0.1244574
0.1292099
0.135025
0.104328
0.1562174
0.1508081
0.1593205
0.1558652
0.1293891
0.1449547
0.1334552
0.15399
0.1382579
0.1421173
0.1281056
0.1383776
0.1296783
0.1550322
0.1543143
0.1737456
0.1878027
0.1440743
0.1738118
0.1318777
0.1332357
0.1480473
0.1424643
0.1629659
0.1502983
0.1687133
0.1635061
0.1451486
0.174446
0.1593729
0.1615613
0.1811408
0.1692884
0.1462837
0.1591848
0.1443983
0.1614249
0.1482342
0.1329762
0.1335094
0.1364934
0.1408339
0.1311415
0.1344787
0.1932104
0.1827028
0.1805578
0.2076312
0.1741257
0.1856118
0.1657903
0.1583804
0.1684535
0.1547205
0.167135
0.1859036
0.1703486
0.1719689
0.1572302
0.1670482
0.1425504
0.1619838
0.1680876
0.1601282
0.1470384
0.1379027
0.1344395
0.136205
0.1274349
0.1302655
0.1463242
0.1604372
0.1139676
0.1527013
0.1464622
0.1365884
0.1298728
0.1449132
0.1461187
0.1439172
0.120231
0.1256451
0.1680239
0.1583588
0.1488355
0.1694172
0.1216343
0.1330026
0.125311
0.1362795
0.1575137
0.1350937
0.1650848
0.1524741
0.1615205
0.1433777
0.1610679
0.1473211
0.1415476
0.1436785
0.1366677
0.1311425
0.144351
0.1449205
0.1571455
0.1624801
0.1744807
0.17773
0.1595667
0.193828
0.1674204
0.1407746
0.1628571
0.1482089
0.1504891
0.1630242
0.1402223
0.1588687
0.1747296
0.1781296
0.1982708
0.1882563
0.1723526
0.17707
0.1683928
0.186497
0.1629288
0.1470872
0.1345313
0.1855274
0.1378245
0.1607216
0.1407877
0.1702044
0.1739564
0.1500115
0.1240868
0.1518656
0.1469162
0.1615282
0.1500905
0.177063
0.152751
0.1436136
0.1651381
0.1732338
0.1592948
0.1692466
0.1454715
0.1659991
0.1778843
0.1632403
0.1624951
0.1831957
0.1468419
0.1733645
0.1498707
0.1537007
0.1616186
0.1608161
0.1803576
0.1678136
0.1697808
0.1457818
0.168324
0.1841971
0.1500788
0.148315
0.149327
0.1717054
0.1863396
0.1575402
0.1707147
0.1474821
0.1474961
0.1445067
0.1490989
0.1638733
0.180942
0.1570048
0.1594364
0.1447196
0.1490815
0.1671036
0.1375189
0.1470847
0.1584401
0.1720711
0.1544052
0.1613315
0.1851136
0.154381
0.1434431
0.1507036
0.1455696
0.144623
0.1365386
0.1471978
0.1364352
0.1630166
0.1367087
0.12105
0.1323538
0.1608999
0.1315626
0.160752
0.1478285
0.159046
0.1364975
0.1674366
0.1438146
0.1561891
0.1422797
0.1671176
0.148956
0.1600339
0.158093
0.1575234
0.1594778
0.1513725
0.1527353
0.1753892
0.1638057
0.154974
0.1534562
0.152523
0.1698148
0.1611247
0.1628817
0.1751393
0.1482102
0.1587148
0.158133
0.1795794
0.1539372
0.1515242
0.1477119
0.1664319
0.1562811
0.1542346
0.1577993
0.1610807
0.1667666
0.1578151
0.1816976
0.1744803
0.1653194
0.158863
0.1471711
0.1522287
0.1920458
0.1427065
0.1764826
0.1517624
0.1422857
0.1489825
0.1409535
0.1526749
0.1553167
0.1628262
0.1808686
0.1531893
0.1509102
0.1354857
0.1336496
0.1626263
0.1446558
0.1573378
0.157517
0.1507897
0.1476359
0.1638085
0.1455503
0.153689
0.1698836
0.166925
0.1406504
0.1761777
0.1521546
0.1477378
0.154116
0.1587508
0.1364748
0.145804
0.1473272
0.1490244
0.165746
0.1470025
0.1402039
0.1360087
0.1404361
0.1484758
0.1597365
0.1479317
0.1325607
0.1501074
0.1578648
0.1742631
0.1622592
0.1630098
0.1572713
0.1561841
0.1714836
0.1745908
0.1922494
0.1661845
0.1779583
0.1554681
0.1521454
0.1782092
0.1677333
0.1711614
0.175923
0.1595396
0.1510038
0.1405634
0.1485114
0.1420533
0.1849506
0.1795268
0.1688086
0.1827348
0.1729238
0.1599992
0.1730349
0.1603191
0.144827
0.149026
0.1538353
0.1550729
0.1685476
0.1798633
0.1821183
0.1883183
0.1599585
0.1731593
0.1865575
0.1595717
0.1420371
0.1720392
0.1669065
0.182807
0.1864664
0.1330393
0.172716
0.142228
0.1528862
0.1643658
0.1512399
0.1621886
0.1595217
0.1525547
0.1705474
0.1647551
0.1797922
0.1714029
0.1743874
0.1640665
0.1826528
0.2041562
0.1825029
0.1581364
0.1711757
0.1616083
0.1528624
0.2036866
0.1553055
0.1700186
0.1960751
0.1594126
0.1661027
0.1456813
0.1458231
0.1549731
0.196105
0.1510395
0.150735
0.1282872
0.1741929
0.1441347
0.1281396
0.1446956
0.1202872
0.1406437
0.1263895
0.1130838
0.1349715
0.1418972
0.1285307
0.1335485
0.1286492
0.1503483
0.139544
0.1395437
0.1285967
0.1406689
0.1283422
0.1254153
0.1506128
0.1520861
0.1375277
0.1674615
0.1746967
0.1589975
0.1371819
0.1323685
0.1312588
0.1116235
0.1310285
0.1370153
0.1589518
0.1647174
0.1497217
0.1530155
0.1389877
0.1544414
0.1568143
0.1894326
0.148491
0.1319873
0.145036
0.1391825
0.1376542
0.1571857
0.1594183
0.1497326
0.157708
0.1670655
0.2118829
0.217099
0.238224
0.2075368
0.1757787
0.1913796
0.2172083
0.1951043
0.2229548
0.2298475
0.2296698
0.2140912
0.2233917
0.2220708
0.1819829
0.1540046
0.1544461
0.1735939
0.1532808
0.1437058
0.1488535
0.1757345
0.1465262
0.1455117
0.1365376
0.1521965
0.1371081
0.1433044
0.158549
0.1459905
0.2093941
0.1650115
0.2047256
0.1568287
0.1469801
0.1871288
0.1778449
0.1654004
0.1433952
0.1614181
0.1894856
0.1793135
0.1961402
0.180868
0.1694009
0.1437966
0.1630613
0.2029966
0.1615865
0.1885669
0.1620363
0.1736968
0.1504863
0.1347187
0.1720037
0.1610013
0.1683127
0.1465044
0.1594835
0.1448272
0.138891
0.1499915
0.1326201
0.1697396
0.1680086
0.1685272
0.1800276
0.1557268
0.1570953
0.1785597
0.1552446
0.1627342
0.171462
0.1454567
0.1830884
0.1494756
0.1580108
0.1643193
0.1708769
0.1838278
0.1919743
0.1905243
0.1699889
0.1538769
0.1764342
0.176352
0.1537164
0.1594291
0.153691
0.1741976
0.1949799
0.164527
0.1782804
0.1556391
0.151068
0.1344175
0.1421223
0.1538313
0.1501508
0.1554149
0.159329
0.1315949
0.1538434
0.1264656
0.1640381
0.1313476
0.1499302
0.1480016
0.163855
0.1596729
0.1552608
0.1371841
0.1528071
0.1370245
0.1546175
0.1673809
0.1676525
0.1761343
0.1587522
0.1421207
0.1624394
0.153367
0.1675952
0.1694658
0.1720119
0.1539381
0.170039
0.1583439
0.1651756
0.1697703
0.209818
0.1836365
0.203581
0.1931374
0.1927185
0.189433
0.1763923
0.1783627
0.1814534
0.1635151
0.1576661
0.172301
0.1383235
0.1354607
0.1817377
0.1763154
0.1836419
0.1651682
0.1735228
0.1377368
0.1288944
0.1466829
0.1610636
0.1572735
0.1430479
0.16581
0.1633539
0.1757646
0.1132358
0.1303227
0.14628
0.1359695
0.1507847
0.1455549
0.1446728
0.1418857
0.1721122
0.1425299
0.1840483
0.1964934
0.1855682
0.1789483
0.1465038
0.1559272
0.1503781
0.1613416
0.1810011
0.2021089
0.1497511
0.1825987
0.1617321
0.1397664
0.1184115
0.1241144
0.1318605
0.1355008
0.1298751
0.1876962
0.1871825
0.1784171
0.1795113
0.1671754
0.1603753
0.1725598
0.2115257
0.1738849
0.1647528
0.1578718
0.1612997
0.171803
0.1767557
0.1537515
0.1316172
0.1249139
0.1396268
0.1156882
0.1165566
0.1268791
0.1271409
0.120471
0.1292325
0.1342883
0.130124
0.1150976
0.1259807
0.1184441
0.109087
0.1309186
0.1258851
0.1291317
0.1546461
0.1392839
0.2021227
0.1947627
0.171493
0.151349
0.1449926
0.1573026
0.1590366
0.170686
0.1798238
0.1697229
0.1669533
0.1413124
0.1734068
0.1828005
0.179047
0.2009036
0.1809481
0.1910892
0.1791854
0.1968684
0.1693274
0.138758
0.1573432
0.1701988
0.1664028
0.1464654
0.1660768
0.1480097
0.1797615
0.2047195
0.178944
0.1724092
0.1649616
0.1665163
0.1710693
0.1604153
0.2089843
0.1939194
0.186465
0.1741018
0.1964508
0.1865077
0.1799112
0.1846846
0.1689749
0.1931759
0.181631
0.1827008
0.2168294
0.211004
0.2149498
0.2238438
0.2208404
0.1951987
0.1896266
0.1930667
0.1887958
0.1822136
0.2083461
0.1906396
0.1703223
0.1851954
0.1818196
0.1962699
0.1801476
0.2091028
0.1809126
0.1608818
0.1729357
0.1707962
0.1676153
0.1964295
0.1799437
0.1749939
0.1336887
0.1716862
0.1737234
0.1689872
0.1875617
0.1795795
0.1629457
0.1561878
0.1555853
0.1585648
0.1642098
0.1515107
0.1655575
0.1629282
0.1767147
0.1600367
0.1679803
0.1991657
0.185941
0.1668526
0.1989339
0.1831255
0.1848194
0.1823925
0.17735
0.2016196
0.2051878
0.2184416
0.174892
0.1781251
0.1647916
0.1826149
0.1866769
0.1627805
0.192161
0.1822181
0.1857174
0.1686864
0.1490218
0.1684233
0.1499397
0.1868732
0.1620244
0.1720551
0.1885159
0.1740076
0.1582233
0.1498885
0.1608948
0.1463437
0.1673317
0.1500051
0.1458134
0.1736076
0.1644466
0.1536745
0.1559217
0.1795001
0.1701134
0.1786566
0.1910161
0.1424737
0.1442241
0.1835779
0.1510289
0.1724651
0.1705961
0.1836115
0.1691338
0.1492185
0.1694534
0.168326
0.1459314
0.1413375
0.128497
0.1162063
0.10733
0.1104361
0.1103608
0.1031998
0.1187925
0.1144776
0.1195191
0.0977653
0.1080862
0.150734
0.1184044
0.1427944
0.1278293
0.1095427
0.1344982
0.1164073
0.1320998
0.116502
0.1612861
0.1145133
0.1537504
0.1645353
0.1570259
0.1210214
0.1291145
0.143048
0.1521849
0.1504512
0.1688288
0.1365371
0.1467165
0.1544312
0.1480076
0.1506728
0.1400115
0.1311068
0.1445336
0.1507252
0.1320974
0.1208748
0.1543841
0.1234926
0.1408968
0.1534033
0.1665398
0.1499618
0.1329254
0.129569
0.1286311
0.1239894
0.1335725
0.1345818
0.1469936
0.1408543
0.1571804
0.1665229
0.1858624
0.1706786
0.1722518
0.1504325
0.1573907
0.1552636
0.1333312
0.1184555
0.1368551
0.1259715
0.1412918
0.1279793
0.1463666
0.1635451
0.1157982
0.1267188
0.1221273
0.1331201
0.0991033
0.0930244
0.1018263
0.0984208
0.1304711
0.1295163
0.1262221
0.1217741
0.1233428
0.1025285
0.1143595
0.1034714
0.1252937
0.1224079
0.129761
0.1445158
0.1233951
0.1090112
0.1274838
0.1159872
0.1293673
0.122442
0.1391783
0.1144692
0.1042741
0.1227554
0.1385913
0.1068885
0.126308
0.1341397
0.1061375
0.1283574
0.1295377
0.1191353
0.1500836
0.1239186
0.1170989
0.1366537
0.1249144
0.1342795
0.1070708
0.1093078
0.1444687
0.1190396
0.1211411
0.1356371
0.1113915
0.1026944
0.105874
0.1260418
0.1249608
0.1014103
0.1230433
0.1265822
0.1379543
0.1332971
0.128747
0.1303855
0.1482662
0.1483161
0.1331246
0.1418904
0.1484706
0.1335047
0.1432485
0.1468917
0.1248908
0.1397603
0.1230118
0.1041688
0.1170644
0.1492492
0.1416247
0.1193617
0.1173332
0.1380149
0.1183181
0.1171911
0.1323615
0.1354495
0.1219672
0.1346711
0.1036449
0.1279419
0.1083726
0.1055226
0.1415446
0.147019
0.1096012
0.1524373
0.1889187
0.1625259
0.1361924
0.13931
0.1493867
0.16818
0.1835614
0.1451453
0.1762228
0.1848611
0.1803421
0.1826397
0.179638
0.1554654
0.1590225
0.1481121
0.1475788
0.1412269
0.1610306
0.1453225
0.1633465
0.1509328
0.1574027
0.1311569
0.1504314
0.17769
0.1632778
0.1318833
0.1336486
0.1615113
0.171164
0.1780556
0.1579832
0.1546851
0.1596594
0.1219783
0.1420774
0.1341528
0.134791
0.1644696
0.162459
0.1454574
0.1518599
0.1702566
0.2202124
0.1773488
0.1441383
0.1761291
0.1450479
0.1564084
0.1569986
0.1629781
0.1669855
0.1328759
0.1652045
0.1195732
0.1509865
0.1162522
0.125754
0.1652042
0.1624999
0.1457712
0.1594571
0.1584399
0.1636058
0.1696763
0.1640891
0.1782666
0.1869894
0.1994796
0.2319811
0.1709391
0.1385417
0.1655301
0.1466135
0.1736925
0.1784901
0.202276
0.1718004
0.1757571
0.1655854
0.1981018
0.162726
0.1833105
0.1831303
0.161637
0.1445462
0.1909175
0.1623915
0.144774
0.1741616
0.1630897
0.1479104
0.1670397
0.1323592
0.1719233
0.1370523
0.1827637
0.1626227
0.1392321
0.2025041
0.1709588
0.1755586
0.1867861
0.1559629
0.1711588
0.1669383
0.1783437
0.1828954
0.1912246
0.1943029
0.1734062
0.1648895
0.1554563
0.1565317
0.1693668
0.1586213
0.1495863
0.1920553
0.1798218
0.1788009
0.1778915
0.1880571
0.1750781
0.1510434
0.1548325
0.1648536
0.1793283
0.1653799
0.1358694
0.1448399
0.1609403
0.1497646
0.1593053
0.1440804
0.1458054
0.1591084
0.1687733
0.1355031
0.1720711
0.1502903
0.1542579
0.1662975
0.1481801
0.1497362
0.1307572
0.1581515
0.1687002
0.155626
0.1547037
0.1694666
0.1491585
0.1964256
0.1788287
0.1755576
0.1695932
0.1779989
0.1633361
0.1597935
0.1787338
0.1651204
0.1669717
0.1565739
0.182522
0.1666127
0.1779103
0.201728
0.1560756
0.1904637
0.1414723
0.1420313
0.1743572
0.1669809
0.1324304
0.1258301
0.143329
0.1164486
0.1431
0.1418791
0.1073782
0.1474233
0.1247063
0.1464959
0.1255821
0.1484832
0.1414962
0.1520449
0.1562655
0.1344096
0.1427381
0.102058
0.138015
0.1595363
0.1637368
0.1602521
0.1684726
0.1574909
0.1619533
0.1488251
0.1634854
0.1623449
0.1652927
0.1879208
0.1616021
0.1598618
0.1798851
0.1748476
0.1955671
0.1791601
0.1524647
0.1490631
0.1525646
0.1457745
0.1602608
0.137628
0.1552129
0.1552388
0.1481532
0.1507011
0.15729
0.1475333
0.1902567
0.1501674
0.1459621
0.1667165
0.1419941
0.1405899
0.1440223
0.1530431
0.127639
0.1334221
0.1239192
0.1556168
0.1501334
0.1639823
0.1452365
0.1445219
0.1745384
0.1648048
0.1606981
0.1435236
0.1490622
0.1614514
0.1262724
0.1263241
0.1455986
0.1427248
0.1280505
0.1363953
0.1222494
0.135
0.1392338
0.1574534
0.1354023
0.1454841
0.1197067
0.1348268
0.1564045
0.1181581
0.1534443
0.1416969
0.1588688
0.1410507
0.1398033
0.1755356
0.155928
0.1582318
0.1528636
0.1742216
0.1652281
0.1641154
0.1624378
0.1439911
0.1428557
0.1764267
0.1511355
0.1588397
0.1834783
0.1571649
0.1611445
0.1663617
0.1642527
0.149887
0.1426183
0.1543982
0.129049
0.1460324
0.1388794
0.1553991
0.1838059
0.150342
0.1683396
0.1424481
0.1653241
0.1512392
0.1385033
0.1472841
0.1484289
0.1442856
0.1543805
0.1503503
0.1763481
0.1356645
0.1394933
0.1429965
0.1386528
0.1606804
0.1519917
0.1625623
0.1465239
0.13267
0.1360034
0.1392925
0.1507649
0.1193323
0.1529325
0.1730971
0.1614493
0.159853
0.1442077
0.1489078
0.1503567
0.1485364
0.1481117
0.1368933
0.1617089
0.1409142
0.165273
0.1618618
0.145551
0.1290073
0.1661074
0.1247746
0.1421711
0.1598736
0.1592495
0.1496252
0.1776252
0.1941324
0.1852999
0.1729489
0.1667327
0.1530863
0.1685514
0.1501106
0.1713314
0.1643542
0.1575182
0.1703935
0.17558
0.1717901
0.1890438
0.1598106
0.1708168
0.172843
0.1899435
0.1951247
0.1805872
0.166801
0.1851633
0.1895902
0.152468
0.1642259
0.1789709
0.1765303
0.1819284
0.1718187
0.1735682
0.1878447
0.1657197
0.1878774
0.2206448
0.1733949
0.1658606
0.146782
0.1638816
0.1864662
0.2013005
0.1753517
0.1824273
0.1902661
0.1608056
0.1410261
0.1716061
0.1673272
0.1873806
0.1674172
0.1753679
0.1574241
0.1894226
0.1521504
0.1454781
0.1433423
0.1360231
0.1632587
0.1636401
0.1438861
0.1798421
0.1528337
0.1561897
0.1652339
0.2068202
0.176687
0.1804625
0.1898814
0.1916532
0.1775616
0.1908396
0.1649784
0.1516225
0.1620127
0.1586483
0.196226
0.1412801
0.1495216
0.1449353
0.1827994
0.1368118
0.1355448
0.1585271
0.1578102
0.1594588
0.1375145
0.1582712
0.1633989
0.1542195
0.1673513
0.1453983
0.1404789
0.1652753
0.1516771
0.1507289
0.1541631
0.1620557
0.1694108
0.1530588
0.1517642
0.202905
0.1780684
0.1888976
0.1677099
0.188021
0.1993273
0.2079877
0.171726
0.1961733
0.1537198
0.1544243
0.1619351
0.177099
0.1680332
0.1762479
0.1640483
0.1769134
0.1578944
0.165189
0.1574851
0.1579137
0.1510021
0.1479836
0.1547312
0.1702224
0.1784061
0.1519604
0.1472007
0.1665173
0.1616998
0.2073018
0.1586089
0.1612664
0.1850623
0.1645142
0.1837987
0.1683419
0.1558937
0.1711147
0.1855207
0.1701172
0.1790288
0.1731673
0.1542304
0.1782822
0.183962
0.1684208
0.183247
0.1769037
0.1948062
0.1791448
0.2374942
0.1930646
0.1949485
0.2011842
0.1580745
0.1812693
0.1706551
0.1722153
0.2000498
0.2094115
0.1994128
0.1913113
0.1673579
0.1771772
0.1752353
0.1979663
0.2169468
0.1763317
0.1900357
0.2001365
0.2152829
0.1826061
0.2075866
0.1825197
0.1739474
0.1791392
0.1914368
0.1791646
0.1718673
0.1633565
0.1810393
0.1758243
0.1611603
0.198288
0.1582651
0.1707212
0.1591149
0.1888942
0.1519484
0.1699449
0.1518825
0.1656917
0.1633474
0.1586469
0.1395997
0.1701592
0.1262179
0.1591735
0.1529417
0.1782041
0.1842155
0.1752542
0.1451239
0.1647431
0.1360866
0.1654215
0.1669104
0.1457005
0.1622673
0.1353424
0.1491697
0.1527266
0.1487696
0.1541447
0.1699673
0.1683164
0.1776213
0.1764393
0.168501
0.141489
0.1460678
0.1745444
0.1497565
0.1417425
0.1586589
0.1543981
0.1990746
0.168359
0.1699481
0.1664885
0.1984275
0.174564
0.1544493
0.1838299
0.1854499
0.1807445
0.1568705
