0.3393531
0.3450771
0.3208927
0.3643211
0.3618121
0.3833472
0.3464388
0.3360836
0.3326438
0.3241513
0.3230784
0.3485073
0.2798585
0.3147038
0.2770148
0.2929534
0.3677762
0.3262361
0.3106288
0.2590539
0.3062225
0.3448166
0.3412448
0.3160712
0.3070021
0.3570167
0.3278047
0.3661061
0.3615584
0.3503549
0.3483667
0.3150486
0.3091589
0.3362541
0.3165675
0.3051465
0.3515417
0.2934344
0.2939979
0.2853614
0.295647
0.2523527
0.3334343
0.3184853
0.285603
0.3045596
0.3455922
0.3587664
0.3316877
0.3205169
0.3686907
0.3541546
0.3015682
0.3343568
0.3290834
0.3288051
0.3213691
0.3105236
0.3182929
0.3148394
0.3268172
0.3255773
0.3118628
0.3313859
0.3239776
0.3416919
0.3211697
0.3484757
0.3447825
0.3323448
0.3576853
0.3730429
0.2994244
0.3055711
0.2891844
0.2926924
0.2973326
0.3120708
0.3247318
0.2942299
0.3177954
0.3082431
0.3274894
0.3436624
0.3369717
0.320922
0.325761
0.3087932
0.3278833
0.3114734
0.3149386
0.2878161
0.3078691
0.356499
0.3078482
0.2939777
0.371676
0.3108445
0.309314
0.2863425
0.2543384
0.286304
0.3100133
0.3006948
0.3255024
0.3420091
0.3181261
0.3308048
0.2932516
0.3265093
0.31647
0.2961847
0.3107212
0.3011321
0.3229156
0.3146692
0.3496887
0.3009393
0.3226559
0.3504969
0.3161379
0.335199
0.3631579
0.3164332
0.3474765
0.3425973
0.3605049
0.3596495
0.3527825
0.3290173
0.3300842
0.3513074
0.3842208
0.3309348
0.349634
0.3080569
0.3568234
0.3548507
0.3298918
0.339803
0.3776182
0.3691025
0.3364641
0.3524051
0.2923575
0.3620914
0.3102
0.3076113
0.3265104
0.344082
0.3011432
0.3221708
0.3443081
0.3218075
0.3195029
0.2874209
0.3389139
0.3386033
0.3002376
0.3284403
0.2991
0.3284153
0.347834
0.3513658
0.3507098
0.3480429
0.3343811
0.3032462
0.3347816
0.3363062
0.3523763
0.336777
0.3173566
0.338296
0.3469278
0.3354121
0.3055482
0.3003259
0.3205846
0.2969446
0.3191931
0.3252931
0.2578704
0.2708455
0.2680883
0.2605634
0.269474
0.265449
0.2763836
0.2997781
0.3154698
0.3337336
0.3305972
0.3460685
0.2986216
0.3287422
0.3423778
0.3143896
0.3447249
0.3465601
0.3352279
0.2868204
0.3095363
0.3229263
0.2949978
0.317269
0.2785137
0.222008
0.2999888
0.2660761
0.296114
0.3031062
0.2636205
0.2822375
0.2974539
0.2647433
0.2692391
0.3050117
0.2769716
0.2816417
0.2720334
0.2460967
0.2732848
0.3010141
0.2540249
0.2539376
0.2908168
0.2740884
0.3191646
0.2459609
0.2995178
0.2798988
0.296134
0.2639567
0.2832977
0.2677261
0.2843973
0.2711958
0.2646171
0.293788
0.2466831
0.2754116
0.2752827
0.2807355
0.2665928
0.2463726
0.265944
0.2767652
0.2602533
0.2666488
0.2786852
0.234254
0.2526499
0.2807173
0.2626433
0.3035945
0.299407
0.3093617
0.2396913
0.2782596
0.2280031
0.2301438
0.2518423
0.2507632
0.2460399
0.2680459
0.2907065
0.270583
0.2721708
0.2611345
0.2762546
0.275202
0.3112356
0.2717217
0.2611127
0.2542076
0.2596937
0.2553334
0.2794777
0.2878231
0.2659509
0.2858125
0.2812513
0.2685393
0.2731282
0.2515727
0.2446035
0.2798653
0.2988313
0.2819857
0.3146335
0.3092948
0.3039656
0.3049049
0.3043075
0.2740299
0.3146626
0.2932998
0.2919686
0.2966934
0.2610085
0.2605428
0.2626037
0.2565524
0.2540204
0.2921273
0.2626927
0.2836314
0.2921048
0.288215
0.2700447
0.2804286
0.3067299
0.2846358
0.2863557
0.2886327
0.3268384
0.2999935
0.2919144
0.3072155
0.2659746
0.2617186
0.2705752
0.2732168
0.2975744
0.3121166
0.2807347
0.2749249
0.2710047
0.2380635
0.2762783
0.2855798
0.2966463
0.2918198
0.2974609
0.2728949
0.2635584
0.2750666
0.272644
0.2971895
0.308544
0.2803289
0.2787022
0.2730919
0.2925045
0.3088977
0.3143241
0.3041624
0.3090024
0.279361
0.2778249
0.3034649
0.2974499
0.2724115
0.2915646
0.3216184
0.3425513
0.3473182
0.2893838
0.327925
0.303323
0.3299023
0.2850218
0.3389314
0.2910082
0.2940087
0.2692077
0.2370629
0.2898868
0.2855664
0.2627922
0.299537
0.2950401
0.2930161
0.2895798
0.2882673
0.2590274
0.2832882
0.2746821
0.3034255
0.2846746
0.2882402
0.3091055
0.2754363
0.2817714
0.3125226
0.2980095
0.3065873
0.330833
0.350005
0.2737459
0.2882802
0.3021638
0.3596016
0.3393041
0.3554216
0.3370962
0.3128373
0.2896329
0.2508616
0.2684862
0.2716637
0.3072426
0.3246396
0.2766433
0.2457448
0.2671919
0.2850111
0.2768253
0.2833159
0.2445163
0.2453483
0.2574625
0.2311109
0.2618725
0.2614342
0.2285698
0.2419676
0.2265783
0.2888703
0.2789477
0.2704495
0.260921
0.2816697
0.2554342
0.3176187
0.2685173
0.2690576
0.2714044
0.2991261
0.2823576
0.2359976
0.2292647
0.2616628
0.2539669
0.2535138
0.2587939
0.261878
0.2435131
0.2717069
0.2564293
0.2792866
0.2532974
0.2679039
0.2885484
0.2891895
0.250055
0.2301682
0.2705949
0.2459389
0.2597214
0.2397559
0.2499824
0.2807197
0.243365
0.2215217
0.2163259
0.2681795
0.2423872
0.3017364
0.245118
0.2728
0.2441971
0.2375549
0.2418106
0.2752003
0.2420248
0.2337937
0.2724635
0.2509376
0.2617888
0.2510863
0.2292662
0.2285936
0.2345226
0.2794997
0.2381307
0.2760098
0.2363231
0.2842681
0.2278071
0.2330372
0.2169613
0.2309942
0.2168548
0.2391184
0.2245207
0.2291501
0.2505463
0.2591865
0.2474204
0.2299128
0.2186378
0.2669706
0.2677429
0.2242729
0.2375758
0.2511127
0.2767279
0.2509479
0.2352751
0.2658977
0.2652895
0.2386281
0.2352139
0.219045
0.2066759
0.1914203
0.2058506
0.214071
0.2158162
0.2393713
0.2225821
0.2556933
0.2311056
0.2612403
0.2479455
0.2485811
0.264559
0.267386
0.2513913
0.2316099
0.2169686
0.2173049
0.2331539
0.2717728
0.2427157
0.2468956
0.2371831
0.2910202
0.2516221
0.2810864
0.2431396
0.2474123
0.2544481
0.2645379
0.2452924
0.2504776
0.234393
0.2606103
0.2560384
0.2461406
0.2470805
0.2639204
0.2359282
0.249044
0.2918557
0.2567537
0.307768
0.2572029
0.2930424
0.2985646
0.2898843
0.3007583
0.2999183
0.2541767
0.229536
0.2297032
0.2575204
0.2702991
0.2537129
0.2678289
0.241443
0.2542507
0.2371084
0.2429351
0.2589597
0.2739133
0.246424
0.2742189
0.2397091
0.2618828
0.2365683
0.2592442
0.232962
0.2533166
0.2585075
0.2507013
0.2440758
0.22527
0.2623357
0.2501431
0.2301248
0.2484594
0.2411622
0.2664368
0.2576827
0.2427699
0.2491409
0.2659171
0.2409201
0.2668549
0.2923013
0.2913139
0.2556044
0.274472
0.2557738
0.2433861
0.2693332
0.2462328
0.2560275
0.2577085
0.2421629
0.2663695
0.2373925
0.2579694
0.2946273
0.2568572
0.2719648
0.2550613
0.2696021
0.2509819
0.2633518
0.2606829
0.2366848
0.2985631
0.255873
0.2763275
0.2587721
0.2527846
0.2694636
0.2876387
0.249212
0.2370304
0.2484789
0.2724714
0.2491645
0.2589934
0.2633431
0.2689264
0.2638144
0.249312
0.2348605
0.2289736
0.2641604
0.2488824
0.2594646
0.2440637
0.2390034
0.2450471
0.2637523
0.240688
0.2264316
0.2659576
0.2388622
0.2358872
0.2092994
0.2296576
0.2213401
0.2202341
0.227139
0.2249819
0.2436756
0.2082066
0.2153879
0.2267542
0.2462345
0.2277399
0.2251219
0.2260189
0.2210811
0.2696599
0.2395408
0.2272624
0.236186
0.2499914
0.2365218
0.2546096
0.2305073
0.2058336
0.2403069
0.2227932
0.2386054
0.2640308
0.2211532
0.2066406
0.2242637
0.2314226
0.2436051
0.2487863
0.2608961
0.2698055
0.2678804
0.2470175
0.2306278
0.2561524
0.2434969
0.2286171
0.2561635
0.2326397
0.243251
0.2242766
0.2481671
0.2582591
0.2522737
0.2551087
0.254746
0.2502778
0.2334775
0.2603841
0.2399951
0.2468392
0.2957195
0.2620581
0.2586008
0.2140448
0.2632195
0.2624754
0.2308361
0.2865699
0.2638994
0.244809
0.2757621
0.2373573
0.2389481
0.267922
0.2803756
0.2458249
0.2445403
0.2527208
0.2681583
0.262085
0.2728532
0.2377149
0.2503879
0.2415766
0.2170719
0.2823248
0.2725737
0.2621458
0.2182602
0.2432916
0.2288811
0.2376461
0.2558561
0.2819411
0.2521195
0.238377
0.2566545
0.2568304
0.2849497
0.2420396
0.2888026
0.2433788
0.2609343
0.235068
0.2717917
0.2565602
0.2686889
0.2747549
0.2713746
0.2630948
0.2523595
0.2633291
0.2532467
0.2555878
0.2521535
0.2358735
0.2274347
0.2769919
0.2347149
0.2441538
0.2549608
0.257613
0.2671227
0.2947402
0.2443584
0.2829324
0.2505244
0.248918
0.2571511
0.2652432
0.2677102
0.2674793
0.2440092
0.2524778
0.2428116
0.2463736
0.2363543
0.2532468
0.2649235
0.2615422
0.244319
0.2572585
0.243599
0.2499129
0.2357741
0.2435986
0.2639499
0.2519936
0.2718485
0.2592432
0.2210958
0.223245
0.2388692
0.2264865
0.252004
0.242844
0.2417534
0.2379299
0.2404746
0.2480327
0.2440953
0.2345598
0.2521612
0.2677942
0.2801088
0.2764573
0.2752373
0.2453557
0.2321645
0.2749169
0.251121
0.2149979
0.2557287
0.2360795
0.2325343
0.2404583
0.2024304
0.2446303
0.2510867
0.2442558
0.2419292
0.2534279
0.2266263
0.2433757
0.2279341
0.2228361
0.2390746
0.2299661
0.2299416
0.2222139
0.2450038
0.2695085
0.2402326
0.2491172
0.2543851
0.2597178
0.2430571
0.2372176
0.2402437
0.2106858
0.2376767
0.246147
0.2526253
0.2350207
0.2224358
0.24237
0.2792636
0.2354122
0.2391082
0.2395798
0.2419708
0.2278556
0.2427163
0.2793238
0.2873328
0.2524694
0.2373062
0.2538974
0.2299451
0.2551958
0.2216097
0.2192247
0.2237987
0.2544867
0.2613933
0.2496792
0.2402035
0.2480998
0.2535436
0.2738902
0.2514267
0.2348013
0.2428052
0.2254579
0.2306258
0.2277204
0.2667899
0.282649
0.2528707
0.2580439
0.2503377
0.2503813
0.2471462
0.2576463
0.2449387
0.2559398
0.2595447
0.2583897
0.2602209
0.2775048
0.2754341
0.2720565
0.2355132
0.2675678
0.2756264
0.2597624
0.2498144
0.264623
0.2604329
0.222387
0.2687641
0.2912645
0.2597276
0.2472842
0.2503732
0.2294052
0.2583758
0.2865453
0.297939
0.2969943
0.2916947
0.2472305
0.2924085
0.2663676
0.2723028
0.2654027
0.2770851
0.2665413
0.2700035
0.2597162
0.2458234
0.2581847
0.2534581
0.276163
0.2898752
0.2996381
0.2732915
0.2608369
0.255345
0.2455261
0.2598168
0.2642899
0.2749197
0.2577561
0.2795876
0.2877362
0.2472082
0.2700932
0.2556006
0.2292649
0.2572568
0.2453601
0.2676736
0.2224285
0.2483314
0.2626539
0.2720748
0.2037554
0.2356559
0.2123738
0.2030977
0.2196471
0.2257839
0.2091031
0.2608282
0.2533197
0.2422362
0.2253164
0.2508628
0.2593691
0.2523515
0.2063263
0.2375789
0.2161905
0.2610271
0.2334881
0.2486932
0.22912
0.2298282
0.2712484
0.2578357
0.2737575
0.2709078
0.3005584
0.2865507
0.2674811
0.2258502
0.2519577
0.2809419
0.2582819
0.2897676
0.2512993
0.2897943
0.2280595
0.244339
0.2469892
0.258766
0.2438466
0.2365992
0.2621459
0.2314258
0.2381332
0.2494245
0.2818657
0.2252104
0.2423208
0.2125595
0.2142007
0.2511992
0.2578185
0.2273788
0.234908
0.2571109
0.2715403
0.2943773
0.2907554
0.2381525
0.2439629
0.2695687
0.21937
0.2275308
0.2055533
0.228158
0.2056142
0.2410277
0.234552
0.2389541
0.2433734
0.254678
0.2404484
0.2377788
0.2325058
0.2362999
0.2185088
0.2383542
0.2269893
0.2319634
0.2422175
0.2311621
0.2835377
0.2660047
0.2766331
0.2522799
0.2380322
0.301266
0.2517704
0.2381659
0.2557617
0.2624307
0.2765662
0.3077434
0.2821032
0.2543282
0.2520234
0.2500768
0.238188
0.2555586
0.2965524
0.273066
0.2713782
0.2569481
0.3036904
0.2855808
0.2658624
0.2825055
0.3111325
0.2665335
0.2768437
0.3137834
0.2817047
0.2772707
0.2556915
0.3027634
0.2302137
0.2660511
0.2562722
0.2186705
0.2370672
0.208556
0.2382614
0.2376824
0.2169471
0.2600013
0.2291875
0.2238103
0.2492403
0.2612334
0.2496516
0.2418724
0.2568728
0.2187728
0.2751128
0.2444962
0.2305995
0.2360336
0.2233618
0.2310346
0.2190143
0.2341307
0.2587399
0.2595991
0.2597341
0.2507068
0.2338997
0.251009
0.2641514
0.2223104
0.2424777
0.2407201
0.2305368
0.2556013
0.2268029
0.2091858
0.2080031
0.2100978
0.2456968
0.2364565
0.2492881
0.2463907
0.2442922
0.2557968
0.2468402
0.2329623
0.2507412
0.2494046
0.2406531
0.2656159
0.2849295
0.2373442
0.2328533
0.2411205
0.2332152
0.2097543
0.2170162
0.2501832
0.2270836
0.2495605
0.2021402
0.2174911
0.2508227
0.2118278
0.2252569
0.2093598
0.2581389
0.2410338
0.2258883
0.2535457
0.2291565
0.2502123
0.2562576
0.2334876
0.2428819
0.246348
0.2870047
0.2394936
0.2329206
0.2339135
0.2636613
0.2443133
0.2897128
0.2465072
0.237533
0.2516575
0.2550325
0.281771
0.2740322
0.2867197
0.2716186
0.2767886
0.2651533
0.2611095
0.2397875
0.2288631
0.2444859
0.2048292
0.2382443
0.1988829
0.2024532
0.2418127
0.2664605
0.2481777
0.2334819
0.2253406
0.2259253
0.2445884
0.2274302
0.2929307
0.278146
0.2675617
0.2634321
0.2524877
0.2496985
0.2775575
0.2890654
0.2724465
0.2974906
0.3083359
0.2537118
0.257481
0.2493309
0.2854164
0.285678
0.3235289
0.2614212
0.3063082
0.2851601
0.2855936
0.2865428
0.284781
0.254428
0.2503379
0.3062238
0.3048624
0.3095511
0.2709471
0.3056973
0.3148507
0.292721
0.2678565
0.2718266
0.2799405
0.2823125
0.2864521
0.2723855
0.2679438
0.2705949
0.2804469
0.2568525
0.2839296
0.2856416
0.3275173
0.3176068
0.2929831
0.3416991
0.2825704
0.2768582
0.2805634
0.2985523
0.3126399
0.2999965
0.3160534
0.2890953
0.2759165
0.2820139
0.3159554
0.321009
0.3270251
0.3162337
0.3094617
0.2962414
0.2783943
0.2786639
0.3062705
0.2815014
0.314318
0.3179475
0.3154391
0.2962988
0.2772997
0.2697112
0.2677428
0.2788269
0.2839544
0.296102
0.297211
0.2855592
0.2727723
0.2449218
0.2935642
0.2782136
0.282043
0.3191985
0.2989716
0.2885828
0.3008735
0.291712
0.309395
0.2832532
0.3003661
0.2934158
0.2871583
0.2905675
0.2741897
0.3001971
0.2842064
0.2896433
0.2885715
0.303741
0.2864121
0.2967267
0.28516
0.2888306
0.3150588
0.2825157
0.2786435
0.2561025
0.2851932
0.2620683
0.2645717
0.2670327
0.276227
0.2719789
0.2431589
0.2445306
0.2561736
0.2516035
0.3047431
0.2969789
0.2959471
0.2889024
0.305137
0.3080607
0.2782271
0.3072191
0.2809982
0.3171557
0.3091824
0.3067714
0.2841596
0.296093
0.2766176
0.31092
0.2787184
0.3129429
0.280663
0.2620932
0.3308823
0.2913283
0.2824706
0.2684236
0.2934424
0.2860465
0.3111103
0.3167028
0.2884202
0.3294559
0.3198137
0.2980723
0.3114436
0.2769981
0.2903247
0.2803863
0.2457463
0.2875909
0.2928477
0.2527699
0.2889942
0.2979891
0.2711014
0.2824447
0.2819032
0.2889968
0.2799918
0.3172053
0.3039881
0.2884816
0.2587967
0.2497858
0.3179746
0.291654
0.254711
0.2887978
0.2783202
0.2379212
0.2704231
0.2783841
0.284717
0.2673655
0.2793596
0.2606904
0.2556362
0.2851385
0.2886548
0.2862905
0.3133841
0.3249421
0.286025
0.2793894
0.3078711
0.2885774
0.2753529
0.2988777
0.3349087
0.2929408
0.330422
0.2956251
0.2921841
0.310696
0.3211052
0.2979501
0.2911723
0.3196611
0.3098608
0.2904706
0.3253679
0.2793028
0.3058284
0.2919558
0.3206713
0.2967023
0.3074457
0.2933368
0.2732572
0.3083167
0.248926
0.2708621
0.2923506
0.2720808
0.2641722
0.3291536
0.2784921
0.2624328
0.2831938
0.2894293
0.2797383
0.286882
0.2944133
0.2751944
0.2986203
0.2692922
0.2670467
0.292256
0.2857953
0.2866535
0.2764553
0.2646455
0.290593
0.2731251
0.2655692
0.2971636
0.2935643
0.3347138
0.2818516
0.2553284
0.251658
0.2929263
0.3074571
0.2893079
0.2808617
0.2701638
0.304039
0.2852904
0.2753225
0.2661586
0.2502119
0.266057
0.2767144
0.2888963
0.2876495
0.2656628
0.3053217
0.2739789
0.2966565
0.276278
0.2658459
0.2809433
0.2989784
0.2677447
0.2535822
0.2663392
0.2889341
0.2792575
0.2746509
0.2918081
0.2826419
0.2815207
0.2737936
0.2958396
0.3011702
0.338943
0.3159349
0.3043072
0.2404148
0.2496724
0.2860635
0.288549
0.2604824
0.3090326
0.2721593
0.2974067
0.2709485
0.2541825
0.2794941
0.2815251
0.2569475
0.2611741
0.2469637
0.2557943
0.2730704
0.2625514
0.280785
0.2831404
0.2740828
0.2543286
0.2846261
0.2521725
0.2706642
0.2637821
0.2815296
0.2599849
0.2826597
0.2807076
0.255483
0.275455
0.2519573
0.2311067
0.2580636
0.2474152
0.2409841
0.2232326
0.224643
0.2598655
0.3013347
0.2701564
0.2777909
0.2638715
0.2786952
0.2758641
0.2756293
0.2524301
0.2824049
0.2769916
0.2557231
0.2631833
0.2814925
0.2547961
0.2734517
0.2515185
0.2548027
0.245901
0.2828921
0.2724924
0.2696374
0.2771416
0.2792
0.2635531
0.2754842
0.2428979
0.2767223
0.2612604
0.2632988
0.2976579
0.2715769
0.244989
0.2470863
0.279117
0.2739829
0.2755437
0.2867628
0.2733791
0.2964582
0.2720639
0.2768243
0.2494199
0.2418804
0.2576449
0.2599183
0.2511848
0.2315938
0.2457121
0.2049888
0.2453806
0.2236362
0.250379
0.2258285
0.2113917
0.2227222
0.2245333
0.2572693
0.2072416
0.2364875
0.2595522
0.2880335
0.2778996
0.2617324
0.2668882
0.2722882
0.2980906
0.2914628
0.2976078
0.2665478
0.277445
0.2968602
0.2397942
0.2664025
0.2710623
0.2869503
0.2779287
0.2887333
0.2665888
0.2652615
0.2749109
0.2946427
0.2574099
0.2673248
0.2636301
0.2754526
0.2674245
0.2780744
0.2593681
0.2701606
0.2780975
0.2713107
0.3056845
0.2767195
0.262684
0.2453092
0.2734398
0.2841073
0.2393829
0.2648684
0.2404104
0.2421276
0.277585
0.2625732
0.3117633
0.2882486
0.3015091
0.2821807
0.306691
0.2698341
0.3320561
0.2787246
0.2957758
0.2863514
0.2824492
0.2916689
0.2971531
0.2910935
0.3168075
0.2968583
0.2989345
0.2826562
0.278205
0.2694337
0.2839357
0.2771432
0.2719889
0.2979715
0.2939848
0.2774028
0.3063553
0.3204242
0.3195318
0.3351144
0.2672225
0.3187902
0.3035003
0.2834276
0.2307624
0.2191921
0.2545782
0.2731312
0.2819174
0.3022848
0.3158145
0.3295535
0.3071937
0.312886
0.3195728
0.3386298
0.3216509
0.3180707
0.2673605
0.3163599
0.3165237
0.3519894
0.3322449
0.3330016
0.333241
0.3143984
0.3469506
0.3269159
0.3322369
0.2950341
0.292998
0.3239299
0.3008739
0.3028305
0.2951579
0.3062031
0.2939035
0.3069141
0.2868106
0.2801914
0.2928837
0.3345571
0.2888702
0.3084859
0.3165296
0.2949221
0.2969474
0.3042744
0.2949122
0.3263319
0.293339
0.3194545
0.3000249
0.3004795
0.2829931
0.2996838
0.3037155
0.2624244
0.3331563
0.2884594
0.286723
0.29471
0.2788447
0.3013997
0.2830706
0.3312359
0.2977294
0.3175949
0.31117
0.2939447
0.3056683
0.2817376
0.3151348
0.3029984
0.2866184
0.2877937
0.3055777
0.3025655
0.2993142
0.2822253
0.2738378
0.2818064
0.2772765
0.2967992
0.2930327
0.3128585
0.3144807
0.2933328
0.2847642
0.3037498
0.2963272
0.3196607
0.3011053
0.2808002
0.2870546
0.2889633
0.3006284
0.2956338
0.3019521
0.2961401
0.2852719
0.2894513
0.262425
0.2944164
0.301091
0.3185068
0.3049772
0.3044022
0.319505
0.2996968
0.2992401
0.3407409
0.2735603
0.3325458
0.3210361
0.338131
0.3130601
0.316386
0.3391956
0.3042752
0.3288873
0.3401597
0.3302242
0.3038909
0.3642837
0.3244569
0.2880316
0.304844
0.3356525
0.3049755
0.3143169
0.3333689
0.3319178
0.3108542
0.3759613
0.3724074
0.3346729
0.346544
0.3310017
0.3617975
0.3132226
0.3475688
0.3671867
0.3017301
0.3114419
0.3291183
0.2789026
0.2904553
0.3106582
0.321455
0.3272579
0.2970331
0.2802051
0.3022108
0.3014052
0.3188925
0.2836112
0.2571311
0.3242526
0.3230214
0.3056987
0.333555
0.2798997
0.3149203
0.2780462
0.2864208
0.2790838
0.2720519
0.3175843
0.2848015
0.3225069
0.3064803
0.326139
0.3549688
0.3373157
0.3114333
0.2877175
0.3549678
0.355412
0.3806739
0.3558629
0.3567691
0.3297183
0.3334526
0.3219911
0.3420034
0.3569242
0.3200145
0.3271022
0.3073609
0.3532192
0.3198377
0.354325
0.3314913
0.317592
0.3655193
0.3170065
0.3441901
0.3405527
0.3816614
0.3480002
0.334241
0.3353651
0.3533335
0.3635016
0.3376172
0.3158074
0.3491949
0.2946719
0.3272313
0.3294503
0.305421
0.3059902
0.3285851
0.3238071
0.3169809
0.3224485
0.3055345
0.3064565
0.265672
0.344563
0.2983201
0.2943832
0.273266
0.2996562
0.2917867
0.2949949
0.2548508
0.3002014
0.3045534
0.283614
0.2645306
0.2877215
0.2785241
0.2716789
0.2736567
0.3210606
0.2793599
0.2946362
0.3078154
0.3241095
0.3577618
0.3006052
0.3277639
0.3304338
0.3096553
0.2812632
0.2902811
0.2958613
0.325709
0.3073445
0.2760396
0.2710625
0.2958837
0.2405319
0.2837321
0.2853746
0.2913921
0.2753392
0.2853537
0.285856
0.2813793
0.3064185
0.2986365
0.3102177
0.2919523
0.2670054
0.2952471
0.2728625
0.2920716
0.2885283
0.2946843
0.2741186
0.2876203
0.2967205
0.2544152
0.284566
0.3037834
0.2874752
0.2781716
0.3082562
0.3378536
0.3236002
0.3473256
0.3188658
0.3028546
0.3121974
0.2942974
0.3164433
0.289513
0.3052683
0.30184
0.3376634
0.2914769
0.3239771
0.2793161
0.3026341
0.250006
0.2687881
0.2674654
0.2819026
0.2393899
0.2666832
0.2830325
0.2827795
0.2550384
0.2845629
0.2569219
0.2429469
0.2856997
0.3306751
0.2874883
0.3080311
0.3202242
0.2602271
0.3071065
0.3129336
0.3068275
0.3414342
0.3106082
0.2559887
0.3150836
0.3136685
0.3106208
0.3153237
0.3250588
0.2973416
0.2895729
0.3152411
0.3133443
0.3272312
0.3175812
0.2992147
0.2895874
0.3203649
0.2823089
0.2992117
0.3016535
0.2658381
0.3076822
0.3200505
0.2747051
0.2784139
0.274692
0.2486116
0.2649553
0.232032
0.2941519
0.2597904
0.2272279
0.2970323
0.2875006
0.2706467
0.2548928
0.2691069
0.2716526
0.2669634
0.2548107
0.2671319
0.2355331
0.2775434
0.2503136
0.290023
0.2887574
0.2834322
0.2908853
0.2921661
0.3152772
0.2716204
0.2967407
0.2688943
0.2677296
0.281476
0.298849
0.2940505
0.2714117
0.2770424
0.3018367
0.2818037
0.2768993
0.285548
0.3020531
0.3351521
0.285258
0.2999325
0.2997503
0.2944659
0.2571335
0.2779434
0.2475851
0.2907398
0.2941523
0.2833295
0.3077995
0.2690634
0.309203
0.265903
0.2949362
0.2741398
0.2580678
0.2784826
0.2667275
0.2644817
0.2710958
0.2664189
0.3088398
0.2518192
0.2701744
0.2702024
0.2219561
0.2358159
0.2478509
0.2798727
0.2308653
0.2638373
0.2453743
0.2548787
0.257826
0.2772503
0.2789583
0.2866844
0.2459367
0.2582092
0.2523805
0.2828895
0.2797484
0.3057136
0.3082263
0.2878764
0.3271151
0.2458792
0.2886973
0.2731935
0.2424409
0.2550638
0.2627419
0.2775189
0.268991
0.2305094
0.2269121
0.2436112
0.2281135
0.2330263
0.2160791
0.2577989
0.2515592
0.2735848
0.272632
0.2681408
0.2408362
0.237295
0.2164669
0.2575059
0.2400857
0.2650575
0.2490585
0.2519578
0.2302641
0.2373351
0.2284145
0.2441428
0.2224187
0.2423272
0.2437105
0.2900366
0.2408684
0.2294467
0.2292856
0.2355367
0.2530312
0.2261905
0.241357
0.2195419
0.2373069
0.1923018
0.2512804
0.2264193
0.1846018
0.2248026
0.2659255
0.252956
0.2418188
0.2261776
0.2182338
0.2085843
0.211201
0.2622223
0.2495526
0.2340275
0.2366999
0.2514608
0.2880204
0.2829887
0.2724198
0.2689315
0.2751372
0.2568378
0.2997924
0.2760754
0.2744987
0.2884159
0.2648796
0.2753515
0.2912268
0.2777842
0.2628373
0.2484942
0.2541716
0.2740214
0.2524062
0.2694567
0.2858228
0.2961611
0.2641677
0.2800031
0.319228
0.2928981
0.2730046
0.233923
0.2475265
0.3016681
0.2903807
0.2733692
0.2506554
0.2788769
0.308374
0.2705525
0.2848622
0.304928
0.2861013
0.2778784
0.2721073
0.2748235
0.2831421
0.2412472
0.2946963
0.2926315
0.2841084
0.28471
0.2849231
0.2999424
0.2835118
0.2632922
0.2544683
0.2821178
0.2443193
0.2819269
0.2490453
0.2525895
0.2825088
0.2889931
0.2675514
0.2668568
0.2452571
0.280942
0.261441
0.2959987
0.2673048
0.2375957
0.2413494
0.2594824
0.3067589
0.2738414
0.2943385
0.3043499
0.2996161
0.2891717
0.2979446
0.2845496
0.3100533
0.2918285
0.3155198
0.3058296
0.2846774
0.3071784
0.2885126
0.2626065
0.2977082
0.3154517
0.2987108
0.3001997
0.3011818
0.3026055
0.2834488
0.2949784
0.309626
0.2757731
0.3162751
0.287584
0.2927712
0.2802205
0.2614683
0.250204
0.2871962
0.2987386
0.2872798
0.2844705
0.2630759
0.2689681
0.294124
0.2459176
0.3021973
0.2700573
0.2691011
0.2717344
0.2831411
0.2574674
0.2463747
0.3092197
0.249408
0.279838
0.3001674
0.3253085
0.2882097
0.2754504
0.2680719
0.2682506
0.267297
0.263576
0.2775561
0.2775747
0.301916
0.298428
0.2954297
0.2684543
0.253776
0.2734036
0.2839686
0.274322
0.2391256
0.2657142
0.2853812
0.2688752
0.2849849
0.3077919
0.2616886
0.2836685
0.2532138
0.248462
0.2545731
0.2624755
0.247005
0.2371646
0.2424503
0.2787862
0.2351893
0.2024822
0.2581184
0.2735846
0.2502425
0.2284308
0.2308818
0.2332979
0.2311069
0.2387032
0.2684282
0.2276124
0.216731
0.2599482
0.2510345
0.2703249
0.2613564
0.2649326
0.3011222
0.2988247
0.3180953
0.2688411
0.2619413
0.2502112
0.2334573
0.2495518
0.2458903
0.2127263
0.2601465
0.2578119
0.2330344
0.2594627
0.2367997
0.2244143
0.2383555
0.2308949
0.2116713
0.2461442
0.214018
0.2732173
0.2310643
0.233736
0.268547
0.2130564
0.2502081
0.2341748
0.2578696
0.2285049
0.206246
0.230925
0.2268443
0.2215311
0.2290076
0.2569759
0.2402413
0.2476897
0.2651255
0.2519701
0.2386405
0.2253787
0.2433649
0.2267541
0.2576643
0.2364353
0.2187553
0.2454818
0.2491873
0.2277766
0.2435056
0.2414018
0.239628
0.2337469
0.2301022
0.2346374
0.2333448
0.2624911
0.2376488
0.2434655
0.2423627
0.2616054
0.2433525
0.2474497
0.2286367
0.2664513
0.2563515
0.2388317
0.2482977
0.2763
0.2594424
0.242421
0.2702988
0.2321359
0.246738
0.2138283
0.2610381
0.2160051
0.2603938
0.2335534
0.2582926
0.2237616
0.2530794
0.2909674
0.2701929
0.2814541
0.2263455
0.2536155
0.2790895
0.256509
0.244082
0.2650603
0.2496044
0.2595309
0.2664385
0.2417513
0.2476535
0.2505275
0.256035
0.2674922
0.2429107
0.2473666
0.2767633
0.2947733
0.2969694
0.3131976
0.2538776
0.2575023
0.2838498
0.2572892
0.2796893
0.2814965
0.2855752
0.2957674
0.2807937
0.3066672
0.2899486
0.31198
0.3081359
0.2720568
0.2424
0.2968986
0.2833299
0.2564882
0.2557906
0.1892209
0.2534195
0.2843013
0.2599175
0.269745
0.2586126
0.2534342
0.2770882
0.2559309
0.269329
0.2828889
0.25278
0.2965558
0.3008576
0.2700369
0.2905228
0.2834686
0.2804204
0.295801
0.261184
0.2669089
0.2675089
0.2543867
0.2743143
0.2488367
0.2754492
0.2467272
0.2836889
0.2851132
0.2616373
0.267763
0.2767649
0.2907114
0.283399
0.2993867
0.2749168
0.2737122
0.2893628
0.2599386
0.2794191
0.2627775
0.3002768
0.2581331
0.2687812
0.292536
0.2936894
0.2741661
0.26035
0.2520372
0.2930875
0.2566729
0.2898341
0.2952869
0.2315529
0.2845402
0.3116088
0.3035493
0.3301181
0.2885542
0.2992074
0.2554089
0.2938497
0.2822045
0.2944131
0.2860633
0.3182888
0.298191
0.2393347
0.249905
0.2507551
0.2713608
0.2381415
0.2868339
0.2629482
0.2503543
0.2496876
0.2509119
0.2625513
0.2790991
0.2575608
0.2624757
0.2615284
0.2571921
0.2483042
0.2467212
0.280158
0.2710974
0.2702175
0.2706619
0.2998803
0.2674955
0.2897702
0.2433787
0.2252942
0.2573287
0.2629147
0.2562232
0.2463955
0.2390015
0.2714721
0.2356638
0.2403666
0.2619859
0.2758
0.2423758
0.2555798
0.2584165
0.3028847
0.2768932
0.2783668
0.2551076
0.2570439
0.2555474
0.2729286
0.2700264
0.2731888
0.2739023
0.3024511
0.2747759
0.2647322
0.2614923
0.2823385
0.2727742
0.2547727
0.2815554
0.2811195
0.2582113
0.2677099
0.3042283
0.2892953
0.236837
0.2438325
0.2418602
0.2608688
0.268497
0.2540768
0.241721
0.2605075
0.2533582
0.2494498
0.2616872
0.2602445
0.2326575
0.2688034
0.2555369
0.2890324
0.2717589
0.2746055
0.2853885
0.3296849
0.2984942
0.2742393
0.3171192
0.27063
0.2986653
0.3638135
0.3212746
0.2935697
0.3060763
0.3314188
0.2858877
0.3012017
0.2587861
0.2776031
0.3037162
0.3107378
0.2837604
0.2827125
0.2803709
0.2540203
0.2462695
0.2633305
0.2463028
0.2734615
0.2655902
0.2298134
0.2544969
0.2904934
0.2844847
0.2585593
0.2526188
0.2655844
0.2552288
0.260593
0.2310966
0.23951
0.2770202
0.2551764
0.2946586
0.2591929
0.255752
0.258608
0.2778399
0.2546456
0.2739211
0.275844
0.2736729
0.3027334
0.2754028
0.2935753
0.2862249
0.2807924
0.2864615
0.2921883
0.2781193
0.2686211
0.2499126
0.2569506
0.2727041
0.2624784
0.2463782
0.2575352
0.2250545
0.2624077
0.2573744
0.2553283
0.2561794
0.26974
0.2471332
0.2632757
0.2499019
0.2764152
0.2557788
0.2629288
0.244072
0.2167771
0.2722224
0.2438097
0.2305027
0.2564929
0.2791499
0.2500185
0.2643127
0.2848659
0.2883489
0.3592682
0.3709829
0.2962714
0.3132724
0.2611632
0.2968333
0.2860606
0.3174879
0.320524
0.290274
0.3091316
0.3445653
0.3123286
0.3013203
0.3180759
0.3115344
0.3571812
0.3302425
0.3055432
0.2948798
0.3008531
0.3054729
0.3101165
0.2849225
0.3211515
0.330848
0.3039753
0.2931671
0.265967
0.2721635
0.296667
0.2690069
0.2816904
0.2997068
0.3314946
0.3285573
0.3014025
0.327249
0.306044
0.2857653
0.3192622
0.3046133
0.2930513
0.307553
0.2587873
0.2984247
0.2739607
0.2882839
0.2746143
0.2681826
0.2781832
0.310678
0.2858824
0.3267561
0.3124562
0.3299821
0.3227768
0.273708
0.3061613
0.2737246
0.2764079
0.2918117
0.2903893
0.2974613
0.2833606
0.2707807
0.279727
0.2688254
0.2796799
0.2837026
0.2591671
0.2880776
0.3178489
0.3475007
0.3422791
0.3071525
0.3040939
0.2896172
0.2824447
0.3205622
0.3168744
0.2966949
0.2639095
0.2946458
0.3022699
0.2964669
0.300875
0.3057229
0.2726692
0.2976441
0.3195076
0.2825281
0.2723201
0.3093604
0.2831987
0.2926849
0.2962365
0.3128277
0.2833511
0.3112149
0.3027354
0.2922169
0.3467946
0.2828269
0.3400998
0.3352682
0.3483558
0.3411007
0.3355156
0.3507366
0.3182025
0.3020873
0.3106513
0.3558094
0.3454407
0.3493239
0.3110992
0.3155636
0.2909459
0.3365068
0.3101724
0.3232304
0.3300066
0.3266305
0.3287898
0.3385965
0.2945831
0.2917221
0.2841233
0.3212375
0.3126026
0.3123967
0.351053
0.2865454
0.303465
0.3184079
0.3288601
0.3336167
0.3326437
0.3139424
0.318405
0.3308984
0.3230238
0.3136131
0.3297941
0.3077254
0.2968281
0.2935114
0.3039898
0.2850205
0.3117945
0.342629
0.3392316
0.3305811
0.3103256
0.3513208
0.344678
0.341551
0.3478387
0.330229
0.3222346
0.3388248
0.3621039
0.3210416
0.3232888
0.312455
0.3347796
0.29806
0.3004129
0.2923826
0.3624508
0.3275227
0.3033621
0.2983434
0.2888201
0.2753033
0.2967738
0.298759
0.301718
0.3182972
0.2854872
0.3035539
0.2934345
0.2767085
0.2998043
0.297824
0.2772407
0.2847084
0.3034727
0.2963996
0.279349
0.2823572
0.2474502
0.2635065
0.2563866
0.2403235
0.2540744
0.2522557
0.2727542
0.250768
0.2559631
0.2472845
0.279287
0.2823214
0.2947305
0.2734744
0.2212748
0.2842696
0.2767076
0.2950474
0.2600731
0.2866794
0.2544327
0.2843849
0.2688776
0.2637371
0.2641401
0.2682003
0.2317208
0.2725899
0.2552231
0.2775639
0.2640671
0.2473251
0.2680924
0.2872328
0.2823033
0.2610307
0.2827643
0.244612
0.2496924
0.2781889
0.2904697
0.2888686
0.3043764
0.2739817
0.2620456
0.2789555
0.2803063
0.2813286
0.2853957
0.2705365
