0.2004766
0.2063162
0.1880853
0.2033492
0.1601103
0.1762181
0.1509227
0.167983
0.2107137
0.1716164
0.1538034
0.1621962
0.1615933
0.1885591
0.1753444
0.1745009
0.1869007
0.1788771
0.1668957
0.2071828
0.1953344
0.1972483
0.1990148
0.1860112
0.18526
0.1788265
0.1597301
0.1702113
0.1955658
0.1772683
0.1897803
0.212893
0.1671072
0.1824821
0.1788498
0.1707265
0.1765157
0.1797521
0.1627672
0.1753941
0.1602286
0.1686846
0.1648377
0.1673152
0.1830563
0.196351
0.1726304
0.1322939
0.1225284
0.1350381
0.1477523
0.1573899
0.1432705
0.1550935
0.1659261
0.1399359
0.1370155
0.142736
0.1397979
0.134348
0.1256818
0.1864702
0.1993193
0.180557
0.1882496
0.1487261
0.207669
0.2087562
0.1392139
0.1681728
0.128063
0.1371055
0.1718672
0.1457135
0.1407232
0.1185895
0.1386572
0.1540112
0.1541712
0.128829
0.1296071
0.1525932
0.1697983
0.144743
0.1640126
0.1708467
0.1426154
0.1393293
0.1285812
0.1391372
0.1561391
0.1258802
0.1280964
0.127924
0.1309526
0.1213706
0.1396148
0.1480451
0.1241128
0.1520177
0.1343338
0.1316332
0.131233
0.1660976
0.166284
0.1951977
0.1373963
0.1738158
0.1581944
0.1663076
0.1537989
0.1462982
0.1463405
0.1535597
0.1356258
0.1382589
0.1486239
0.1429124
0.1354629
0.1232599
0.1319859
0.1429277
0.1416321
0.1331503
0.1388349
0.1430709
0.1269924
0.1332541
0.1471064
0.1541785
0.1491604
0.1351263
0.1633915
0.1616856
0.17287
0.1372548
0.1542298
0.1442014
0.1364947
0.1462134
0.167141
0.1576195
0.1298234
0.1286535
0.1518575
0.1451917
0.1457949
0.1853689
0.1485779
0.1145827
0.1636076
0.154727
0.2195364
0.1951082
0.1460304
0.1448467
0.1385842
0.1625291
0.1558935
0.1643562
0.197144
0.2136462
0.2259734
0.1612563
0.1911615
0.2070493
0.1837079
0.213325
0.2204399
0.1945951
0.2142297
0.2127222
0.2526428
0.2009635
0.2063837
0.1594056
0.1622803
0.2137937
0.1398041
0.2387346
0.2067885
0.1661787
0.1181039
0.1200349
0.1232454
0.1428028
0.1795718
0.1682896
0.1355246
0.1527948
0.1542072
0.1398294
0.1260803
0.1508599
0.1658499
0.2165045
0.1656717
0.1844929
0.1440713
0.1690843
0.1607161
0.1276559
0.1575795
0.1660094
0.1307511
0.1405539
0.131589
0.1107438
0.1391525
0.1252726
0.111863
0.1262216
0.2179886
0.1322042
0.1735036
0.1368549
0.1033166
0.1852839
0.1282303
0.1557975
0.12526
0.1395806
0.1627934
0.1255614
0.1704686
0.1385772
0.1679544
0.1539542
0.1620207
0.1915618
0.1464606
0.2174957
0.1640146
0.1372438
0.1902442
0.1702789
0.1783321
0.1276976
0.1918055
0.1718265
0.2181245
0.1440337
0.1413244
0.1709933
0.1765991
0.2042278
0.2031695
0.1717128
0.2050659
0.222529
0.1868873
0.1639692
0.1376981
0.1555307
0.1822138
0.161576
0.1359445
0.1481114
0.1194024
0.1779169
0.1324159
0.1474523
0.1284921
0.1605757
0.1706092
0.1359657
0.1760999
0.1699761
0.1685127
0.154215
0.1353885
0.1399698
0.1034189
0.1593298
0.1283229
0.115145
0.1193076
0.1323436
0.1253733
0.1749371
0.1652757
0.1737192
0.1601207
0.1728147
0.1363733
0.145852
0.2057232
0.1928591
0.1980544
0.108573
0.1249079
0.1088306
0.120267
0.1306072
0.138583
0.1290265
0.1331732
0.1191399
0.1374381
0.1572427
0.1570012
0.1185341
0.1085601
0.1316497
0.124106
0.1102769
0.1217131
0.1366095
0.1269493
0.1294731
0.1362164
0.1308203
0.1129991
0.1193855
0.1389276
0.1361697
0.1362614
0.1204458
0.14886
0.1263561
0.175846
0.1465937
0.1393137
0.1408138
0.1254941
0.1416951
0.1716736
0.1596774
0.1603996
0.1453467
0.140257
0.1620088
0.137255
0.1300312
0.1689409
0.163398
0.146349
0.1236212
0.1453424
0.1358991
0.1107632
0.1113298
0.1478858
0.1213396
0.1261519
0.1211468
0.1533369
0.1322357
0.1182098
0.1308973
0.1155335
0.1578643
0.1513662
0.199551
0.1706508
0.1440193
0.1900183
0.163799
0.1299542
0.1256973
0.1436589
0.1658135
0.1322637
0.2025967
0.1431961
0.1830303
0.193461
0.1580706
0.1710157
0.1500924
0.1617289
0.1793222
0.1765825
0.1791658
0.1517542
0.1655005
0.1745532
0.1321499
0.1721703
0.1614251
0.1402125
0.1567197
0.1625993
0.1721197
0.1592454
0.1708549
0.1641351
0.1976504
0.1595694
0.1526687
0.1985919
0.1686222
0.1684594
0.1488828
0.1672261
0.1542278
0.1547676
0.1489354
0.1750155
0.1771093
0.1435638
0.1852892
0.1676155
0.1786047
0.1823336
0.1779706
0.1733709
0.1771479
0.1852989
0.1544718
0.1755191
0.1202431
0.1522741
0.1813337
0.1629755
0.1946627
0.1557067
0.152372
0.1727515
0.152236
0.1582865
0.1516782
0.1447128
0.1588421
0.1659751
0.1948442
0.1955251
0.2002523
0.2147719
0.1624422
0.1820285
0.1661055
0.1684261
0.1623789
0.1832812
0.1855805
0.1701103
0.1860659
0.1880684
0.1802262
0.1434299
0.1685427
0.2004805
0.2031891
0.2265137
0.1663713
0.1908515
0.2078628
0.1822381
0.2151014
0.1795639
0.2138809
0.1930692
0.1986438
0.1882627
0.1971521
0.1773452
0.1705957
0.1544675
0.182698
0.1891355
0.1896632
0.1815042
0.1763692
0.1869421
0.1568375
0.188014
0.1618209
0.183388
0.1789056
0.1749933
0.1503049
0.1765102
0.1842102
0.1652468
0.1761032
0.1953126
0.1891119
0.1895669
0.2031435
0.1773953
0.1894007
0.1858221
0.1899935
0.1741559
0.1815819
0.1939702
0.1832114
0.1859457
0.2087286
0.1734724
0.1734041
0.1825787
0.1586065
0.1505871
0.171693
0.1467899
0.1627873
0.1708687
0.1924819
0.1965088
0.1743792
0.1748591
0.1829215
0.1842742
0.177114
0.1969225
0.1660933
0.184671
0.1963706
0.1674981
0.1785105
0.1715251
0.1772889
0.155999
0.1792299
0.1573461
0.1675936
0.1613
0.1429998
0.1808276
0.1629494
0.1626325
0.1555677
0.1872004
0.1696583
0.1907438
0.2275191
0.1902276
0.1752665
0.1898466
0.1672517
0.1739888
0.1793425
0.1852116
0.1628138
0.1814442
0.1792022
0.1787043
0.1705329
0.1987186
0.184907
0.168548
0.1533536
0.1495433
0.1762127
0.1942311
0.1597421
0.1706652
0.1869534
0.1600425
0.1832974
0.1680946
0.1657695
0.1708658
0.1696775
0.1959211
0.2113906
0.2133966
0.1820904
0.2137616
0.1891879
0.1619859
0.1948132
0.1959641
0.1579705
0.193319
0.1581303
0.1710682
0.1971295
0.1687887
0.188235
0.1770114
0.156497
0.1798773
0.1854694
0.1896451
0.1501113
0.1790214
0.1707993
0.1415358
0.1450309
0.1644837
0.1570279
0.1767866
0.2002426
0.1954226
0.1735908
0.177791
0.1713609
0.1997701
0.1856997
0.1833
0.190661
0.1735101
0.1825414
0.1814319
0.1906173
0.1689874
0.1831091
0.1733143
0.1906242
0.1878291
0.199062
0.1795146
0.178006
0.1918446
0.2009303
0.2064502
0.2245579
0.1972792
0.2008203
0.1931283
0.2231713
0.2183579
0.1952728
0.1785559
0.1739725
0.2273877
0.177605
0.1952245
0.1681242
0.166167
0.2055899
0.1720297
0.1895133
0.167184
0.194529
0.1792364
0.1713557
0.188035
0.1871335
0.2267799
0.1980609
0.1957719
0.2258744
0.2199493
0.2190791
0.2338475
0.2118022
0.2126167
0.2240596
0.2406439
0.2139036
0.2235983
0.2235245
0.2176701
0.2265766
0.2585143
0.2224313
0.2261136
0.1790179
0.2201527
0.1982141
0.2039893
0.1824317
0.2001278
0.2098746
0.2146415
0.2059882
0.1975285
0.2236828
0.1853669
0.2219275
0.1858567
0.2215731
0.1950591
0.18545
0.1905747
0.2099323
0.2659232
0.2147524
0.2316833
0.2562661
0.2412005
0.190129
0.2421246
0.2394485
0.2488398
0.2335637
0.2438584
0.2575656
0.2525363
0.2530304
0.2566699
0.3201428
0.2865885
0.3854544
0.2892358
0.3610272
0.3031061
0.2836359
0.2941842
0.2794737
0.3022175
0.2863073
0.2868464
0.303457
0.2938103
0.2762831
0.2647602
0.3353488
0.3174956
0.2708129
0.2469027
0.2398798
0.248361
0.2650362
0.2447478
0.2357184
0.2173622
0.2215442
0.2091381
0.1986574
0.203455
0.2053108
0.2058908
0.1965492
0.1771734
0.2057808
0.1910539
0.2036264
0.2084966
0.1900295
0.1879225
0.1897247
0.1786526
0.1892571
0.2017389
0.1907048
0.2088527
0.2256357
0.1909137
0.2152515
0.2268772
0.2351854
0.2504119
0.239721
0.2141535
0.2225571
0.2152235
0.2417606
0.2306023
0.2289973
0.216343
0.2096041
0.221306
0.2146663
0.2437355
0.1930927
0.1634191
0.1695552
0.1970727
0.180037
0.1696106
0.1535686
0.2233621
0.1953543
0.1697724
0.197913
0.1869004
0.1944519
0.1818369
0.1695822
0.204108
0.2236674
0.191946
0.2386045
0.3447883
0.2947017
0.2746353
0.2407289
0.2570244
0.2726851
0.2440597
0.2493184
0.3065822
0.2261448
0.2480398
0.2109836
0.251464
0.21932
0.2388733
0.286133
0.2439789
0.186315
0.2137601
0.2443323
0.2073625
0.1793789
0.1980987
0.1868425
0.1682416
0.1964984
0.1680298
0.2028167
0.2054029
0.1779641
0.1773963
0.2047592
0.1652808
0.1803843
0.1331402
0.166998
0.1824002
0.1941348
0.2373865
0.1975612
0.2169482
0.2395054
0.2486144
0.2149736
0.227555
0.2210063
0.1968091
0.2050057
0.2086195
0.2305223
0.2165936
0.2293718
0.1970398
0.2204916
0.2520063
0.2359089
0.2342099
0.2323257
0.243244
0.2393228
0.246463
0.216286
0.2263827
0.234469
0.2282105
0.2428951
0.2412245
0.2267645
0.2323984
0.2310067
0.2206852
0.244793
0.2488895
0.2422996
0.2441262
0.2417046
0.2387647
0.2671874
0.2294005
0.2415104
0.227193
0.2443254
0.2526183
0.2301576
0.2371684
0.2035951
0.2079316
0.220888
0.2115995
0.2352048
0.2642779
0.218145
0.2039084
0.2133876
0.2202767
0.2082796
0.2075749
0.1973932
0.1814763
0.2018395
0.2033898
0.1945616
0.1815571
0.1818396
0.2233839
0.1773657
0.1930561
0.1837434
0.1707245
0.1663016
0.1672017
0.1769053
0.1899237
0.19391
0.2021672
0.1973321
0.1965368
0.1948139
0.1953609
0.1936665
0.1937409
0.1921668
0.2147222
0.2061859
0.1998032
0.1840751
0.2072094
0.1740818
0.1826547
0.1952343
0.1941594
0.1857309
0.1787892
0.1840963
0.18999
0.192881
0.1970723
0.1787054
0.1961612
0.2060274
0.1883623
0.1979928
0.2159863
0.1939083
0.2056011
0.1928321
0.1818138
0.1964433
0.1826591
0.1848956
0.1991442
0.1887574
0.1865142
0.2043727
0.2067734
0.1763277
0.1960469
0.208351
0.1859719
0.1725457
0.1855784
0.2259996
0.1751735
0.1846699
0.1802111
0.1845078
0.226416
0.1910117
0.1797736
0.2045292
0.2029265
0.2231035
0.1975256
0.1711889
0.1881438
0.1981809
0.2051221
0.1920443
0.1833609
0.1859913
0.1790175
0.1869498
0.1882196
0.1810351
0.1851451
0.1766329
0.169807
0.1814302
0.1832067
0.182631
0.1877756
0.1902466
0.1717099
0.1817372
0.1969751
0.188665
0.2037991
0.1907489
0.1850677
0.2032757
0.2054643
0.1794481
0.1721776
0.1769429
0.2046561
0.2046028
0.1870798
0.1970565
0.1971794
0.2069956
0.190461
0.2070378
0.1993984
0.2211165
0.1658409
0.1936472
0.2061576
0.1642282
0.2090396
0.2115946
0.165843
0.2202846
0.1864751
0.1912066
0.2117883
0.1837125
0.1866963
0.1760887
0.1746827
0.1797551
0.1826467
0.2047992
0.1786558
0.1971077
0.1628942
0.1736837
0.2187771
0.2161961
0.2281745
0.1948076
0.208954
0.1928441
0.216646
0.2246177
0.1886051
0.2170339
0.2007619
0.2054239
0.2046802
0.2168176
0.1981003
0.1987883
0.2012014
0.2147847
0.1985328
0.2025194
0.222399
0.222333
0.1887476
0.2077235
0.2488188
0.2105401
0.2153556
0.2202947
0.2217733
0.2078702
0.2311193
0.2185005
0.2270067
0.2178411
0.222426
0.2268208
0.2309974
0.2257526
0.2099684
0.2234537
0.2266668
0.2401215
0.2248357
0.255143
0.217646
0.22027
0.2126278
0.2390369
0.2348284
0.2234771
0.2133713
0.2344782
0.2237427
0.2448695
0.2449551
0.2220184
0.2462
0.2387253
0.2349171
0.227014
0.2438069
0.2291074
0.2443416
0.2433108
0.2203828
0.225114
0.2226071
0.2148445
0.2434801
0.2419679
0.2622761
0.2616127
0.2624082
0.255799
0.2831705
0.2792496
0.2778753
0.2672516
0.2546097
0.2581775
0.2635256
0.2561278
0.2662024
0.2325333
0.2453272
0.2338026
0.2582542
0.2638208
0.2409002
0.2449444
0.2540733
0.2531095
0.2511869
0.2640261
0.257913
0.2587544
0.2630514
0.2660359
0.2499161
0.2498835
0.2773559
0.2779032
0.2417328
0.2431609
0.2546454
0.2399855
0.2437677
0.2684071
0.2560551
0.241614
0.2662867
0.2704449
0.2357769
0.2567485
0.2332785
0.2403606
0.2621168
0.2652373
0.254978
0.255369
0.2567061
0.2577013
0.2372552
0.2687057
0.2677987
0.2512536
0.2404746
0.2610418
0.2665572
0.2527655
0.239442
0.2434866
0.2363247
0.249126
0.2413598
0.2708766
0.2854269
0.2751012
0.2619514
0.2958279
0.2735961
0.2848338
0.2797854
0.2969108
0.2914011
0.2733154
0.2747489
0.2691193
0.2793794
0.2855206
0.2841271
0.2970616
0.3010661
0.2705296
0.2801234
0.2961608
0.2736629
0.2735675
0.2750261
0.2676547
0.2915052
0.2774867
0.2742044
0.2844627
0.279734
0.2620648
0.285358
0.2785439
0.2673866
0.2599725
0.2510289
0.2517143
0.2586237
0.2855087
0.2787258
0.2727326
0.2625109
0.2754228
0.2676421
0.282391
0.2964123
0.2891597
0.2999155
0.3012913
0.2843239
0.276974
0.265193
0.2611449
0.2631059
0.2526069
0.2395976
0.248542
0.245373
0.2511128
0.243428
0.2516551
0.2344165
0.2381981
0.2573837
0.2350808
0.2672999
0.2665244
0.2453523
0.2654795
0.2614441
0.2512537
0.2410384
0.2295622
0.2460627
0.2348289
0.2526759
0.2383002
0.2480445
0.2221056
0.2462999
0.2580734
0.2399693
0.2457605
0.240489
0.2244283
0.2280964
0.2309157
0.2209319
0.2386075
0.2424551
0.2270546
0.2353317
0.2366397
0.2547871
0.2340332
0.2427015
0.2346292
0.2439781
0.2266104
0.243425
0.2176842
0.2213688
0.2171239
0.1860848
0.2217287
0.2150023
0.2084087
0.2056912
0.2280806
0.2147844
0.2185247
0.2081578
0.2146818
0.2557785
0.2290347
0.2164074
0.2289173
0.3032214
0.2717519
0.2854211
0.2851022
0.2637557
0.2699014
0.288232
0.3017212
0.2850848
0.2370437
0.2767514
0.2928399
0.2336288
0.1991963
0.2365912
0.2176139
0.269244
0.2130469
0.2383041
0.2544549
0.235446
0.26957
0.2533554
0.2342322
0.2507705
0.275985
0.254477
0.2420063
0.2019701
0.190117
0.1923728
0.2110357
0.2070385
0.2089485
0.2143631
0.220275
0.2085123
0.2343478
0.2346357
0.2273562
0.1994076
0.2203295
0.223448
0.1984299
0.2104213
0.1948908
0.2136034
0.1972104
0.2255778
0.1975414
0.1773467
0.2840876
0.2481436
0.2554017
0.244809
0.2158868
0.2262514
0.2197437
0.2210408
0.2162743
0.2327326
0.2720951
0.2254687
0.1938486
0.184622
0.2226169
0.1794111
0.198528
0.1970652
0.2076572
0.2061178
0.217721
0.1789879
0.2119741
0.1859717
0.2035772
0.248022
0.1993067
0.2006675
0.2412195
0.2115876
0.2207709
0.2051098
0.2312451
0.237713
0.224466
0.2191112
0.2058364
0.2060642
0.2711332
0.2275024
0.2217552
0.2159166
0.1934723
0.2098337
0.2137333
0.228463
0.2236169
0.2112769
0.1971391
0.2090539
0.2153659
0.2219975
0.2002162
0.1970588
0.1964171
0.194854
0.2055023
0.1798452
0.2031953
0.20686
0.2240238
0.2308553
0.2248521
0.2293057
0.2301634
0.2476832
0.1984887
0.2143637
0.196969
0.1914519
0.199211
0.2170673
0.2019391
0.2113629
0.2320989
0.2102684
0.1831648
0.1854465
0.2015936
0.1982131
0.1962189
0.1917758
0.1900903
0.2181757
0.2193592
0.2362298
0.2212519
0.2270437
0.2252002
0.2362132
0.2115803
0.2245966
0.2185666
0.18802
0.2088589
0.208296
0.2508312
0.232483
0.2393458
0.227692
0.235531
0.2262723
0.2238961
0.2248351
0.2216113
0.2403766
0.2426835
0.2470929
0.2367187
0.2171512
0.2293272
0.275542
0.2426702
0.2119733
0.2166882
0.1909906
0.2112818
0.2068995
0.2111112
0.2158692
0.2097569
0.1844981
0.2015796
0.1954459
0.2173335
0.2160822
0.2062589
0.2033986
0.215847
0.2032589
0.2137399
0.220992
0.199747
0.2372208
0.241118
0.2488476
0.2287838
0.2336957
0.2345279
0.21161
0.2530465
0.2084344
0.2063356
0.2153581
0.2153922
0.2418913
0.2099137
0.2219582
0.2034907
0.216399
0.2211791
0.2503859
0.240452
0.210275
0.2486289
0.2297072
0.2343932
0.2063531
0.2120539
0.2291291
0.2380205
0.2324245
0.2382222
0.2403452
0.2233065
0.2265083
0.2314347
0.2025181
0.2378081
0.2213612
0.2263615
0.2285843
0.2237821
0.2291132
0.2456983
0.2252211
0.2020621
0.2026033
0.2286583
0.2186288
0.2341755
0.2235351
0.2286072
0.2362024
0.2385983
0.2390272
0.2523002
0.2459562
0.2509666
0.2469322
0.2497387
0.2474191
0.2552807
0.2759903
0.2573704
0.2633103
0.2164439
0.2294844
0.2345363
0.2378067
0.2562627
0.2599725
0.2113845
0.2219004
0.1799327
0.2074822
0.1996063
0.2207414
0.1887918
0.1993457
0.1841748
0.205557
0.2320996
0.2002127
0.2366015
0.1965149
0.223757
0.2279676
0.2478778
0.2101308
0.1926367
0.2240596
0.2040758
0.2329688
0.2122808
0.254899
0.2605251
0.2258844
0.2477599
0.2457003
0.2416156
0.2212243
0.2334439
0.2654276
0.248792
0.2552767
0.2103894
0.238733
0.2732581
0.2670085
0.2572242
0.2500057
0.2472005
0.2432236
0.2127616
0.2346934
0.2340302
0.2515375
0.2630467
0.2502497
0.2225236
0.2287365
0.1971381
0.2154318
0.2404997
0.2269309
0.2465567
0.2472861
0.2292888
0.2101753
0.2311579
0.2295874
0.2649137
0.2446577
0.2436183
0.2365367
0.2187774
0.2451922
0.1946454
0.2167639
0.1992676
0.1989073
0.2118228
0.1914524
0.1954131
0.2318286
0.2021123
0.193758
0.1895301
0.2282237
0.2013437
0.2247213
0.177092
0.1916373
0.1852475
0.1697844
0.1811257
0.1831096
0.1839126
0.1810341
0.1830015
0.1807622
0.1743894
0.1902776
0.1849525
0.2123542
0.2092601
0.2083232
0.1911413
0.1885057
0.2089649
0.2035628
0.1771594
0.2031639
0.1866412
0.2097181
0.1948512
0.1771796
0.1917374
0.2099023
0.2060567
0.1956172
0.1994173
0.214644
0.1983427
0.190121
0.2361853
0.2247218
0.1890093
0.1856413
0.2035049
0.2066153
0.1780131
0.1941422
0.1928091
0.1820865
0.200777
0.1971658
0.2035303
0.2122575
0.2124093
0.2130452
0.2210754
0.2303844
0.2011085
0.184575
0.201614
0.1881301
0.182714
0.2063846
0.234235
0.2053963
0.2305419
0.1913293
0.2016497
0.2043005
0.19545
0.1864154
0.208601
0.1987185
0.2395724
0.2079401
0.182868
0.21236
0.2266409
0.1756918
0.1992697
0.1929391
0.2229434
0.2024842
0.1761198
0.1955658
0.2114434
0.2240661
0.2101923
0.1957757
0.2386111
0.2378757
0.2122768
0.2174468
0.1899343
0.1860303
0.2295736
0.2191885
0.1924548
0.1998213
0.2102504
0.2385505
0.2198077
0.2554905
0.251151
0.2287324
0.2290334
0.2304225
0.2473704
0.2528669
0.2264098
0.255658
0.2073651
0.2404971
0.2355549
0.1981278
0.2072658
0.2056065
0.2041322
0.2201206
0.2131236
0.2307833
0.2456896
0.2528546
0.23079
0.2206779
0.2332921
0.2111733
0.2203764
0.2005337
0.2359795
0.2111223
0.2275405
0.2260225
0.2176218
0.2060047
0.202438
0.2322348
0.2182837
0.197752
0.1774391
0.191539
0.1873883
0.1646646
0.2020771
0.183453
0.1968935
0.1736775
0.1804678
0.1885593
0.1844489
0.1864585
0.1984292
0.1806188
0.2201281
0.1899318
0.1816382
0.2097403
0.2070598
0.2044489
0.2032931
0.1748005
0.1787962
0.1679124
0.1956343
0.1939159
0.15095
0.1787327
0.175044
0.1792685
0.2015843
0.2131597
0.2055156
0.1882067
0.1697026
0.1761604
0.2065196
0.176304
0.1916678
0.203613
0.185214
0.1772412
0.1851225
0.1764703
0.1897402
0.1689643
0.1671988
0.181195
0.1709573
0.1626445
0.2074901
0.1945313
0.1867122
0.1853882
0.1890357
0.2244789
0.2576273
0.2614206
0.2884347
0.2421721
0.255866
0.2681974
0.2341312
0.263636
0.289908
0.2930084
0.2885908
0.3002137
0.2876382
0.300094
0.2673277
0.2802835
0.263969
0.2606517
0.3141017
0.2808872
0.3284158
0.3190269
0.2900777
0.2579057
0.2596467
0.2205201
0.2774304
0.2644528
0.2785949
0.2607913
0.2422172
0.238873
0.2459274
0.3011339
0.2604683
0.274098
0.2519544
0.2878402
0.2371578
0.224273
0.2804201
0.2568731
0.2372398
0.2887929
0.2457532
0.2756871
0.2732518
0.2526534
0.2993641
0.3299606
0.2804416
0.2770845
0.2733092
0.2489537
0.2390412
0.2465972
0.278692
0.2451765
0.2219499
0.2224459
0.2631472
0.2572257
0.2126929
0.2334263
0.2904523
0.2195274
0.2411432
0.2850026
0.2984911
0.2438841
0.2225768
0.2064532
0.2248205
0.2517593
0.264979
0.275086
0.2476864
0.2327698
0.2243724
0.2698693
0.2324036
0.2696661
0.2856424
0.2589532
0.2644671
0.261634
0.2645858
0.2561538
0.2179658
0.2260249
0.2431221
0.2473394
0.24216
0.224064
0.2666928
0.2567955
0.2645495
0.2203532
0.2425494
0.2705029
0.2527507
0.2706972
0.2910731
0.3165261
0.278117
0.2745076
0.2808659
0.2430576
0.2955981
0.282795
0.2194835
0.2143083
0.2217563
0.2430285
0.2500973
0.24694
0.2696197
0.2347229
0.2299315
0.2618264
0.252313
0.2199353
0.2412249
0.2567091
0.2449512
0.2303394
0.2824126
0.292537
0.2607246
0.266396
0.2443483
0.2294624
0.2609568
0.2656209
0.2534615
0.2136974
0.1945215
0.1857313
0.1934847
0.2000871
0.1995943
0.1972374
0.2015565
0.1861815
0.192672
0.2077196
0.2186775
0.2017235
0.1880358
0.1975639
0.1861583
0.1871274
0.2126134
0.203401
0.1870291
0.1974912
0.2066946
0.2064785
0.2306941
0.2496185
0.2264196
0.1955113
0.1828803
0.1891036
0.1879766
0.214183
0.214618
0.2188178
0.1839893
0.1856986
0.1832433
0.193788
0.1979875
0.2139238
0.2008403
0.1981812
0.1808913
0.211687
0.1808512
0.1878255
0.2156141
0.2314809
0.1781305
0.2219924
0.1721954
0.1889662
0.2008943
0.19416
0.1892706
0.2370161
0.207851
0.2304281
0.1923342
0.2235842
0.2265838
0.1963568
0.1956845
0.1766343
0.1856028
0.1836514
0.1684516
0.1908884
0.1999393
0.2010024
0.192282
0.1965078
0.2280616
0.2211107
0.2213954
0.2264594
0.2316613
0.2230982
0.2300926
0.2218172
0.2293186
0.2001055
0.2107547
0.1980436
0.2052309
0.2315739
0.2328085
0.2453055
0.2193438
0.1950514
0.1890476
0.1978863
0.2058403
0.2068199
0.1980854
0.2339048
0.1840216
0.1739596
0.1778588
0.1774744
0.1850455
0.1737233
0.2018913
0.1916514
0.2233451
0.2111434
0.1826574
0.1962467
0.1926842
0.1698458
0.1725776
0.2166904
0.1914676
0.1930064
0.1693795
0.1732631
0.2153617
0.2059373
0.1716225
0.1547161
0.1778635
0.2085722
0.1992036
0.1945626
0.1833781
0.2079987
0.192919
0.1912201
0.1910796
0.2210299
0.2212747
0.2415069
0.2208403
0.2379998
0.2108243
0.2096171
0.2365481
0.2466918
0.2050358
0.2112941
0.2262374
0.2039296
0.1791733
0.1798285
0.1815789
0.1831623
0.1900687
0.1860745
0.1893003
0.2002725
0.1975335
0.1672399
0.200826
0.1818861
0.2169435
0.2307258
0.2274237
0.2052231
0.1826656
0.2096274
0.1914489
0.1890784
0.1861991
0.1987389
0.2200982
0.2086687
0.220192
0.2017681
0.22301
0.1846473
0.1875395
0.206873
0.2213124
0.2096188
0.213094
0.1703344
0.1913862
0.2242512
0.2262855
0.253903
0.2536915
0.267637
0.2979673
0.2102323
0.2235602
0.2462154
0.2391041
0.2628918
0.2272088
0.271065
0.2225689
0.2392296
0.2332421
0.2315943
0.2725098
0.2191342
0.2717972
0.2274565
0.2319238
0.2260186
0.208875
0.2230269
0.2258289
0.206779
0.2128678
0.2245048
0.2462699
0.2353389
0.2268443
0.2209489
0.2278891
0.2145105
0.1950494
0.2003705
0.187694
0.1834528
0.155848
0.1860358
0.1730452
0.1742425
0.2010643
0.1511696
0.1796502
0.1613738
0.1887294
0.2105231
0.1996451
0.2096323
0.1603003
0.1875788
0.1727606
0.1874139
0.1817452
0.1939133
0.1942067
0.1728148
0.1730726
0.1988643
0.1825778
0.201416
0.1720784
0.2045101
0.1866896
0.2070716
0.1981738
0.2306451
0.2043669
0.2089968
0.203647
0.1978291
0.235694
0.2755754
0.2984595
0.2593919
0.2327876
0.2395895
0.237298
0.2036691
0.2175124
0.2475159
0.1969042
0.2522679
0.2417587
0.2082879
0.2122128
0.1878745
0.1868278
0.2245058
0.1888688
0.2009909
0.2009816
0.215941
0.2131294
0.1989369
0.2041735
0.2027841
0.2063
0.1795824
0.1680269
0.1783834
0.2010486
0.2058376
0.1966381
0.208608
0.2141595
0.2228739
0.2157432
0.2057416
0.2167376
0.2202025
0.2450899
0.2232586
0.2115741
0.2294313
0.2124431
0.2009611
0.236162
0.2107296
0.2273503
0.220443
0.2031548
0.2123765
0.1897964
0.2109984
0.1870762
0.2109472
0.1887287
0.1947352
0.2244149
0.2414048
0.2110044
0.1966759
0.2102157
0.190034
0.1917112
0.2092109
0.1946492
0.1963801
0.2052924
0.2067702
0.2099597
0.2075593
0.2183823
0.1972486
0.2144859
0.2004617
0.2230154
0.2205111
0.1945861
0.2167205
0.2143115
0.2128947
0.2376154
0.2246095
0.199228
0.2473021
0.2107484
0.208959
0.2047229
0.2135386
0.1862427
0.1978098
0.2005093
0.2078342
0.2279469
0.2244639
0.2371561
0.2027573
0.2143375
0.220238
0.2129655
0.2023249
0.2208689
0.2230752
0.1968962
0.205107
0.2232017
0.1885847
0.1867585
0.2215664
0.209619
0.1662626
0.1715876
0.2025614
0.2016204
0.1875196
0.2084504
0.2023038
0.2292455
0.1984076
0.1830169
0.1935692
0.1952448
0.1763834
0.2008117
0.2020301
0.1832895
0.1855656
0.1904412
0.1762451
0.1901994
0.174684
0.1782406
0.1973317
0.2162833
0.1694036
0.1925006
0.2313269
0.2162072
0.2090935
0.1795002
0.2041884
0.2095014
0.1733318
0.193258
0.2159029
0.1853539
0.1800772
0.1971722
0.1837078
0.1902689
0.1928682
0.1896391
0.1755278
0.1886245
0.2175098
0.2058305
0.2031882
0.2111234
0.1859003
0.2226282
0.189812
0.2020829
0.2070847
0.1901631
0.2306521
0.2168375
0.2157048
0.2027016
0.2050167
0.185849
0.1864918
0.1821976
0.1789001
0.1837604
0.1988399
0.2053164
0.2146542
0.197245
0.1996632
0.1880259
0.2182226
0.227158
0.1994836
0.2010171
0.2050613
0.2176384
0.2062961
0.2383739
0.2068396
0.210674
0.2098413
0.2184867
0.2204632
0.2191794
0.2123407
0.2031138
0.223412
0.1902754
0.2192331
0.2028811
0.2207666
0.2196385
0.2136416
0.2040869
0.210793
0.2127615
0.2056689
0.2243422
0.2084546
0.2167345
0.1978054
0.2037499
0.2044759
0.2138543
0.2186764
0.2198137
0.2172724
0.2317563
0.2082288
0.21973
0.2162037
0.2225997
0.1974069
0.1999825
0.1980219
0.2198958
0.211772
0.2027636
0.210854
0.2122616
0.218341
0.2460824
0.1958058
0.2276614
0.2546181
0.259616
0.2517534
0.2154197
0.2243417
0.2016063
0.2074029
0.2045607
0.1808333
0.19296
0.214368
0.2098627
0.1983054
0.2138087
0.2191282
0.1855691
0.2029785
0.2114159
0.2114712
0.1824232
0.1869433
0.2144602
0.2186211
0.2510971
0.2424318
0.2354943
0.2205792
0.2453753
0.2364197
0.2313583
0.2376658
0.2252029
0.2057582
0.2601125
0.2436602
0.2221638
0.2118815
0.2459462
0.2009939
0.2191879
0.2443797
0.2222488
0.2220035
0.2372513
0.1981505
0.2022186
0.213497
0.2555566
0.2029643
0.2339943
0.2442581
0.244416
0.2510286
0.2207315
0.2342788
0.2421952
0.2412607
0.2412149
0.2400173
0.2376573
0.2475671
0.2333569
0.2352758
0.2250793
0.2260528
0.2682154
0.2813264
0.2303759
0.2241922
0.2189733
0.2218384
0.2537774
0.2065773
0.2387114
0.2350576
0.2058284
0.2153678
0.2176014
0.2051366
0.2078272
0.2121329
0.2358615
0.2260168
0.2362273
0.2548263
0.2178707
0.2277066
0.2046008
0.2066821
0.2097785
0.1983479
0.2244816
0.2220615
0.2090441
0.2047333
0.2172507
0.1945213
0.1972693
0.1820819
0.1822824
0.1956811
0.1973388
0.2159437
0.1970389
0.2011834
0.1771033
0.1871741
0.1875506
0.1996771
0.1853986
0.1994067
0.1872819
0.1777377
0.1965851
0.1843839
0.1967932
0.1955779
0.2115191
0.234058
0.206823
0.1931092
0.2009512
0.2184079
0.1981145
0.2164212
0.2037944
0.1844838
0.201293
0.200218
0.201095
0.1876004
0.1939398
0.2015085
0.2044874
0.2018289
0.1945496
0.1994556
0.2095883
0.2053552
0.223294
0.1994524
0.1898345
0.1828476
0.1827917
0.2163911
0.2222531
0.2007333
0.2028577
0.2182487
0.2179555
0.2185132
0.2029176
0.1998355
0.1912993
0.1914937
0.2032501
0.1886621
0.1521053
0.2071526
0.2023947
0.1783763
0.1693553
0.2085582
0.2091498
0.1695687
0.1958363
0.1885116
0.1945445
0.2144832
0.216075
0.2139204
0.2005759
0.2483816
0.2126053
0.2410619
0.1820984
0.1832604
0.2342522
0.2008105
0.2146834
0.1965371
0.2146897
0.19471
0.229155
0.2627673
0.2229941
0.2375402
0.1831482
0.214028
0.2022543
0.1960422
0.2058704
0.21565
0.1885872
0.2033753
0.2084851
0.2063631
0.1799114
0.2149244
0.2033712
0.172726
0.1838637
0.1925931
0.1889845
0.1876017
0.2003745
0.1945431
0.2196877
0.2104376
0.2032242
0.1665576
0.1850363
0.2144797
0.2242952
0.2079917
0.1994139
0.2494132
0.195356
0.2466982
0.1875377
0.2046245
0.1986185
0.1944899
0.1981055
0.2077405
0.2274549
0.212651
0.2197751
0.1834978
0.1989482
0.2016653
0.1998184
0.2113498
0.2175118
0.1865845
0.1837267
0.2027069
0.2107312
0.1923175
0.194397
0.1906387
0.2190208
0.2079733
0.1888443
0.1789094
0.1877665
0.1999433
0.1876103
0.183532
0.1790611
0.1833581
0.1820893
0.1926761
0.2009472
0.2088982
0.2086265
0.2261361
0.2252396
0.2033549
0.1744266
0.2039708
0.206472
0.1910957
0.1560262
0.183029
0.1889697
0.18237
0.1822365
0.1839881
0.1810067
0.1826577
0.1923425
0.1808197
0.1615992
0.1821139
0.1805169
0.1663084
0.1696788
0.1888083
0.1727834
0.1475853
0.1960595
0.1780215
0.1708148
0.15429
0.1598283
0.148984
0.1807134
0.1664762
0.1848956
0.1731485
0.1713113
0.1775064
0.174345
0.1759831
0.1985823
0.1675354
0.1584717
0.165712
0.1490989
0.1814346
0.1846784
0.15517
0.1612356
0.1829423
0.1801409
0.1835544
0.1791884
0.2017767
0.1906858
0.1607159
0.1715133
0.1577114
0.1714192
0.1879655
0.2015764
0.179747
0.1718529
0.1650045
0.1716461
0.1841688
0.1833731
0.1765429
0.1525559
0.173711
0.1678227
0.175457
0.1672794
0.1669398
0.1890585
0.1978214
0.2015907
0.2038936
0.1946091
0.2099935
0.2231137
0.2287931
0.1730415
0.2073549
0.2189044
0.1983126
0.2112515
0.1880333
0.214156
0.1944846
0.18131
0.18527
0.17644
0.164983
0.1741644
0.1763107
0.1802375
0.2050634
0.1916399
0.1830974
0.187642
0.1880043
0.2004104
0.179386
0.1856954
0.1779036
0.1867593
0.1758311
0.1828251
0.173843
0.1547213
0.1637643
0.1583353
0.16383
0.1813141
0.1706452
0.192739
0.2167331
0.1792135
0.2022839
0.1637321
0.1647175
0.1874396
0.181943
0.1611586
0.1860479
0.1740171
0.1884749
0.1572324
0.1887336
0.2030682
0.1670847
0.1717029
0.1640847
0.202139
0.1577306
0.1457163
0.1645405
0.182807
0.1951848
0.1758166
0.1829998
0.1894376
0.1472744
0.1846569
0.2122814
0.1767417
0.1809308
0.191531
0.1477513
0.1833224
0.1833367
0.1782047
0.1819478
0.1887704
0.1838283
0.2075521
0.1804612
0.1909148
0.2000286
0.1963804
0.183325
0.1860269
0.1739569
0.1776122
0.1681757
0.1875733
0.1583432
0.1773112
0.1653012
0.1678461
0.179901
0.1610792
0.1464186
0.1614746
0.1651726
0.1350714
0.162449
0.1641803
0.1566297
0.1592234
0.1349823
0.1563477
0.1532734
0.1589844
0.1877984
0.1515054
0.1688641
0.1963058
0.1745683
0.152048
0.1866561
0.1745859
0.1459279
0.1604751
0.1719204
0.1530101
0.1613259
0.171919
0.1823168
0.193212
0.1960297
0.1803334
0.1699587
0.1879802
0.1604455
0.1568135
0.1553508
0.1956538
0.1860184
0.1504494
0.1928851
0.1419256
0.1622016
0.1567693
0.1915018
0.1775948
0.177099
0.1602047
0.1624978
0.1842178
0.1750366
0.153606
0.1717798
0.1630158
0.1547078
0.1587282
0.1454645
0.2095883
0.1792566
0.1551465
0.1834601
0.1482095
0.1679834
0.1612695
0.1544959
0.1460339
0.1462211
0.1583895
0.175229
0.147384
0.169725
0.1702778
0.1813661
0.1658031
0.1474926
0.1559664
0.1589948
0.1412185
