0.1899723
0.216853
0.2111386
0.2220576
0.2440583
0.2379859
0.2304208
0.198398
0.2021686
0.2484742
0.1890571
0.2411112
0.2422526
0.1706114
0.2057465
0.2280193
0.2646446
0.2392296
0.252168
0.2759286
0.2484931
0.2965268
0.2712874
0.329012
0.3083152
0.2534818
0.2450679
0.2579054
0.2612685
0.2665102
0.2736351
0.2410067
0.262672
0.2664939
0.2312655
0.2262824
0.280987
0.2913803
0.2962582
0.2635758
0.281972
0.2609582
0.2377183
0.2490968
0.3091398
0.3016427
0.2547396
0.2811434
0.2757629
0.3006653
0.260571
0.2846077
0.2803912
0.2779478
0.2785673
0.2404676
0.2836005
0.2774372
0.3236762
0.2617148
0.2504857
0.2943722
0.3007849
0.2737405
0.3359847
0.268239
0.2320424
0.264917
0.2638497
0.2416813
0.2263299
0.2782828
0.2529822
0.2770282
0.2566855
0.2855085
0.2496038
0.2565379
0.2310547
0.276706
0.3344679
0.2886392
0.2743588
0.3101313
0.2867646
0.2663348
0.2737612
0.28355
0.2662785
0.2990182
0.2323083
0.2489239
0.2935967
0.282529
0.295965
0.3144629
0.278621
0.2613117
0.2921535
0.3159301
0.2892381
0.2505378
0.2928263
0.2974429
0.2831438
0.348174
0.2716423
0.3139692
0.3225692
0.3376599
0.3337343
0.3286889
0.3620086
0.3035894
0.3008538
0.2825797
0.3746096
0.3142329
0.2635034
0.3131879
0.3187378
0.3544947
0.2985272
0.305022
0.3450154
0.3105843
0.2788054
0.2812508
0.2911697
0.2900039
0.2900704
0.3197037
0.2646163
0.2811914
0.2831229
0.2435207
0.2832248
0.2966233
0.313727
0.2779424
0.2731455
0.2815792
0.3414574
0.3700496
0.3397113
0.3243565
0.3411945
0.3176878
0.2896262
0.3187771
0.369627
0.3521952
0.3308585
0.354754
0.2275578
0.284281
0.291382
0.3285649
0.3436434
0.3110624
0.3141558
0.3380108
0.3274555
0.2869665
0.3201559
0.315857
0.3675795
0.3640651
0.3911549
0.4164743
0.3911393
0.3646432
0.4630699
0.34844
0.3907952
0.3698938
0.3170263
0.2917245
0.3570713
0.2987545
0.3101707
0.3030906
0.324004
0.325787
0.3415244
0.2955891
0.3570148
0.3676753
0.3461911
0.359627
0.3607912
0.391223
0.3565741
0.3300456
0.3526837
0.3723284
0.3703257
0.342469
0.3300472
0.3205498
0.3215453
0.3172952
0.3384769
0.3549996
0.3115417
0.3345664
0.3243803
0.281664
0.3657775
0.3080219
0.2998064
0.3209983
0.295635
0.3123958
0.3104551
0.2837126
0.3086235
0.2663139
0.2965753
0.3228396
0.3286294
0.3174804
0.2883791
0.2931571
0.269264
0.3199717
0.313813
0.3582889
0.3497991
0.3493921
0.2840567
0.2556644
0.2659515
0.2681118
0.2958985
0.3034328
0.3060322
0.2840009
0.2794655
0.2950386
0.3524405
0.2969097
0.2543892
0.2553836
0.251412
0.2205602
0.1913555
0.1910126
0.1967681
0.2497068
0.2300575
0.1944413
0.2246273
0.2147945
0.2268631
0.2218363
0.2310895
0.1801577
0.1824018
0.215962
0.2447755
0.2612064
0.2851731
0.2863205
0.3153991
0.3133522
0.3225877
0.3063693
0.2972484
0.3963188
0.314577
0.3483349
0.3967502
0.432238
0.4274026
0.4163788
0.4006415
0.3829696
0.3796495
0.405961
0.3766851
0.3686736
0.3642444
0.3750065
0.3581739
0.3923832
0.3502658
0.394429
0.3780521
0.3492432
0.3412779
0.385645
0.3379658
0.3428014
0.3748282
0.3774415
0.3584877
0.3743911
0.3849593
0.3706858
0.3849115
0.3871404
0.3457937
0.3819626
0.3775716
0.4063289
0.3831967
0.3968817
0.3672981
0.3993145
0.438754
0.3976472
0.4065202
0.3855985
0.3769705
0.3966122
0.4098956
0.3992124
0.4140945
0.4231898
0.4111125
0.4296777
0.389369
0.3729915
0.388868
0.3922031
0.4200604
0.4136589
0.3743644
0.3611707
0.376577
0.3648826
0.3732616
0.3560412
0.3981397
0.3530486
0.3953215
0.4042091
0.4225554
0.4382873
0.3702415
0.4150222
0.4191145
0.3849034
0.3797002
0.3631631
0.3733282
0.3659111
0.3861088
0.3847314
0.4326411
0.3909758
0.4248127
0.3982273
0.3830293
0.4075455
0.4338199
0.3913926
0.3703849
0.3633109
0.393217
0.4041351
0.3867832
0.3832318
0.3808933
0.3608046
0.3640682
0.3845828
0.387075
0.3740951
0.3971274
0.4141899
0.4121037
0.3813185
0.4306959
0.4117108
0.4045854
0.4212239
0.3957529
0.3955977
0.3741693
0.391021
0.3959123
0.3748941
0.4117451
0.4074384
0.4071524
0.4273631
0.4188784
0.4199032
0.4186516
0.3908375
0.3894572
0.3970925
0.4000672
0.4249576
0.431258
0.443237
0.4050245
0.3994687
0.3989483
0.3844382
0.4294723
0.3762591
0.4248234
0.4139415
0.4047884
0.3599547
0.4120107
0.4460338
0.402569
0.3930189
0.4349602
0.414556
0.3957441
0.3848821
0.4112751
0.4082745
0.4381495
0.3910909
0.3944943
0.3877545
0.3817496
0.4021244
0.3859645
0.4114931
0.3985592
0.4268453
0.3996416
0.4167006
0.3786786
0.4434974
0.4087285
0.4103116
0.3951521
0.3943664
0.433064
0.4167703
0.4247707
0.370991
0.3822286
0.3880061
0.3890004
0.3970289
0.3856937
0.4057886
0.3739985
0.3891053
0.3717764
0.3874715
0.3788751
0.3848619
0.4160992
0.3935098
0.3966445
0.4186078
0.3717436
0.3968425
0.3972975
0.4163944
0.4316452
0.4273837
0.4073849
0.4947697
0.4366959
0.4552925
0.4089707
0.4390763
0.4482264
0.4111328
0.3975089
0.4201632
0.3939285
0.4121552
0.3988332
0.4553412
0.3847655
0.4030802
0.3843119
0.4014368
0.3975873
0.377551
0.4118538
0.4243648
0.3828007
0.4006413
0.4009943
0.4069478
0.3912235
0.4031003
0.3926617
0.4173754
0.4142981
0.4138274
0.4178319
0.4307777
0.400464
0.4487164
0.4261765
0.3590973
0.3761574
0.3790054
0.3973385
0.3692791
0.3708309
0.4036967
0.3720932
0.3806784
0.373101
0.3207156
0.3339895
0.3341662
0.3402829
0.3562789
0.3373488
0.3630469
0.3402816
0.4063021
0.3867744
0.3634217
0.3671168
0.3376713
0.3679487
0.3546621
0.3770176
0.385181
0.3555611
0.395732
0.405696
0.3854291
0.3700931
0.3797781
0.3234705
0.3851174
0.3995782
0.4122132
0.4013714
0.4465944
0.408595
0.3765582
0.3686168
0.354445
0.3552959
0.3644479
0.3864742
0.3619442
0.3918902
0.3738679
0.3899146
0.3746421
0.3781882
0.3776043
0.3848878
0.3666061
0.3762234
0.4208866
0.4303487
0.4201018
0.4013168
0.3793283
0.3875323
0.408482
0.4390976
0.4105664
0.4029519
0.4051931
0.4279059
0.4090381
0.4052745
0.3823958
0.3727407
0.4028133
0.4009749
0.3911206
0.4676633
0.4270346
0.3797216
0.3842107
0.3665426
0.4137265
0.4423032
0.4422792
0.3931623
0.391057
0.434991
0.4344765
0.4467675
0.4048832
0.4195516
0.425932
0.4436796
0.4255623
0.4366336
0.4359542
0.4158427
0.4722948
0.4533823
0.4743569
0.4819872
0.436003
0.4917512
0.4592143
0.4588589
0.447115
0.4397465
0.4783356
0.4083867
0.4227508
0.4317218
0.42707
0.4494548
0.4246607
0.4496411
0.4241219
0.4741901
0.4440853
0.4565979
0.4821009
0.4820774
0.4577478
0.4821182
0.4289081
0.4988495
0.4455887
0.4852217
0.4157123
0.4589923
0.4215569
0.4566633
0.4914342
0.4874173
0.4879051
0.5202435
0.4425719
0.441285
0.4386747
0.4425822
0.4810956
0.451894
0.4254841
0.4312449
0.4316171
0.4740243
0.4721725
0.501537
0.4748595
0.475675
0.4773513
0.4823528
0.4543129
0.4001708
0.4422891
0.4896025
0.4444605
0.4789075
0.4969705
0.5299142
0.4697435
0.4247449
0.45085
0.4942843
0.4627874
0.445991
0.4238303
0.4517794
0.4091547
0.4518884
0.4840977
0.4257576
0.423485
0.4364676
0.4369877
0.4522931
0.4598064
0.4692256
0.4430858
0.4600494
0.4432114
0.4456564
0.4691705
0.4122728
0.4366703
0.4265237
0.4441833
0.4523011
0.4581459
0.4691062
0.4307858
0.4840736
0.4329216
0.4649918
0.4534881
0.4370331
0.4347281
0.4297496
0.4339885
0.4486359
0.4164605
0.4665166
0.4858237
0.4848591
0.4444903
0.4496879
0.454329
0.4737282
0.4444452
0.4262443
0.4696311
0.4849761
0.5194418
0.4805143
0.4750952
0.4733961
0.49691
0.4843537
0.4549289
0.4901799
0.5301684
0.5089878
0.5187373
0.5515336
0.4834142
0.524899
0.5167319
0.5289719
0.4820647
0.4798713
0.445691
0.4618574
0.4455993
0.4544494
0.4687862
0.4679199
0.4483872
0.4782841
0.479454
0.5015149
0.4990513
0.4882798
0.4503146
0.504028
0.5020857
0.4840744
0.4984955
0.4880066
0.5134634
0.4968657
0.4816558
0.5358902
0.516198
0.4802362
0.4934308
0.5299847
0.5034344
0.5292104
0.4999934
0.5023558
0.4874908
0.5153608
0.5000206
0.5037807
0.4913092
0.5163786
0.5435422
0.5069323
0.4982526
0.4887305
0.5279589
0.5277237
0.4905514
0.5419551
0.5282289
0.4881707
0.5197788
0.5165686
0.5224809
0.5323576
0.4972021
0.4576552
0.4488025
0.5328149
0.5014863
0.4916987
0.4515485
0.4967203
0.4744992
0.4395359
0.5254753
0.4510008
0.4689519
0.4771246
0.4661327
0.4692139
0.5056508
0.4953564
0.5010275
0.5388207
0.5216231
0.5123295
0.4877428
0.4933524
0.4999188
0.5131151
0.5073605
0.5384219
0.4916632
0.490696
0.5249391
0.4871698
0.4632025
0.4763241
0.4476285
0.4927047
0.4582122
0.5296356
0.5072281
0.5225457
0.5357533
0.481102
0.4984556
0.5079746
0.5655401
0.5499566
0.4903927
0.5297807
0.4900192
0.5030696
0.5613041
0.5548967
0.5158662
0.5095273
0.5720175
0.5332842
0.5249925
0.5537415
0.5562207
0.5646957
0.5449249
0.5220714
0.5749367
0.5430935
0.5101398
0.5639701
0.5047532
0.5281376
0.4841988
0.5420514
0.5316646
0.5053037
0.575335
0.5355474
0.5355677
0.5397827
0.5208161
0.5059631
0.484338
0.5023279
0.5214399
0.4912741
0.5187189
0.4941055
0.5004524
0.4991581
0.4629773
0.4330054
0.4533721
0.4098485
0.4093631
0.4239969
0.4248139
0.4249819
0.4817483
0.4173094
0.4622239
0.4141447
0.4367546
0.4548495
0.4623584
0.4560621
0.4731347
0.5080538
0.5029221
0.4683116
0.4424931
0.4599192
0.4694488
0.4733314
0.4477211
0.4789207
0.4672979
0.478458
0.4565942
0.463053
0.4819099
0.4441217
0.456346
0.4483649
0.4762252
0.4988086
0.4893487
0.5215288
0.499155
0.4956194
0.4560039
0.5229144
0.4628148
0.4818652
0.4584509
0.5002537
0.4875712
0.4416136
0.5379887
0.4899583
0.4635322
0.4858135
0.4863116
0.4488208
0.4835777
0.4674172
0.5184169
0.5186223
0.4977934
0.4765716
0.4618365
0.4993816
0.4955252
0.4994928
0.4525798
0.5002034
0.4532708
0.4738495
0.4642245
0.5085085
0.51005
0.4897716
0.4791436
0.5620153
0.4874893
0.5106213
0.5212504
0.4736496
0.4793952
0.4959215
0.5281907
0.5062248
0.4993234
0.5012438
0.5014182
0.4682503
0.4881115
0.4287538
0.4507764
0.4647403
0.4711704
0.4979888
0.467604
0.4936615
0.456128
0.5496542
0.4984682
0.4777677
0.5057504
0.5033718
0.4726793
0.4731843
0.4832255
0.5273707
0.5175434
0.5563535
0.5203821
0.5126511
0.54268
0.5436991
0.5598372
0.5662866
0.5073817
0.5377069
0.4795359
0.5186374
0.4892072
0.4707648
0.4682088
0.5291647
0.4903243
0.4919967
0.4867334
0.4189497
0.4898197
0.5115243
0.528759
0.5050998
0.5248976
0.4940358
0.4681552
0.4852713
0.5617946
0.4856293
0.5394621
0.5295473
0.4945359
0.4585929
0.5083504
0.4933442
0.5239851
0.5195162
0.5133423
0.4854656
0.497732
0.5095456
0.5391918
0.4915704
0.5535341
0.5212881
0.5332665
0.464236
0.5450019
0.5069749
0.5118474
0.5299888
0.4823375
0.4943116
0.5048401
0.5221256
0.5004272
0.4460015
0.5003197
0.489594
0.514386
0.4765522
0.5085458
0.4874347
0.5086797
0.5021046
0.5138704
0.501321
0.4580626
0.4951176
0.5250843
0.4947365
0.5225996
0.5555246
0.5139645
0.5167627
0.534318
0.5498961
0.5124699
0.5114519
0.5378841
0.5091969
0.5240054
0.5155287
0.5148396
0.5033733
0.5023164
0.4779029
0.4818911
0.4920867
0.4585456
0.5154619
0.5158891
0.4920118
0.5260006
0.5052738
0.5357428
0.5124358
0.5421841
0.5385815
0.5660198
0.5260135
0.5519134
0.5355861
0.5341419
0.4718291
0.4739039
0.4863871
0.5152346
0.5403469
0.4915818
0.4673451
0.4729852
0.5318647
0.4860185
0.518729
0.5303661
0.5088263
0.5607614
0.5142122
0.5373003
0.5153254
0.5144502
0.5617841
0.5455437
0.5551577
0.5646269
0.4928338
0.4464123
0.499552
0.5125616
0.4735319
0.4934568
0.4996299
0.4717448
0.4820843
0.4915624
0.5011435
0.4801163
0.4383421
0.4957861
0.5077211
0.5130112
0.4443815
0.4569912
0.4605716
0.4596429
0.4333858
0.4563791
0.4743284
0.4729007
0.4238044
0.4204341
0.3853149
0.4481242
0.4269103
0.439928
0.4207026
0.3876909
0.421029
0.4036041
0.3866967
0.4360415
0.5025176
0.4621291
0.4468816
0.4662891
0.4609666
0.4573205
0.4041948
0.4477357
0.4976196
0.4255734
0.4529079
0.4818169
0.4638536
0.4582922
0.4530259
0.4881357
0.4751931
0.4983164
0.4964049
0.4636895
0.4483703
0.4482961
0.4618236
0.4610468
0.4618854
0.4723246
0.5012202
0.498932
0.4656435
0.4614876
0.508382
0.5097578
0.4800011
0.5050907
0.5005112
0.5653664
0.5172551
0.562525
0.548867
0.5225498
0.5454507
0.5608923
0.524063
0.524324
0.4913675
0.526008
0.5205591
0.5129774
0.5511999
0.4989436
0.5096723
0.5448301
0.5560052
0.5651906
0.5397459
0.5672106
0.5107837
0.5281881
0.5690566
0.5743641
0.5421584
0.5638142
0.5192582
0.5818346
0.5503746
0.5610716
0.5430461
0.5580577
0.5208572
0.5307893
0.5558369
0.5675157
0.5306601
0.5245278
0.5522209
0.5190595
0.5652874
0.5373484
0.5604296
0.5563562
0.5405925
0.5244586
0.5155401
0.5481335
0.55731
0.4862924
0.5041806
0.5288568
0.5499669
0.5426128
0.5181386
0.5493179
0.5574068
0.5089098
0.481922
0.4922915
0.5338632
0.5630457
0.5114293
0.5162578
0.5392556
0.5762114
0.5460831
0.5367122
0.5660555
0.5421282
0.5428562
0.5385535
0.5476193
0.5740756
0.5227656
0.5497853
0.5464877
0.5196811
0.5205973
0.523401
0.5211715
0.5137341
0.5392185
0.5514479
0.5571439
0.6165619
0.5538313
0.5496324
0.5902065
0.5653076
0.5998499
0.5624806
0.5560886
0.5329466
0.5413346
0.5115317
0.534263
0.5138277
0.5062807
0.5453383
0.5072515
0.5465487
0.4948467
0.4752063
0.5163999
0.5647616
0.5478032
0.5348426
0.5034077
0.545323
0.5320663
0.5408841
0.5610558
0.5704603
0.5778306
0.5447108
0.5585898
0.5803442
0.5357652
0.5351992
0.5320505
0.5177593
0.5457013
0.5290347
0.511291
0.5704167
0.5979402
0.5559841
0.5392134
0.4986574
0.5150413
0.5179685
0.5290597
0.5321325
0.5655373
0.5855048
0.5617342
0.5216219
0.5236152
0.5420783
0.5707636
0.5249155
0.5317431
0.5371164
0.4925931
0.4995533
0.4947491
0.4907481
0.531826
0.5372591
0.555496
0.552827
0.5512795
0.5442744
0.544603
0.5768984
0.5615481
0.5375232
0.5137765
0.5295275
0.4686614
0.4989224
0.537797
0.538202
0.5502393
0.5198933
0.5163944
0.5628905
0.5581345
0.5462692
0.5450322
0.5200279
0.5343419
0.5352327
0.5479128
0.5232396
0.492994
0.4807094
0.4691745
0.5566989
0.5465083
0.521691
0.5425971
0.483596
0.495369
0.5185151
0.533526
0.5515721
0.5283052
0.5051819
0.5520483
0.5606618
0.583621
0.5043946
0.5499825
0.5125288
0.4893371
0.5027324
0.5182546
0.4733424
0.4455584
0.4788463
0.4801774
0.4725147
0.4805056
0.4876176
0.4752102
0.4653187
0.4984373
0.4815471
0.4729341
0.4751064
0.4816647
0.5057331
0.5541803
0.543357
0.5605015
0.5395719
0.5421525
0.5246949
0.5143842
0.5048131
0.5515235
0.5144768
0.4884999
0.4819992
0.453474
0.4833525
0.4701184
0.4360876
0.4904352
0.4724295
0.5358299
0.4964499
0.4800899
0.4763116
0.5201966
0.539912
0.5341725
0.5171435
0.4997723
0.5032615
0.4719412
0.4476671
0.4776216
0.4967516
0.5090938
0.5110412
0.4497901
0.4988001
0.5120156
0.4909873
0.4683838
0.4669967
0.4165213
0.4886479
0.450384
0.4875322
0.5007458
0.4666237
0.4844055
0.5240538
0.5001084
0.4478463
0.4903645
0.4623013
0.5054548
0.4558965
0.4609224
0.4740648
0.4399891
0.4919057
0.4797688
0.5404884
0.5213528
0.5077226
0.5150115
0.515977
0.4591914
0.5283455
0.4893703
0.5129309
0.5065168
0.5137733
0.5204971
0.466928
0.5019453
0.4639479
0.5151901
0.5137237
0.5202393
0.5606002
0.5877469
0.5576982
0.5583144
0.6203305
0.5768624
0.5525814
0.5202264
0.554188
0.531318
0.536954
0.5271508
0.5124493
0.5038548
0.5218805
0.5267314
0.5162072
0.5763204
0.5551218
0.5733851
0.5147157
0.5567396
0.5508164
0.5180926
0.5451059
0.5280967
0.5393928
0.5555185
0.5079342
0.5154886
0.5016915
0.5144936
0.512373
0.5351303
0.5191653
0.5098357
0.5234105
0.4927801
0.5113022
0.5162607
0.5463274
0.560968
0.4799822
0.5170053
0.4976392
0.5391731
0.5403824
0.5293373
0.563279
0.5147085
0.5076444
0.5051132
0.5077018
0.5316231
0.4940048
0.5597647
0.5276718
0.5042543
0.5106862
0.5315679
0.5343211
0.5362288
0.5290796
0.5105916
0.5172774
0.4805076
0.5133365
0.5170838
0.5220922
0.4727725
0.5034563
0.5033299
0.4777605
0.4807924
0.4801137
0.4959954
0.4858942
0.494295
0.4666652
0.4589451
0.4726799
0.510608
0.5362633
0.5412931
0.4825764
0.4988108
0.4752418
0.4513225
0.4849306
0.4663164
0.4784572
0.4823987
0.5118127
0.4649518
0.4347329
0.4602207
0.4662052
0.4716716
0.4563718
0.4568873
0.4310494
0.4761564
0.4566017
0.4760439
0.5228617
0.5736751
0.5072383
0.5449199
0.5088249
0.4839579
0.4752761
0.4894847
0.458926
0.451659
0.4664299
0.450054
0.4776166
0.485266
0.4414351
0.4323783
0.4606019
0.4168988
0.437967
0.4445291
0.4809639
0.4659798
0.4450333
0.4790737
0.5067195
0.5082825
0.4325621
0.5032009
0.482367
0.4796673
0.4727989
0.4717477
0.5099925
0.4956988
0.4623729
0.519641
0.4570618
0.474273
0.4941118
0.4460309
0.4728429
0.5095491
0.5333383
0.5644154
0.5303337
0.5391736
0.5455295
0.5237446
0.5036024
0.500551
0.4918838
0.5262747
0.5294751
0.5593238
0.5480457
0.5227818
0.5187461
0.5469882
0.5213043
0.5526513
0.5095158
0.5015675
0.4941736
0.4681014
0.5296342
0.5497373
0.5095988
0.5065206
0.5193521
0.518384
0.4730883
0.4484247
0.5006976
0.4638254
0.4702183
0.4400248
0.4522282
0.4596736
0.502727
0.5025201
0.5090507
0.4521954
0.4659289
0.476074
0.504061
0.4961868
0.4881279
0.5093905
0.4870644
0.53573
0.5390992
0.4898896
0.4847239
0.5069796
0.4980604
0.5083926
0.4971492
0.5232183
0.5148364
0.5247607
0.5341339
0.5322708
0.5332004
0.5375891
0.5630396
0.5433591
0.5563153
0.5770639
0.5417988
0.5034684
0.4945205
0.5164579
0.5728938
0.482301
0.4662378
0.4828428
0.5139058
0.4857092
0.4762297
0.4906876
0.4674316
0.4533184
0.4690343
0.5170938
0.4880189
0.51523
0.4880919
0.4725933
0.4706057
0.5245354
0.6023878
0.5246535
0.5586087
0.5498189
0.5588332
0.5159517
0.5390377
0.5506845
0.557626
0.4787694
0.5106732
0.5373794
0.5595464
0.5103725
0.5076882
0.5531972
0.5294611
0.5129673
0.557669
0.5223612
0.6005255
0.5713327
0.5043542
0.4988096
0.4749718
0.4841118
0.4698722
0.4984283
0.5056401
0.5122172
0.5310374
0.5416369
0.5469964
0.4710051
0.5100865
0.5095294
0.5375262
0.5406315
0.5414513
0.5688143
0.5429094
0.5774213
0.515345
0.5839213
0.5952654
0.5505233
0.5152693
0.5573214
0.4980343
0.5659479
0.5159152
0.533231
0.5223014
0.5441641
0.5514269
0.5331173
0.5237477
0.5340891
0.5609314
0.5881959
0.566156
0.5375215
0.5350561
0.5325952
0.5389796
0.5628831
0.5553352
0.5430572
0.5583319
0.5370253
0.5404503
0.5586725
0.5661538
0.5353285
0.5176662
0.5694956
0.5483571
0.5199533
0.578738
0.547541
0.5563492
0.5288463
0.5791274
0.5441775
0.5838832
0.5267441
0.4955223
0.5460988
0.535638
0.5574205
0.556206
0.5137465
0.5362895
0.522306
0.5470317
0.5230142
0.5591646
0.5474001
0.554881
0.5688313
0.5707073
0.5149681
0.5222113
0.5768472
0.5237013
0.5161332
0.5797428
0.5286086
0.5798108
0.5284374
0.5447847
0.5642418
0.5047315
0.56664
0.5021521
0.4827245
0.4958542
0.5072142
0.5487328
0.5061724
0.5441633
0.5290776
0.488332
0.5216838
0.5039876
0.4868332
0.5477722
0.567805
0.4943113
0.5295414
0.5321537
0.5334226
0.531757
0.5106936
0.5219892
0.5009773
0.5690286
0.5479142
0.5080971
0.4747175
0.5468989
0.5323523
0.4986288
0.5151082
0.4884822
0.461385
0.4878809
0.4788332
0.475047
0.4943061
0.4942507
0.5239488
0.5002732
0.5037779
0.4765033
0.4931641
0.4921752
0.5055549
0.5253382
0.4957437
0.5656185
0.4651518
0.4997656
0.4797819
0.4510875
0.4762794
0.4891883
0.5017295
0.5166544
0.5352888
0.4893388
0.4918384
0.5111851
0.4821208
0.5268705
0.4931113
0.5049706
0.5197555
0.5353617
0.4857161
0.4598465
0.5163774
0.5122473
0.4561195
0.4746453
0.4834487
0.4886028
0.4723763
0.4608712
0.4668598
0.4602796
0.4128111
0.4542616
0.5041589
0.5055497
0.503978
0.5045385
0.4516376
0.4425096
0.4272973
0.4157816
0.4479404
0.4883224
0.4716614
0.5000826
0.4418284
0.4470817
0.426658
0.4465959
0.4671441
0.4935879
0.4302555
0.4751264
0.4814892
0.4564747
0.4919735
0.480617
0.4425813
0.4140517
0.4485834
0.45279
0.4532502
0.4621387
0.4623199
0.4341312
0.474482
0.4454387
0.42446
0.4216951
0.4637809
0.4640005
0.4350279
0.480099
0.4676247
0.4235815
0.4405186
0.4505647
0.4633852
0.4653811
0.4658156
0.4548905
0.4537976
0.4814527
0.5022568
0.4756264
0.4738216
0.4412505
0.5244531
0.5304044
0.5271447
0.5333174
0.5471466
0.4998447
0.4863386
0.5016626
0.5107303
0.4616948
0.4775979
0.4948303
0.5424382
0.4672507
0.4749148
0.4644822
0.5389341
0.4768138
0.5194108
0.556907
0.5408867
0.5464885
0.5545412
0.5510293
0.5606313
0.5224178
0.5224825
0.5403422
0.4717101
0.5058317
0.4705349
0.4818738
0.4519747
0.4567096
0.4602861
0.4756191
0.4482402
0.4858974
0.453223
0.4551715
0.4240018
0.4527611
0.5149302
0.5024798
0.4901586
0.4748577
0.4609484
0.4956729
0.5086113
0.4998886
0.522997
0.5273342
0.5238627
0.5070906
0.4659547
0.510348
0.4970355
0.471002
0.4908606
0.4515547
0.4526644
0.4463346
0.4901592
0.448897
0.4926144
0.5286911
0.5588194
0.4980099
0.5149652
0.5051234
0.4731808
0.5210834
0.4787277
0.4711367
0.45966
0.428693
0.4673809
0.4666869
0.4894802
0.4894889
0.4444163
0.5189598
0.4694254
0.4950002
0.4621455
0.499553
0.5150213
0.5041652
0.5268439
0.48794
0.488407
0.5234618
0.4907896
0.4962335
0.4985799
0.49205
0.5060125
0.4749254
0.4991266
0.4546015
0.4602731
0.4589914
0.4612157
0.4892871
0.4522696
0.4314782
0.4282239
0.4509779
0.4502442
0.4691416
0.4555763
0.4975174
0.4945706
0.4645711
0.4349838
0.4319228
0.4657741
0.4451832
0.4866219
0.463957
0.4586563
0.4422477
0.4352894
0.4512887
0.4661085
0.4555309
0.4632048
0.4702826
0.4339196
0.4477648
0.4595181
0.4244078
0.4818185
0.4921099
0.4972963
0.46512
0.4918884
0.4894532
0.446756
0.4791005
0.4586462
0.4645248
0.4544086
0.4840054
0.4390048
0.4537725
0.4390715
0.4342958
0.4038725
0.512716
0.478106
0.4667991
0.483485
0.4446138
0.4472865
0.4903844
0.4630144
0.4861957
0.4902324
0.4779252
0.4723312
0.47692
0.4583086
0.4812897
0.4656464
0.4424588
0.4855174
0.4467203
0.4625523
0.5125645
0.4521299
0.5097137
0.4777282
0.5046743
0.4490265
0.5536126
0.5066478
0.5039071
0.4294035
0.4376609
0.4541796
0.4324028
0.4615413
0.4171236
0.4265169
0.4319392
0.4558284
0.464765
0.4715796
0.5091584
0.4886574
0.5381308
0.4966984
0.5050086
0.4469725
0.458066
0.4600233
0.4624718
0.4493174
0.4643591
0.4584417
0.4735727
0.4827429
0.4391076
0.4632739
0.4698192
0.5083491
0.452062
0.4534105
0.4587423
0.4182317
0.4793535
0.4492494
0.4478776
0.4477171
0.5089892
0.4811552
0.5176753
0.490659
0.4777527
0.4708252
0.4683921
0.5117771
0.500623
0.5237191
0.4929048
0.5142447
0.4751315
0.4851483
0.5407917
0.4885982
0.4991181
0.5389041
0.5432913
0.5733432
0.5630594
0.5480546
0.5272392
0.4926586
0.501627
0.5162457
0.5414382
0.5252464
0.4957075
0.5034661
0.572532
0.5147369
0.5146673
0.4919618
0.5633904
0.5476302
0.5388123
0.5581983
0.5752603
0.54177
0.4978033
0.5461011
0.5164108
0.5111808
0.4941607
0.4813695
0.5245419
0.494064
0.5033985
0.4878029
0.5605003
0.5269762
0.5557029
0.5698438
0.5638888
0.5565426
0.5372519
0.5187341
0.4997437
0.5425463
0.5232423
0.5258783
0.5445555
0.5385504
0.5813465
0.5441065
0.5537236
0.5431493
0.5562899
0.5585575
0.558725
0.5935498
0.5582758
0.5588281
0.5934789
0.5660096
0.5841517
0.5601049
0.5256366
0.5282508
0.5437599
0.5401937
0.5269286
0.604496
0.589071
0.5663136
0.563289
0.5641383
0.5680442
0.5665181
0.6011095
0.6142054
0.5084332
0.5164845
0.5773649
0.5379751
0.6048345
0.5582147
0.5683626
0.5617433
0.5677753
0.5873589
0.5369114
0.5356651
0.5897517
0.514645
0.5345256
0.5682992
0.5735427
0.5679466
0.5172714
0.559262
0.5645077
0.5685916
0.5148932
0.5127834
0.5620087
0.5256209
0.5520881
0.5502108
0.5361489
0.5295426
0.540028
0.487722
0.4873476
0.5177253
0.4962342
0.508363
0.5527058
0.5253344
0.5217949
0.48452
0.479237
0.546289
0.524368
0.530484
0.5102636
0.4797893
0.5217924
0.4898519
0.5402125
0.5345636
0.5982811
0.5666905
0.5663295
0.5454283
0.4918808
0.5629189
0.5571555
0.5508628
0.5688553
0.5790458
0.5123466
0.5573546
0.5399675
0.5415111
0.5408002
0.5266174
0.5419889
0.5177308
0.4963583
0.521152
0.4830716
0.5033869
0.4938442
0.492589
0.506985
0.5366932
0.4897476
0.5102804
0.474611
0.5224138
0.5236016
0.5332593
0.5049784
0.4986632
0.5191811
0.5655624
0.4860248
0.5308216
0.5510876
0.5380268
0.5413685
0.5396081
0.5309958
0.5510322
0.4881643
0.5343835
0.4980461
0.5898486
0.5281575
0.5393521
0.5210373
0.5143805
0.5535933
0.5175019
0.5257337
0.5444871
0.5536944
0.5605922
0.4825773
0.5295875
0.5760658
0.4992504
0.505282
0.5579754
0.5048736
0.4868253
0.4872397
0.5096799
0.5071056
0.4992895
0.5172564
0.526592
0.511299
0.5115413
0.5163909
0.5152484
0.4988376
0.5153837
0.4741396
0.5017536
0.492171
0.5160342
0.5094232
0.4840685
0.5010889
0.5270398
0.5228246
0.5422558
0.5016277
0.5288091
0.5192329
0.5129154
0.4794539
0.5254701
0.528991
0.5086058
0.5556507
0.5240573
0.4905896
0.5034294
0.5417064
0.5230346
0.4908057
0.510552
0.5392559
0.5366648
0.5402441
0.5326951
0.4864424
0.5050856
0.55931
0.5876151
0.5351917
0.559396
0.5142754
0.538177
0.5232887
0.5425511
0.5121817
0.5388349
0.53025
0.5302279
0.540608
0.5099941
0.5454285
0.486655
0.5056507
0.5247879
0.5342342
0.4961118
0.4748247
0.4859011
0.4901379
0.5024983
0.4868494
0.4980461
0.5522904
0.5088909
0.5150528
0.5390344
0.5207936
0.5080639
0.5202236
0.5088553
0.4769295
0.4776137
0.5228701
0.4744368
0.4766155
0.4899779
0.5402513
0.4791559
0.5487699
0.5054024
0.5620381
0.5460553
0.5401772
0.5291685
0.4878425
0.4800676
0.5202028
0.5261117
0.5628197
0.5339293
0.5255488
0.4984731
0.5241234
0.5333146
0.5471325
0.5470909
0.5592279
0.5882542
0.5619149
0.5473503
0.510493
0.5215526
0.5040503
0.4149454
0.4897296
0.4605395
0.4265999
0.4334675
0.4157527
0.4272999
0.4003677
0.4156063
0.4348583
0.4309999
0.4273055
0.4123062
0.4042264
0.4007075
0.4253213
0.4245894
0.4184743
0.4189767
0.4363925
0.444095
0.4402846
0.4532292
0.5177301
0.428723
0.4974428
0.4968877
0.5592269
0.4767275
0.5247291
0.5080964
0.4434178
0.5076169
0.4890117
0.4847131
0.4832624
0.4824518
0.4913968
0.4650723
0.4788622
0.4771133
0.5303364
0.4715114
0.5001708
0.5022606
0.5345998
0.5747821
0.4865543
0.4243598
0.4541615
0.412556
0.4724863
0.5113294
0.520629
0.4303258
0.4468493
0.4934646
0.5007794
0.4468792
0.5194287
0.462253
0.4857395
0.4589995
0.4794927
0.485419
0.4503507
0.485776
0.4285365
0.4934571
0.4975532
0.4520965
0.4766576
0.4891144
0.4910885
0.5021713
0.4963545
0.5010713
0.5212598
0.5045666
0.5169112
0.4777787
0.5176382
0.5198939
0.4959258
0.5253148
0.4816059
0.4676725
0.4824857
0.4878623
0.4826872
0.4769976
0.4693739
0.4567304
0.4527404
0.4939673
0.5143181
0.4991944
0.4750665
0.4337496
0.4572231
0.4762324
0.476796
0.4659187
0.4671567
0.4567373
0.4402711
0.4426087
0.5109159
0.4718125
0.483381
0.3984845
0.4884716
0.4618086
0.4584818
0.4583932
0.4427037
0.4065806
0.4258758
0.4540995
0.4507118
0.4642047
0.4275693
0.492397
0.4602207
0.4233305
0.4672451
0.4599187
0.5058407
0.4565678
0.504774
0.5051472
0.5229068
0.5169721
0.5055961
0.5259105
0.5065317
0.4754172
0.5039732
0.551358
0.5317129
0.4734326
0.4985099
0.4842485
0.4882124
0.4787016
0.5201426
0.4626907
0.5719623
0.532189
0.5306741
0.4793561
0.5263046
0.4753162
0.4840124
0.4513496
0.45306
0.5059928
0.5007628
0.4933548
0.4714682
0.5027627
0.5112338
0.4634171
0.5369138
0.5277249
0.5181481
0.4610073
0.4890641
0.5075741
0.4643416
0.4698733
0.4838721
0.5210825
0.4949441
0.4958787
0.4563036
0.4291848
0.4826584
0.4644808
0.4582261
0.4687533
0.4886824
0.4955049
0.4494688
0.4769571
0.4506858
0.4720652
0.4502811
0.5154434
0.4760739
0.5019845
0.45017
0.4344435
0.4850009
0.4919323
0.4710815
0.4694678
0.449931
0.4805841
0.4815385
0.4662558
0.4694685
0.4927734
0.4887158
0.5255842
0.4761567
0.5083652
0.5046663
0.4827193
0.4612793
0.4959636
0.5159737
0.4954938
0.4776123
0.5081675
0.5222214
0.4994516
0.517555
0.4776467
0.4877966
0.4962521
0.4883472
0.5010481
0.4946252
0.4866286
0.5385247
0.5221853
0.5489394
0.4780955
0.510455
0.5010726
0.4920282
0.4770896
0.4988367
0.5455844
0.5218478
0.4937818
0.4924354
0.5343063
0.4914983
0.5285978
0.5315795
0.5060745
0.5655948
0.5453756
0.5367943
0.5594203
0.5607036
0.5563605
0.5779406
0.5813811
0.5985402
0.5215881
0.5428784
0.5372775
0.5340348
0.5767856
0.5640735
0.5900205
0.5733671
0.513698
0.5062743
0.5020798
0.5567489
0.6081166
0.5552977
0.5828316
0.5514526
0.5705254
0.5320079
0.5578915
0.5573888
0.534102
0.5608314
0.5594304
0.53664
0.5640638
0.5589134
0.572136
0.5769249
0.5762661
0.6218391
0.5510197
0.6230332
0.5437552
0.6009951
0.5478197
0.539237
0.5599449
0.5559393
0.6029509
0.5770463
0.5145206
0.4844509
0.5689893
0.5807799
0.6060414
0.5644576
0.5301001
0.5522518
0.5609687
0.4983041
0.5775768
0.5809951
0.5507286
0.5411085
0.5347098
0.5334406
0.5347915
0.4984995
0.4886348
0.4892058
0.4731191
0.4724381
0.5045202
0.5021644
0.4874682
0.5109591
0.4709044
0.4573278
0.4465847
0.4221969
0.4973564
0.4848793
0.5605834
0.5693308
0.5432268
0.5114261
0.4828314
0.4584548
0.4724649
0.4712303
0.4575963
0.4740075
0.5418386
0.476595
0.5372138
0.5030533
0.4501815
0.4386917
0.472573
0.4812714
0.4923573
0.4904197
0.4868832
0.5643126
0.5183092
0.5409959
0.5672721
0.5277977
0.5153291
0.5329828
0.5238879
0.5782471
0.5285648
0.5784819
0.526226
0.5420206
0.5673074
0.5551147
0.5713775
0.5912358
0.6193261
0.5865059
0.5763286
0.5708692
0.5063024
0.5133448
0.5163123
0.5413002
0.5519714
0.5989032
0.5739875
0.5456384
0.5184298
0.4828815
0.5188739
0.4551177
0.5054591
0.4831535
0.5354425
0.5084933
0.4961193
0.5088343
0.53112
0.5423674
0.5683325
0.5682623
0.5648428
0.5577722
0.5524896
0.5691568
0.5702202
0.5229121
0.5927162
0.5654694
0.5434228
0.5479017
0.5563541
0.5459914
0.5378407
0.5411218
0.5341105
0.5349007
0.5620577
0.5153672
0.5612606
0.5531878
0.5574688
0.5350765
0.5469884
0.5223246
0.5621831
0.5293908
0.5544516
0.5677448
0.5657998
0.5066805
0.5309757
0.5207812
0.5288845
0.515754
0.5578842
0.5713825
0.5774405
0.5303192
0.5310873
0.5503715
0.5215273
0.5446019
