0.1467467
0.1233
0.1440142
0.1518739
0.1435821
0.13375
0.1534445
0.1424537
0.1373808
0.1689179
0.1361604
0.1245486
0.1493161
0.1470667
0.1437925
0.1435294
0.1579473
0.1281782
0.160362
0.1541923
0.1404978
0.1393899
0.1523276
0.165786
0.1466448
0.1705727
0.1539956
0.1348597
0.1437574
0.1689172
0.1699682
0.1382246
0.1512923
0.1520212
0.1379817
0.1512536
0.1523612
0.1732142
0.1353553
0.1761686
0.1555059
0.161406
0.1658548
0.1843529
0.1749761
0.1796707
0.1614233
0.1411458
0.1656249
0.1438776
0.1510881
0.1578238
0.1701727
0.1804816
0.1450957
0.1389494
0.1293253
0.1588028
0.127895
0.1414038
0.1276968
0.1625716
0.1371878
0.1419974
0.1367993
0.1508543
0.1176799
0.1206228
0.1201923
0.1355137
0.1244831
0.1179211
0.1328524
0.1359055
0.133924
0.1144641
0.1146929
0.1265187
0.1333629
0.1193317
0.1355212
0.1402051
0.143991
0.165399
0.1584301
0.1554275
0.1570797
0.1690591
0.1371454
0.1319656
0.1300881
0.1293075
0.1282315
0.1289541
0.1292504
0.1496143
0.1778538
0.1605302
0.1501177
0.1306031
0.1335464
0.1672266
0.1372174
0.1550284
0.1591185
0.1262213
0.1395918
0.1312349
0.1469799
0.1423084
0.1517749
0.1485371
0.1267241
0.1556989
0.1509442
0.1624605
0.1305659
0.1354488
0.1313627
0.1547106
0.1237923
0.1319163
0.1184338
0.1324951
0.1380943
0.113559
0.1215477
0.1075013
0.1229068
0.1173921
0.1289797
0.1017941
0.1466964
0.124458
0.1242357
0.1277807
0.1173062
0.1186461
0.1347078
0.1174043
0.1373335
0.1072547
0.1052699
0.1508578
0.1322641
0.149967
0.1361476
0.1204324
0.1377666
0.1299754
0.1361187
0.1228915
0.1532967
0.1453384
0.134044
0.1126841
0.1217598
0.1548973
0.1220186
0.145415
0.1542893
0.1367171
0.1447478
0.1228196
0.1601359
0.1236035
0.1281658
0.1333723
0.1242082
0.1437172
0.163394
0.1456738
0.1299858
0.1450009
0.1338035
0.1288671
0.1482521
0.1569483
0.1261161
0.1354719
0.1457437
0.1369507
0.1222322
0.1358581
0.1521619
0.1593968
0.1554064
0.1461695
0.1557796
0.1745875
0.1499035
0.1265931
0.1616645
0.151719
0.1220444
0.1203837
0.1133476
0.1267283
0.1312152
0.1157531
0.1451254
0.1098539
0.1315636
0.1163058
0.1215769
0.1392754
0.1145796
0.1236134
0.1423739
0.1154615
0.1131612
0.1336248
0.1222179
0.1254366
0.1174975
0.1232698
0.1166741
0.133375
0.1132148
0.1185932
0.116898
0.1269078
0.1097769
0.1145388
0.1304187
0.1355986
0.1619255
0.1463014
0.1313461
0.1204751
0.1268641
0.1426678
0.1431516
0.1173596
0.1233391
0.1223999
0.1193112
0.1399324
0.1216396
0.1228744
0.115721
0.1165833
0.1290445
0.1071081
0.1205984
0.1014917
0.0984493
0.1315501
0.1364081
0.1029662
0.1422684
0.121581
0.1309652
0.1074967
0.1232212
0.1140669
0.1190969
0.1246512
0.142239
0.1379363
0.1270603
0.1359529
0.1326211
0.1543929
0.1268913
0.1550139
0.1533825
0.13381
0.135728
0.1317657
0.1259841
0.1301136
0.1305897
0.1318979
0.1105198
0.1518282
0.1296071
0.1362531
0.1257367
0.1235674
0.1513501
0.1276232
0.125895
0.1393879
0.1414041
0.1189093
0.1133464
0.1293062
0.1381706
0.1490978
0.1337992
0.1484134
0.1366727
0.1352323
0.1308988
0.1541816
0.1520027
0.1237108
0.1593039
0.1521945
0.1637722
0.1761416
0.1521616
0.1408943
0.1628466
0.1453643
0.136513
0.1424768
0.1764256
0.1651008
0.1338544
0.1457575
0.1198838
0.1351884
0.1121742
0.1436707
0.1393749
0.1376468
0.1200518
0.1452029
0.1252939
0.1163743
0.1229602
0.117272
0.1431972
0.1354617
0.1338948
0.1303338
0.1078306
0.1084367
0.0983232
0.1278738
0.125067
0.1363927
0.1161406
0.1197518
0.1263461
0.1311428
0.1378832
0.126352
0.1139434
0.1037873
0.1333996
0.1252088
0.1298071
0.0988314
0.1135072
0.1030374
0.1135285
0.0914034
0.1011782
0.1225821
0.0995335
0.0995538
0.0938771
0.0768024
0.0876497
0.0820836
0.0913757
0.0854333
0.0871401
0.0846794
0.1033104
0.0762528
0.0847108
0.0896086
0.0966674
0.0912368
0.0888183
0.1265944
0.1013919
0.0928216
0.0828847
0.0810972
0.0984779
0.1027532
0.0912162
0.08662
0.0955263
0.0935896
0.0963202
0.0898125
0.108133
0.1008823
0.0994732
0.0980174
0.1052246
0.0997245
0.1165381
0.1219125
0.1224468
0.1189863
0.1268671
0.1169267
0.1431368
0.1236827
0.157624
0.1369688
0.1374063
0.1377564
0.1322376
0.11717
0.1167606
0.1063964
0.1375031
0.1336937
0.1113812
0.1254892
0.1227873
0.1037189
0.1160201
0.1365302
0.1177119
0.1368216
0.1231599
0.1139706
0.1021357
0.1223936
0.1205302
0.1261223
0.1270447
0.1494129
0.1283329
0.133397
0.1473171
0.1258273
0.1397762
0.1448731
0.1260237
0.1281805
0.1184202
0.1384046
0.0964397
0.1188298
0.1224995
0.1048506
0.1200721
0.1391165
0.1195314
0.0996102
0.0866196
0.1135503
0.0729706
0.1091445
0.1062654
0.1243549
0.0889026
0.0803889
0.0964753
0.0937603
0.0992418
0.1133645
0.0849213
0.0791438
0.0928272
0.1085204
0.0950477
0.1139359
0.1118722
0.1015338
0.1072489
0.0899837
0.1059959
0.105539
0.1138509
0.0884314
0.1009424
0.0979508
0.097402
0.0894108
0.096144
0.0887913
0.0972709
0.099419
0.0949448
0.0723954
0.0842037
0.0829538
0.0830101
0.0828386
0.0845961
0.0827733
0.0853995
0.0784171
0.0851241
0.0990039
0.0987867
0.1035303
0.0913374
0.0814927
0.0877365
0.0739194
0.0805937
0.0890923
0.079222
0.0991879
0.0981205
0.1052224
0.0956879
0.0982542
0.1309855
0.1078609
0.1123718
0.1255711
0.0886665
0.096131
0.1134656
0.0949352
0.1386508
0.1242417
0.1199016
0.1348971
0.1126263
0.1009604
0.1254748
0.1146126
0.1453206
0.1395888
0.1214467
0.1125932
0.1493501
0.12394
0.1157032
0.0857527
0.1258994
0.1418458
0.1133725
0.1131568
0.1205872
0.114586
0.1042519
0.1192686
0.1180707
0.1215893
0.1139652
0.1062775
0.0893807
0.1052522
0.1219338
0.1101344
0.1230316
0.11706
0.123958
0.1290461
0.1225914
0.1183674
0.1370872
0.1304976
0.1277313
0.164137
0.1150624
0.1371055
0.1498872
0.1468835
0.1231751
0.1010114
0.1428523
0.1158467
0.1225332
0.155678
0.1621439
0.1255837
0.1335601
0.1199893
0.138145
0.1395178
0.1157954
0.12166
0.1602509
0.133962
0.1751909
0.1663149
0.1624584
0.1664328
0.1677972
0.1491553
0.1546577
0.1464711
0.1407292
0.1471701
0.1289073
0.16601
0.1518083
0.1253103
0.1368557
0.126126
0.137364
0.1422777
0.1309396
0.1360565
0.1601873
0.1349811
0.1688039
0.1225501
0.1394667
0.1563853
0.1388683
0.1340708
0.1492127
0.1472803
0.1427767
0.1468433
0.1093779
0.1265083
0.1411485
0.1414564
0.1289883
0.1232339
0.1345307
0.1182533
0.1321827
0.1300406
0.1375826
0.1289624
0.1520692
0.1427099
0.1450751
0.1375341
0.1223147
0.1434382
0.1503401
0.149744
0.1595354
0.1517459
0.1586115
0.1708245
0.1461423
0.1713357
0.1471543
0.1723052
0.1792669
0.1501256
0.1410757
0.1569913
0.1715504
0.1365729
0.1691968
0.154102
0.1536746
0.1811156
0.1487915
0.1698931
0.1728483
0.1711872
0.1613989
0.1551083
0.1700256
0.1771383
0.175941
0.1856846
0.1515465
0.1604854
0.1596118
0.1766369
0.1530186
0.1627224
0.1614897
0.1891279
0.1732909
0.1791701
0.1697997
0.1876144
0.1972582
0.1914408
0.1566345
0.1862409
0.1673901
0.1883981
0.1922189
0.1748928
0.186816
0.1933388
0.1826776
0.1854404
0.1697315
0.1645326
0.1882568
0.166751
0.1659983
0.1737548
0.1611483
0.1525236
0.1521268
0.1654426
0.183314
0.1743079
0.1777478
0.1499004
0.1696933
0.1692876
0.170969
0.1845647
0.2063848
0.1655116
0.1888466
0.1714399
0.1803034
0.1706479
0.152986
0.1704146
0.1775709
0.1394963
0.140184
0.126379
0.1557951
0.1553655
0.1789398
0.1516376
0.1495565
0.1404202
0.1716397
0.1731563
0.18438
0.1579472
0.1433844
0.1781289
0.1611714
0.1491546
0.1487686
0.1450527
0.1762415
0.1590418
0.1541733
0.1701879
0.1791534
0.1655909
0.1593382
0.1526678
0.1495567
0.1670988
0.1480018
0.162405
0.1456241
0.1484058
0.1457428
0.1381559
0.140189
0.1273771
0.1530187
0.1309132
0.1549511
0.1309535
0.126653
0.1364353
0.145769
0.138675
0.1419974
0.1461807
0.1425927
0.1548853
0.1327457
0.1440779
0.15552
0.1620375
0.1437992
0.1530221
0.1422007
0.1227051
0.122638
0.1689008
0.1297132
0.1389127
0.1238668
0.1381898
0.1196846
0.1541333
0.1125496
0.1408749
0.151058
0.12749
0.141186
0.1375248
0.1134821
0.1069277
0.125196
0.1339358
0.1171908
0.1315381
0.144823
0.1381318
0.1516686
0.1455859
0.1392567
0.1631508
0.1608064
0.1449976
0.1347246
0.1461938
0.1313925
0.1425267
0.1419442
0.1351631
0.1478365
0.1390417
0.1390384
0.161756
0.1676477
0.1738193
0.1668926
0.1500702
0.1720954
0.1476279
0.1771803
0.1753479
0.1792771
0.1760006
0.153172
0.158559
0.206434
0.1928226
0.1637021
0.1619535
0.1552004
0.1375701
0.1305809
0.1275688
0.1415566
0.1491989
0.1509755
0.1398529
0.1144732
0.1541876
0.1623251
0.1428983
0.1454217
0.1568667
0.116962
0.1560717
0.1375933
0.1385828
0.1386687
0.136862
0.1595986
0.1636647
0.1375049
0.1344551
0.1362993
0.1476144
0.1167327
0.1338795
0.156719
0.1208792
0.1299906
0.1254218
0.1256993
0.1271508
0.1312192
0.1233705
0.1289658
0.1329823
0.1506912
0.150524
0.1330128
0.1244917
0.1369413
0.1273232
0.1270218
0.1135611
0.1271305
0.1201077
0.1295439
0.1210332
0.12826
0.1249125
0.147159
0.1254804
0.1143411
0.1109423
0.1236859
0.1192533
0.1066336
0.110465
0.1117978
0.1249351
0.1275902
0.1452018
0.1075102
0.1359699
0.1268422
0.1087236
0.1263452
0.1442033
0.1173141
0.1535245
0.144243
0.1232289
0.1224974
0.1137596
0.1025354
0.1190918
0.1355152
0.1105136
0.1358551
0.121773
0.1110758
0.1196898
0.1323344
0.1402456
0.1337006
0.140301
0.1676519
0.1279691
0.1305936
0.1110981
0.1325795
0.1120684
0.1245357
0.1178222
0.1105113
0.1552988
0.1166067
0.1345088
0.1539259
0.12774
0.1275377
0.1465235
0.1143119
0.1441894
0.1603395
0.1430266
0.1273415
0.1174747
0.1421038
0.1337631
0.111477
0.1016184
0.1263802
0.1255446
0.1366065
0.1335783
0.1249909
0.1442646
0.1200864
0.1175644
0.1271323
0.1467296
0.1496438
0.1308533
0.1459604
0.1427781
0.1244082
0.1328501
0.1439571
0.138119
0.1472529
0.1510671
0.1374303
0.1594377
0.1578545
0.1359581
0.1859719
0.1624979
0.1491873
0.1443484
0.1776181
0.1560369
0.147569
0.1498951
0.1542289
0.1459421
0.1566505
0.1597824
0.1782942
0.1472061
0.1685189
0.1563477
0.1581609
0.1741056
0.1764559
0.1557194
0.1879619
0.1700198
0.1568366
0.1426864
0.138338
0.1662305
0.1540893
0.1729283
0.1662634
0.1600629
0.1428762
0.1683143
0.1719792
0.1534563
0.1618344
0.1514095
0.1699112
0.1687498
0.1408594
0.1542353
0.1726304
0.1664378
0.1620727
0.1748395
0.1500302
0.1678066
0.1614868
0.1427445
0.166232
0.1354133
0.1578866
0.1605791
0.1558525
0.1700308
0.1610963
0.1541025
0.1507187
0.1604908
0.1506793
0.1310533
0.1660729
0.1583243
0.1493159
0.160656
0.1657371
0.1559402
0.162106
0.1687707
0.1723122
0.1665331
0.1749472
0.1835104
0.1874107
0.1822811
0.179889
0.1666811
0.1867219
0.1918754
0.1790345
0.1743569
0.182092
0.189002
0.1757945
0.1576568
0.1529554
0.1870638
0.1757749
0.1863747
0.1654089
0.1847584
0.1758231
0.1850095
0.1754255
0.1695738
0.1799271
0.1870005
0.1806642
0.1742096
0.1935289
0.1741113
0.1770369
0.1583392
0.1796227
0.1726139
0.181249
0.1786313
0.175788
0.1785295
0.1818797
0.1986556
0.1561508
0.1762658
0.1699135
0.1658432
0.1789429
0.177356
0.1857906
0.1744091
0.1773372
0.168431
0.1951208
0.1977653
0.1757075
0.1931358
0.1841133
0.1687869
0.1573059
0.1654622
0.1932323
0.1607442
0.1676515
0.1636483
0.207351
0.1687446
0.1713247
0.1922233
0.2045925
0.18078
0.1881635
0.172291
0.2031192
0.1977678
0.1825241
0.185181
0.1914921
0.2025381
0.1808315
0.1771095
0.2216977
0.2082242
0.1941952
0.2124008
0.19087
0.1836531
0.1682385
0.1766824
0.1896665
0.177726
0.1656727
0.16468
0.1779333
0.1675808
0.1736514
0.1613425
0.1848428
0.1713586
0.1683245
0.1757651
0.156969
0.1560269
0.1656523
0.1591545
0.1713393
0.1786914
0.1787439
0.1746739
0.1670879
0.1785695
0.1823002
0.1806103
0.1728318
0.1757712
0.1808903
0.1583214
0.1955024
0.1853819
0.1929289
0.1851269
0.1679418
0.1734204
0.1701806
0.1654176
0.1516793
0.1788287
0.1657825
0.1979091
0.1737868
0.1672383
0.1899903
0.1775026
0.1740561
0.1748886
0.1628742
0.1765824
0.1618423
0.1796616
0.1952271
0.1805641
0.1838212
0.1775711
0.1900636
0.1753229
0.1588256
0.1671531
0.1616209
0.1806635
0.1789722
0.1798876
0.1716131
0.2020263
0.1695769
0.1775097
0.1829833
0.1866659
0.1608678
0.1843888
0.1630314
0.1741574
0.167429
0.1752492
0.1881738
0.1873699
0.1525925
0.1489798
0.1633174
0.1873508
0.1657421
0.163918
0.1715859
0.1754388
0.1785131
0.1689555
0.2225042
0.1920551
0.1862345
0.1729248
0.161889
0.1603923
0.183562
0.1925701
0.1723553
0.18589
0.1870647
0.1965481
0.1879234
0.1801123
0.1842826
0.1694937
0.1685123
0.1649465
0.178114
0.1909783
0.1566864
0.1713495
0.1741159
0.1939784
0.1784933
0.1810584
0.1844955
0.1964165
0.1979042
0.1846777
0.1739201
0.1789735
0.1811102
0.1864984
0.2000464
0.1951674
0.1795741
0.1828443
0.175239
0.1855907
0.1898986
0.1452641
0.1790029
0.1847351
0.178821
0.1922467
0.178391
0.1886729
0.1769068
0.1689245
0.1806954
0.1807093
0.1575317
0.1464897
0.1745067
0.1822242
0.1865049
0.1962577
0.1781631
0.175979
0.1918644
0.1940778
0.1818374
0.1871959
0.1880113
0.1833505
0.1779001
0.1774834
0.1822451
0.1624906
0.1766329
0.1618102
0.1835767
0.169921
0.1876429
0.1872752
0.1703609
0.1847793
0.1616397
0.1872037
0.1820539
0.1879317
0.1786366
0.1949014
0.1895594
0.1829281
0.1524136
0.1638909
0.1960375
0.1616033
0.1767436
0.175874
0.1891969
0.1659695
0.1852399
0.1814913
0.1779786
0.1856216
0.1926324
0.1823195
0.2020302
0.1856161
0.1938354
0.189795
0.2016759
0.1771025
0.1896216
0.1701359
0.1828934
0.1939618
0.1796365
0.1760099
0.1696564
0.1611877
0.1920909
0.1954055
0.184367
0.1777001
0.1904195
0.1804522
0.1947945
0.1838525
0.1631283
0.1692953
0.176266
0.1805803
0.1708279
0.1844987
0.1658809
0.1901926
0.1926541
0.1908774
0.1942437
0.1997197
0.1712139
0.1895281
0.1769489
0.1527779
0.1908691
0.1816804
0.1775456
0.1703537
0.1739847
0.1760519
0.1832127
0.1824218
0.1904617
0.1882405
0.1788149
0.1816533
0.1775901
0.209796
0.1865759
0.1674952
0.1751763
0.1763556
0.176249
0.1844861
0.1585371
0.1729001
0.2013548
0.1837779
0.172507
0.1782218
0.1749613
0.1778883
0.1692509
0.1644069
0.1793006
0.1730756
0.1475145
0.1663795
0.169374
0.1690829
0.1827341
0.1619975
0.1824632
0.1730126
0.181403
0.1741092
0.1810123
0.1756588
0.1631344
0.1710549
0.1668444
0.1701139
0.1721273
0.1592814
0.1717914
0.1719031
0.148129
0.168017
0.192646
0.1545475
0.1727692
0.1676681
0.1751943
0.1722654
0.1862054
0.1769669
0.1835942
0.1683616
0.159815
0.1527124
0.1709885
0.180938
0.1572236
0.1702465
0.1612958
0.1667656
0.1633953
0.1662158
0.1646913
0.1672204
0.1728014
0.1819972
0.1656351
0.1538517
0.1732167
0.179525
0.1724157
0.1453138
0.1561503
0.1639983
0.1650363
0.1589932
0.1583853
0.1696478
0.161189
0.165043
0.1628228
0.1735271
0.162306
0.1421382
0.1759993
0.1601381
0.1701265
0.179194
0.1845991
0.1643648
0.1657374
0.1702218
0.1628259
0.1664266
0.1658319
0.1691962
0.1767736
0.1846898
0.1772359
0.1769408
0.1616234
0.1746562
0.1671788
0.1698573
0.175391
0.1662135
0.1691445
0.1646711
0.1659712
0.1760392
0.1643817
0.1702135
0.1878626
0.1877149
0.1810061
0.1694854
0.1907153
0.1834981
0.1752612
0.1721264
0.1625296
0.1775055
0.1913263
0.1743059
0.1800099
0.1935199
0.1829459
0.1725911
0.1800205
0.1736005
0.1614352
0.1817373
0.1620718
0.1609016
0.1887126
0.1743892
0.1721466
0.1928458
0.1808285
0.1658818
0.1649857
0.1701029
0.1658142
0.1688221
0.1744615
0.1797554
0.1772017
0.173124
0.1870229
0.1773079
0.2105873
0.1759561
0.1645554
0.1873076
0.1684339
0.1768577
0.1755587
0.1666361
0.1842575
0.2073602
0.1825911
0.1850269
0.1837629
0.1779159
0.1774457
0.1761551
0.1944406
0.1737276
0.1942111
0.1874611
0.168483
0.1875815
0.176217
0.1862144
0.1690549
0.1945209
0.1879387
0.1774256
0.1846626
0.1799839
0.171762
0.1873402
0.1683028
0.176622
0.1651337
0.1749245
0.1887489
0.1537122
0.1592565
0.1471692
0.1661211
0.1739065
0.1943669
0.1663956
0.1523129
0.1702145
0.1684598
0.1953828
0.1326395
0.171968
0.1676202
0.1593134
0.1486133
0.143467
0.133803
0.1599724
0.1341467
0.1611563
0.1574654
0.1605833
0.1489048
0.1402169
0.1534079
0.1333405
0.1505434
0.137101
0.1361267
0.1471352
0.1482082
0.1596808
0.1479074
0.1578507
0.1303692
0.1471202
0.1482172
0.1191873
0.1492875
0.145306
0.148316
0.1306906
0.1161567
0.153086
0.143301
0.140233
0.141806
0.1528556
0.1349467
0.1499582
0.125606
0.1446176
0.134354
0.1464557
0.1468335
0.1419067
0.1501165
0.1715473
0.159596
0.145556
0.1576355
0.1388323
0.1437605
0.1491061
0.1505686
0.1696517
0.1593574
0.1573748
0.1472205
0.1596325
0.1655569
0.1357671
0.1520876
0.1693088
0.1331607
0.1604638
0.1655354
0.1568815
0.1575558
0.1525673
0.1460246
0.1643587
0.164129
0.1547162
0.1625108
0.1622452
0.1542562
0.1395491
0.1594405
0.1712774
0.1631456
0.1446692
0.1651639
0.1415274
0.1513807
0.1294497
0.1325405
0.1435292
0.1748509
0.1528284
0.175304
0.1708135
0.149952
0.1744358
0.1719506
0.1395388
0.157098
0.1626599
0.1795146
0.1885596
0.1678219
0.1681783
0.1643589
0.1526452
0.1585346
0.1773949
0.1606072
0.1627448
0.1608005
0.1703501
0.1619309
0.1513146
0.1960676
0.1630778
0.1594047
0.1321754
0.1241923
0.1500221
0.1676331
0.1646038
0.1703044
0.1555532
0.1458568
0.1475319
0.1523737
0.1978395
0.1573309
0.1679659
0.1637715
0.150558
0.1411952
0.1397958
0.1306909
0.1498653
0.1810384
0.1611568
0.1597963
0.1535682
0.1628243
0.1580327
0.1865142
0.1665782
0.1773852
0.1765208
0.1900459
0.1773074
0.1723807
0.1630434
0.1699028
0.1725669
0.1751287
0.1598433
0.1565198
0.172674
0.1834755
0.1735058
0.1693562
0.1681216
0.16558
0.1651525
0.1764168
0.1793476
0.1695716
0.1454722
0.1538343
0.1826804
0.179488
0.1629075
0.1763791
0.1363209
0.1577337
0.1525498
0.12701
0.1877666
0.1702806
0.1498927
0.1658219
0.15589
0.1681547
0.1587843
0.1384405
0.1472652
0.1516379
0.1571802
0.1416834
0.1525024
0.13188
0.1505549
0.1724277
0.1890593
0.1452837
0.1719362
0.1695549
0.179708
0.1966035
0.1464165
0.1603519
0.1569534
0.1663046
0.1843278
0.1735068
0.1747636
0.1449746
0.1206899
0.1245284
0.1432365
0.1725186
0.1564663
0.1373551
0.1419335
0.136993
0.1394762
0.1270618
0.1318932
0.14904
0.1420394
0.1526921
0.1548261
0.1275777
0.1454264
0.1579191
0.1638571
0.1762954
0.1894633
0.1789292
0.1663751
0.1647947
0.1571238
0.1215097
0.1438227
0.1351129
0.1348318
0.1638428
0.1632883
0.1536532
0.177229
0.17666
0.1815956
0.1642896
0.1826381
0.1364117
0.1749689
0.1796394
0.1769052
0.183552
0.1604693
0.1581454
0.1482775
0.1497678
0.161455
0.1721472
0.1589489
0.148716
0.1652182
0.1556519
0.171877
0.1780737
0.1694281
0.1732866
0.1640649
0.1709453
0.1768796
0.1668414
0.1698718
0.1580262
0.1522321
0.1604564
0.1784638
0.1666222
0.1585552
0.1711367
0.1400366
0.1659658
0.142928
0.1608237
0.1400951
0.179142
0.1687312
0.1473259
0.1511153
0.1610152
0.1618151
0.1534625
0.1544378
0.1422095
0.1615642
0.1545122
0.1779391
0.1464868
0.1381142
0.1774925
0.1711524
0.1757913
0.1801382
0.1677316
0.1823214
0.1579114
0.1609561
0.1492756
0.1531049
0.1517977
0.1430036
0.1768865
0.1558779
0.150848
0.1778523
0.1861021
0.178966
0.1572179
0.1461452
0.1610115
0.1627271
0.1534123
0.1469444
0.171151
0.1501104
0.1707529
0.1462556
0.1606075
0.1634169
0.1313829
0.1500862
0.1617009
0.166225
0.1582087
0.1550017
0.1910142
0.1803122
0.1661447
0.1872537
0.1566352
0.1566532
0.1574003
0.1632302
0.1569935
0.1456628
0.1588832
0.1582638
0.1706375
0.1594834
0.1513384
0.1437046
0.1738247
0.1477667
0.1571602
0.1564872
0.1636255
0.1433512
0.1372354
0.141707
0.1704657
0.1500849
0.1401724
0.1475385
0.1534971
0.1684824
0.1811737
0.1845974
0.1615887
0.1759464
0.1636681
0.1609304
0.1496868
0.1684628
0.1455218
0.1567303
0.1764607
0.16383
0.1557163
0.1568709
0.1695433
0.1563038
0.1509171
0.159581
0.1554578
0.1841963
0.1471646
0.1611008
0.1836384
0.1652522
0.1545482
0.1519791
0.1734526
0.1749949
0.1509069
0.1681611
0.1697217
0.1573677
0.1585623
0.1489452
0.1485823
0.136229
0.1631009
0.1744686
0.1762114
0.1827081
0.1907261
0.1880435
0.1591538
0.1664014
0.160091
0.1647559
0.1839981
0.1775738
0.1626223
0.1685664
0.1664996
0.1661269
0.177391
0.1674879
0.17437
0.1685022
0.1751342
0.1786871
0.166275
0.1753155
0.1748751
0.1704983
0.1604515
0.1548507
0.1587524
0.1563953
0.171265
0.1845904
0.1601581
0.1432495
0.15342
0.1585901
0.1589529
0.1468105
0.1692875
0.1745866
0.1728174
0.1682614
0.1856634
0.2133354
0.1683965
0.1871306
0.1916494
0.1842854
0.1714404
0.1744454
0.173834
0.1764339
0.1919595
0.1899626
0.1988242
0.1988649
0.1797173
0.1622276
0.1934224
0.1876837
0.1783498
0.1823498
0.1808613
0.1715052
0.1804666
0.1800462
0.1600778
0.1557031
0.1788077
0.1736519
0.1913802
0.1890256
0.194194
0.1775673
0.1589996
0.1897064
0.1708019
0.1943813
0.1756349
0.188355
0.1779139
0.1892572
0.1661227
0.1740371
0.1685412
0.1756523
0.1848636
0.1561058
0.2009953
0.1785346
0.1809731
0.1626249
0.1843597
0.1689091
0.1813162
0.1922455
0.1749694
0.1891709
0.1619967
0.1748104
0.1692322
0.1810291
0.1644806
0.1580595
0.1872291
0.1773885
0.1608336
0.1826206
0.1902367
0.177678
0.1755603
0.196311
0.1912667
0.1851712
0.1592481
0.1784231
0.1659539
0.1855527
0.1750026
0.1866554
0.1875533
0.2014008
0.1897549
0.1857081
0.1900937
0.160829
0.1766281
0.1806652
0.1766344
0.1823782
0.1816874
0.1938957
0.2088961
0.1857151
0.1914969
0.1652916
0.1742376
0.1825971
0.1850515
0.1732934
0.2061054
0.1619064
0.1784342
0.2033576
0.1666902
0.1587893
0.189744
0.1693553
0.1751346
0.1923214
0.2080935
0.1786411
0.1840584
0.1729636
0.1745427
0.1599197
0.1968978
0.1665237
0.1657864
0.1481552
0.166315
0.1810993
0.1914738
0.1958119
0.1619488
0.1528945
0.1599303
0.1735055
0.1620064
0.174791
0.1749281
0.1615544
0.1540401
0.1518427
0.1719852
0.1840449
0.169286
0.1752072
0.1680778
0.1752857
0.2040212
0.1725157
0.1732403
0.1660606
0.1633784
0.1474189
0.1557611
0.1606214
0.1660964
0.1772616
0.1588578
0.1711545
0.1601653
0.1682259
0.1735555
0.1722594
0.1762248
0.198181
0.1863148
0.1663461
0.176033
0.1655418
0.1765218
0.1673415
0.1681837
0.1799589
0.1641003
0.1324343
0.1302188
0.1545902
0.1643668
0.1688948
0.1710915
0.161924
0.1694059
0.1720684
0.1510997
0.139165
0.15726
0.1492307
0.1480866
0.1660488
0.1769677
0.1520361
0.1633344
0.1754972
0.1800389
0.1680768
0.1532597
0.1734977
0.1440515
0.1726336
0.1815628
0.1557633
0.153552
0.1467502
0.1520149
0.1576589
0.1608789
0.1714587
0.1539121
0.1350902
0.1720767
0.1689505
0.1837635
0.1622216
0.1691037
0.1799505
0.199617
0.1858633
0.1791147
0.154012
0.1535173
0.167828
0.1474095
0.1513648
0.1811157
0.1802652
0.1830643
0.1596226
0.1438151
0.1405467
0.175201
0.1749768
0.170581
0.1679332
0.1553518
0.1477669
0.1595505
0.1776187
0.1881291
0.1570175
0.1746477
0.1746994
0.1714843
0.1683505
0.1556629
0.1489369
0.1304019
0.1638801
0.1484647
0.1498055
0.1663483
0.1505252
0.1834161
0.1535698
0.1558515
0.15538
0.1536758
0.1659495
0.1789038
0.145049
0.1616488
0.1707699
0.1479218
0.1724479
0.170344
0.1611714
0.163004
0.1693079
0.1703453
0.181164
0.1783769
0.1366836
0.1538663
0.1534346
0.1498933
0.1466138
0.1633568
0.1436068
0.155956
0.1505072
0.1474389
0.122483
0.1573785
0.1611109
0.1631478
0.1659376
0.1899323
0.158589
0.1718238
0.1645692
0.1586075
0.1550998
0.1692847
0.159519
0.1615417
0.1672334
0.1794639
0.1777756
0.1889641
0.176087
0.150252
0.1638597
0.174847
0.2047011
0.1758699
0.1551906
0.1816465
0.1697496
0.1774096
0.1622515
0.1972823
0.1795959
0.1980759
0.1708569
0.1410557
0.1684776
0.1703385
0.1693491
0.1752677
0.1840239
0.1662081
0.176758
0.1570155
0.1512043
0.1465731
0.1646364
0.1368676
0.1497873
0.1607289
0.175552
0.1796835
0.1659179
0.1825995
0.1601379
0.1575182
0.1759765
0.1777437
0.1499583
0.1614664
0.1560547
0.1583593
0.169001
0.1598042
0.1653903
0.1720204
0.1589019
0.1387327
0.148489
0.160873
0.1618986
0.1542713
0.1738398
0.1506675
0.1610835
0.1648694
0.1512291
0.1577812
0.146403
0.1613636
0.1513769
0.1662913
0.1781736
0.1612219
0.1487598
0.1401897
0.1412828
0.1414788
0.1257681
0.1196483
0.1351951
0.1528504
0.1404345
0.1473667
0.1414824
0.1431842
0.151857
0.139527
0.1556926
0.1325968
0.12735
0.149004
0.1459345
0.154628
0.1387426
0.1455272
0.1547106
0.1456313
0.1583029
0.149729
0.1420639
0.1552456
0.1495786
0.1441726
0.1571306
0.1375192
0.1461675
0.1369247
0.1450285
0.1451481
0.1550351
0.148517
0.1674186
0.1552526
0.1413763
0.1413975
0.1573897
0.1673703
0.1394934
0.1596705
0.1208605
0.1388605
0.1359008
0.1464281
0.1347406
0.1363104
0.1471346
0.1618782
0.1546265
0.161994
0.1651382
0.1622609
0.1727296
0.1540244
0.1572889
0.1492858
0.1742019
0.1505333
0.1542476
0.1560701
0.1566322
0.1545123
0.1387757
0.1365649
0.1591057
0.1593364
0.1451167
0.1420451
0.16832
0.1681735
0.1504842
0.1470165
0.1553017
0.1591518
0.1415934
0.1590578
0.1537387
0.1546749
0.1650587
0.1448633
0.1470413
0.1600747
0.1481882
0.1462696
0.1553008
0.1384019
0.1596933
0.1575616
0.1631705
0.1544057
0.1645526
0.1944558
0.1778686
0.1745559
0.1804853
0.1775357
0.179593
0.1784679
0.1791662
0.1813039
0.161406
0.1773877
0.1649232
0.1889418
0.1711293
0.1687421
0.1595059
0.1665684
0.1838803
0.1824759
0.1731288
0.176216
0.184914
0.177465
0.1645473
0.177478
0.1821246
0.1764477
0.185444
0.1579173
0.1795231
0.1791339
0.1730471
0.1878771
0.1768943
0.1622452
0.1648057
0.1610834
0.1754393
0.1662601
0.1687191
0.1503606
0.1667359
0.1757502
0.1489941
0.1485949
0.182758
0.1555853
0.1773265
0.1519578
0.1638851
0.1668513
0.1660468
0.1633141
0.1485989
0.1602066
0.173754
0.1636929
0.1657574
0.160546
0.1617747
0.1811593
0.1790942
0.1822148
0.169275
0.1636951
0.1789078
0.1702041
0.1516945
0.1683751
0.1750728
0.1600365
0.1619807
0.1591099
0.1739023
0.1717862
0.1635198
0.1504326
0.1470146
0.1645539
0.1821627
0.1734888
0.1694233
0.174939
0.1642905
0.1707874
0.1817279
0.1883314
0.1701057
0.1648369
0.1511468
0.1555713
0.144884
0.163979
0.1608285
0.1556465
0.1535801
0.1670744
0.1544861
0.1785115
0.1821565
0.1716354
0.1653847
0.1660274
0.1483441
0.1539056
0.160447
0.1829295
0.1891748
0.1796063
0.1651023
0.1698029
0.1689433
0.1725523
0.1538334
0.1539308
0.1602781
0.1718554
0.1783638
0.1673631
0.1835386
0.1875169
0.1822331
0.180662
0.1942035
0.1625454
0.1964919
0.1673359
0.1720603
0.1874519
0.1439132
0.1444415
0.1688173
0.1519605
0.1949759
0.1700829
0.1657963
0.1871581
0.1708576
0.1702161
0.1722649
0.1898447
0.1782384
0.1681007
0.1708134
0.1853305
0.1759164
0.1740151
0.172662
0.1709105
0.1626533
0.1571374
0.2028491
0.1858671
0.1626135
0.1698473
0.1993045
0.1805163
0.1811824
0.1692126
0.1747217
0.1863456
0.1560005
0.1832917
0.1937152
0.1869149
0.1759403
0.187349
0.1749195
0.179265
0.1995154
0.1837662
0.1891709
0.1736369
0.1799067
0.1858018
0.1727152
0.1801967
0.1743877
0.1628219
0.1791307
0.1931358
0.1861896
0.1872767
0.1795163
0.1723922
0.1976639
0.1771257
0.1713242
0.1871222
0.1787197
0.1688867
0.1884657
0.1985561
0.1914368
0.1931506
0.1944907
0.1907347
0.1977105
0.1956532
0.2159243
0.1918028
0.205834
0.1970125
0.2073923
0.203978
0.2129723
0.2093633
0.2034902
0.1957275
0.2160236
0.2247444
0.2146049
0.2082597
0.1970873
0.2017298
0.2176194
0.2015481
0.1733078
0.1971949
0.186158
0.2049169
0.1939972
0.1951706
0.1976999
0.1886225
0.2245909
0.2029077
0.2163836
0.1983864
0.1916886
0.1777037
0.2068697
0.199636
0.2102274
0.1950687
0.2014956
0.2098923
0.1823394
0.189852
0.1767852
0.1750718
0.1907853
0.1814925
0.204644
0.204357
0.1979208
0.2074044
0.193546
0.208947
0.20942
0.1998227
0.1849059
0.1789676
0.19244
0.1748637
0.1736383
0.1879402
0.1545787
0.1706179
0.1725545
0.1759644
0.1751484
0.1774969
0.1844689
0.1791951
0.16005
0.1814104
0.1840361
0.1881616
0.173023
0.1738589
0.1818378
0.1789667
0.164057
0.1593513
0.1631122
0.1844078
0.1683878
0.1737782
0.1568964
0.1735667
0.1580646
0.1757881
0.1759098
0.1707272
0.1693465
0.1850024
0.1692187
0.1745218
0.1544342
0.1697328
0.1719897
0.1463667
0.1656551
0.1722229
0.1665953
0.1537762
0.1471505
0.1602367
0.1475187
0.1341575
0.1400169
0.1453276
0.1435015
0.1294874
0.1332737
0.1338679
0.1357799
0.1441591
0.1430165
0.1566905
0.1558694
0.1545754
0.1537477
0.1709526
0.1419205
0.1518852
0.150838
0.1625862
0.1452874
0.1483046
0.128796
0.1486952
0.1556727
0.1516387
0.1324589
0.1534789
0.1420143
0.1662334
0.1313091
0.1334121
0.1632145
0.140044
0.146336
0.1591979
0.1453238
0.1429541
0.1519612
0.1284427
0.1368349
0.1474195
0.1376438
0.1562213
0.1596202
0.1435263
0.1519217
0.1479165
0.155742
0.1519275
0.1598567
0.1548986
0.1531807
0.1481925
0.1312159
0.1342236
0.1454232
0.1560495
0.1667678
0.1405458
0.1450932
0.1601848
0.1753774
0.163033
0.1551354
0.1594919
0.1560634
0.1517519
0.1691675
0.1439939
0.1605915
0.1609158
0.1476625
0.1580712
0.1602446
0.1621452
0.1498207
0.1485909
0.1797888
0.1348379
0.163228
0.1562365
0.1438522
0.1611177
0.1464194
0.1706786
0.1599716
0.1603979
0.1600381
0.1629234
0.1507471
0.1444401
0.1485058
0.1405193
0.1606559
0.1476245
0.1450953
0.1391003
0.1660224
0.1508575
0.1512952
0.1484558
0.1495084
0.157821
0.1544457
0.1503391
0.1370613
0.1475156
0.1447415
0.14006
0.1640788
0.1554648
0.1503107
0.1528737
0.1775702
0.1574278
0.1527445
0.1557221
0.1609128
0.1502368
0.1705482
0.1640664
0.1556746
0.1417946
0.1448495
0.160605
0.1480301
0.1587061
0.1588531
0.1600903
0.1556077
0.1539932
0.1816875
0.1688869
0.1427671
0.1407973
0.1578793
0.1460467
0.1467682
0.1681395
0.1597091
0.1477542
0.1379253
0.1460841
0.1307672
0.1678885
0.1510097
0.1539929
0.1633669
0.1349664
0.1629714
0.1572371
0.1502121
0.157229
0.1553632
0.1359577
0.1577783
0.1414963
0.1626361
0.142469
0.144566
0.1347589
0.148722
0.144885
0.1496135
0.1426098
0.1560673
0.1469878
0.1569679
0.1729195
0.1588573
0.1614975
0.1479659
0.1570027
0.1568209
0.1588687
0.1690164
0.176558
0.1873893
