0.1486141
0.2027729
0.188351
0.2116537
0.2068575
0.2064413
0.2125271
0.1981986
0.2022746
0.1669021
0.1583766
0.2046586
0.1790516
0.2315049
0.1752685
0.2394518
0.2904235
0.272337
0.3058601
0.2276062
0.232439
0.1564486
0.1607245
0.1746658
0.1943497
0.1686821
0.1453734
0.1794931
0.167483
0.1496546
0.1924521
0.1749595
0.1605664
0.1780294
0.1698948
0.1873969
0.1997462
0.1567079
0.2229673
0.1840481
0.1892401
0.2304341
0.1865914
0.1950658
0.1652893
0.1678767
0.214344
0.1913645
0.1579873
0.1512461
0.2066941
0.2007583
0.1936072
0.1535843
0.1461298
0.1897324
0.1685891
0.1752193
0.1918906
0.1844939
0.1749633
0.1471329
0.1739987
0.1952014
0.1587191
0.215056
0.2036332
0.1890645
0.2097046
0.1941167
0.2110603
0.171527
0.1766354
0.1760814
0.1645955
0.138437
0.1742087
0.219984
0.2094581
0.1970945
0.1701401
0.1606787
0.1848874
0.1989743
0.188992
0.1465688
0.206631
0.1754231
0.1435747
0.1502773
0.167631
0.1792072
0.1538315
0.1762279
0.1906506
0.1376924
0.1601176
0.1807986
0.2065099
0.205517
0.1883064
0.175992
0.1711803
0.1388398
0.1206446
0.1704895
0.1591716
0.1637109
0.1600263
0.1894868
0.1764803
0.1604774
0.1474243
0.1526944
0.1557938
0.1308888
0.189858
0.1718956
0.1473833
0.1619968
0.1730749
0.169071
0.2095117
0.1698994
0.1769037
0.1606855
0.184888
0.1646679
0.1763987
0.1771095
0.1958388
0.1741223
0.1617548
0.1632555
0.1674161
0.1622512
0.1818103
0.1926566
0.1792929
0.1531853
0.1571484
0.1458525
0.1937266
0.1691655
0.1406788
0.1708917
0.1955845
0.1915239
0.1591564
0.182617
0.1830318
0.1873454
0.1731366
0.1803974
0.1796232
0.1962528
0.1925613
0.1692823
0.1616285
0.2074771
0.1709401
0.1776222
0.1814457
0.1974021
0.2160951
0.2361647
0.2304909
0.2587212
0.2448349
0.2101508
0.2200795
0.203899
0.2292088
0.2425397
0.2307113
0.2802936
0.2802729
0.2430985
0.2834036
0.239978
0.2642569
0.2787029
0.2964203
0.2738834
0.2964743
0.2389908
0.2493944
0.2273276
0.2681286
0.3166907
0.3121038
0.2656812
0.2891925
0.2702103
0.2767051
0.281221
0.2411749
0.2488768
0.2603871
0.277629
0.2598689
0.2478445
0.249993
0.2427917
0.2661421
0.2339061
0.2499095
0.2551882
0.2628008
0.235162
0.2522992
0.2315696
0.2789784
0.2515524
0.2579269
0.2399361
0.276298
0.2648858
0.2960507
0.288777
0.2595615
0.2498112
0.2500793
0.2420144
0.2661076
0.2873861
0.3190474
0.2823607
0.2916009
0.2896407
0.2493267
0.2769638
0.289349
0.2754472
0.2673727
0.2427459
0.2473154
0.2597893
0.293735
0.2647257
0.2449992
0.2719249
0.2589657
0.2512243
0.295422
0.261706
0.2560408
0.2761436
0.2613111
0.2684112
0.2289785
0.254794
0.2613367
0.2603768
0.2753981
0.2782555
0.2665345
0.2852989
0.2702613
0.2914803
0.3329785
0.3310636
0.3142611
0.2719336
0.287697
0.3113917
0.2546523
0.2693406
0.2811368
0.276304
0.2577557
0.2613064
0.2159022
0.3032075
0.2894838
0.2951923
0.2376119
0.2896955
0.2918371
0.278459
0.2355994
0.2840255
0.2780656
0.2787999
0.2794403
0.2380977
0.2733229
0.2593752
0.2761012
0.2978951
0.2710018
0.2853044
0.2785341
0.2842169
0.2668579
0.249511
0.2647117
0.3125143
0.2556998
0.2663498
0.2985538
0.2873107
0.2889988
0.2535507
0.3079645
0.2687047
0.2552746
0.2161945
0.2340905
0.2867822
0.2937818
0.2508398
0.2197422
0.2485059
0.2438115
0.2615253
0.2376714
0.2558293
0.2110306
0.2085195
0.2588857
0.2310296
0.2110886
0.195182
0.2067689
0.1902463
0.225264
0.1880063
0.2130675
0.2281656
0.2104631
0.1898607
0.170195
0.2275488
0.2162999
0.2509982
0.275801
0.3017379
0.2327142
0.1723261
0.1720167
0.2064826
0.1724312
0.1690233
0.2134624
0.1749678
0.2128121
0.2056127
0.2059899
0.2353798
0.2573597
0.2476403
0.2467375
0.219528
0.2555031
0.2517137
0.2291584
0.2589656
0.2343573
0.2588204
0.2344724
0.2251419
0.2076136
0.1781772
0.1812702
0.2077361
0.2410619
0.2821939
0.3483302
0.2509147
0.2601511
0.275012
0.2645158
0.2751881
0.2767019
0.2293787
0.2438887
0.2236868
0.2556123
0.2108814
0.1058395
0.1475613
0.1663538
0.1849032
0.1689751
0.207868
0.1834242
0.1946892
0.2139022
0.2315029
0.2237548
0.2490334
0.2457391
0.2444548
0.2364227
0.2457906
0.2385177
0.2515422
0.2504281
0.2475711
0.280141
0.2874243
0.2616368
0.2269112
0.2826827
0.2504659
0.2514779
0.2662356
0.263498
0.2268919
0.2296401
0.2415397
0.2694162
0.2554452
0.2425949
0.2566714
0.2318587
0.2486067
0.232959
0.2327136
0.2579473
0.1933903
0.2152396
0.2504118
0.1951804
0.1856922
0.1957119
0.1686594
0.1653172
0.1987975
0.1752238
0.2046899
0.2096994
0.2478254
0.1967721
0.2011484
0.2037598
0.1834444
0.1544019
0.1590476
0.1898912
0.1953016
0.1655695
0.1692918
0.1522841
0.1763123
0.1934558
0.1505065
0.1569018
0.1743779
0.1739492
0.1595605
0.1794112
0.2061674
0.1611359
0.1704403
0.1937822
0.170175
0.1748302
0.1561273
0.2141787
0.1737277
0.175485
0.1763184
0.1982174
0.1759062
0.167179
0.1765075
0.1598171
0.1329751
0.1586198
0.1698401
0.1767497
0.1489903
0.1508861
0.1942174
0.1801383
0.1886617
0.1791416
0.1652845
0.17892
0.1692004
0.1759023
0.17025
0.1882832
0.1858872
0.2001322
0.1730689
0.1853082
0.186734
0.2265845
0.2013443
0.1825664
0.2136604
0.1958939
0.2109664
0.210323
0.1901817
0.2397838
0.2355613
0.2096119
0.2131981
0.2292408
0.1892366
0.2817883
0.2834467
0.2223851
0.2388355
0.2350242
0.2874665
0.2729241
0.2985989
0.2276663
0.2313281
0.2495898
0.2562058
0.2391127
0.2951157
0.2868432
0.2485718
0.2269413
0.2861772
0.24284
0.2531719
0.2192955
0.2364452
0.2330355
0.2642069
0.2397862
0.2514962
0.2187572
0.273692
0.2573668
0.2292158
0.2759013
0.2434077
0.1984236
0.2194097
0.2013568
0.2011849
0.2254752
0.2340759
0.2518678
0.2233584
0.2254739
0.2410395
0.2474598
0.2285689
0.245859
0.2329113
0.2441103
0.1970397
0.2181509
0.2441381
0.22899
0.2477189
0.2291009
0.2351729
0.2635588
0.2753492
0.2390179
0.2299876
0.2314512
0.2515856
0.2412943
0.2504054
0.2790469
0.2616656
0.2423251
0.2303451
0.2574482
0.242588
0.2383735
0.2763765
0.2559184
0.2425554
0.2448446
0.265502
0.281224
0.2786821
0.2912965
0.2573404
0.2838958
0.2566635
0.2521241
0.2299181
0.2447133
0.2508331
0.2436822
0.2499418
0.2509924
0.274482
0.2544836
0.2475121
0.2433174
0.2550158
0.2407905
0.2715049
0.2871446
0.2584575
0.247709
0.2368525
0.239674
0.2791376
0.2513354
0.2700971
0.2475755
0.2332555
0.277813
0.2651388
0.2638005
0.2781195
0.2699661
0.2647637
0.2271267
0.2671479
0.2500925
0.2328473
0.2385238
0.2579869
0.271605
0.2630567
0.2425576
0.2766379
0.2617844
0.2678537
0.2546059
0.2705568
0.2818335
0.2625838
0.2790409
0.2630185
0.2633654
0.2310248
0.2446283
0.2695316
0.2992648
0.2940523
0.3474619
0.3335999
0.3774473
0.3554967
0.3157388
0.3090121
0.3123352
0.3376954
0.329793
0.3044566
0.3176137
0.3639187
0.3157786
0.3112125
0.3486704
0.328944
0.3318098
0.3380708
0.3175409
0.2945241
0.3255954
0.3362567
0.3254539
0.3649232
0.3437104
0.3727067
0.3059047
0.3923746
0.4096956
0.39925
0.3469451
0.3484112
0.3385131
0.3147286
0.3427643
0.3403287
0.3166278
0.3828781
0.3859862
0.3754338
0.3307882
0.391553
0.4076956
0.3792694
0.3927163
0.3907953
0.3508781
0.3231803
0.3457915
0.3831996
0.3732108
0.4172355
0.3951124
0.3642492
0.3559268
0.2972547
0.3392451
0.3929269
0.4251611
0.4094948
0.4193189
0.4226775
0.430725
0.4095812
0.3943933
0.3705489
0.3940171
0.3994324
0.4311959
0.4375589
0.4189484
0.4111052
0.4345876
0.3920832
0.3911014
0.3947791
0.4478022
0.4169494
0.4208762
0.4001481
0.4022427
0.408005
0.4182597
0.4727178
0.4378987
0.4630224
0.4498404
0.4214999
0.4819749
0.4518717
0.4393976
0.4402198
0.4080894
0.4066723
0.4389962
0.4233681
0.4245499
0.4040533
0.4289372
0.3842022
0.406404
0.3941858
0.4078067
0.4050412
0.3981558
0.3855859
0.4279792
0.4160306
0.3809252
0.4052787
0.3811165
0.4278059
0.4180616
0.4537939
0.4171193
0.4339141
0.4137937
0.4345818
0.4080266
0.4321605
0.4244766
0.4395733
0.4310026
0.458259
0.4454586
0.4372116
0.40911
0.3925737
0.4082254
0.3794215
0.4011729
0.382934
0.4371519
0.4161934
0.4275421
0.4541302
0.4144675
0.412204
0.4103447
0.4341913
0.4852966
0.4607458
0.4686806
0.4341162
0.4277926
0.4437565
0.4089751
0.436303
0.3910509
0.4005942
0.4013805
0.3773353
0.3730106
0.3743863
0.4015485
0.3580693
0.3917409
0.419984
0.39235
0.3956858
0.4071218
0.4032772
0.3933751
0.4127265
0.3792948
0.3624904
0.3701629
0.4266849
0.3907952
0.3583989
0.3728447
0.3841428
0.3763562
0.3666434
0.380058
0.3872747
0.3856579
0.3913422
0.3877239
0.3830214
0.4185446
0.3969102
0.3792297
0.4034778
0.4094243
0.4131349
0.3952
0.4000366
0.414204
0.4358192
0.4199302
0.3886656
0.3823317
0.3815537
0.427355
0.4207972
0.4272667
0.4002133
0.3695115
0.3959426
0.4139459
0.3988871
0.4198503
0.3930833
0.4497143
0.4285956
0.3942503
0.4265662
0.4449183
0.4943006
0.4590602
0.4263728
0.4112405
0.4221368
0.4456677
0.4402937
0.444658
0.4397851
0.4381112
0.4419237
0.4318222
0.4183393
0.3931689
0.4315976
0.3844364
0.4053502
0.425514
0.4137788
0.391762
0.4089103
0.4197992
0.4386517
0.4201707
0.4379745
0.4283602
0.4553725
0.4161443
0.3883656
0.383714
0.4196905
0.429204
0.3987781
0.3625897
0.3737444
0.4038131
0.4199564
0.4271013
0.4152453
0.4441132
0.4082571
0.4205922
0.4372349
0.4254935
0.4105768
0.4014222
0.3972554
0.4048108
0.4212207
0.3936356
0.4420024
0.4419881
0.4745859
0.4086312
0.4327353
0.4080874
0.4035091
0.3878578
0.3715696
0.3678995
0.3812431
0.3761228
0.3746502
0.3978815
0.3167234
0.3801497
0.3854688
0.3735201
0.4101025
0.3843742
0.3893228
0.4013778
0.3753755
0.4016342
0.3844591
0.3945041
0.429061
0.44437
0.407824
0.3926259
0.449131
0.435066
0.3826298
0.3915076
0.4089527
0.4330174
0.4135189
0.4080138
0.4314855
0.4271273
0.4013826
0.4180822
0.4233673
0.4334282
0.4101013
0.3793472
0.4101461
0.4153197
0.4371674
0.4085139
0.4153916
0.4187501
0.3904622
0.4009588
0.4015027
0.3832573
0.3985418
0.4102814
0.4078381
0.3849709
0.4019183
0.3927302
0.4007839
0.3686213
0.3930764
0.3742385
0.3821681
0.3908722
0.4086407
0.4030817
0.4094828
0.3745193
0.3895659
0.3993307
0.4221715
0.376809
0.4304227
0.3900418
0.3886809
0.3984125
0.4026625
0.396321
0.3895854
0.392694
0.3944302
0.4331984
0.384914
0.3938162
0.4004342
0.3685247
0.388076
0.3825195
0.3958114
0.3725033
0.3792683
0.4018166
0.3696435
0.3809996
0.3944043
0.3806166
0.4000782
0.4259399
0.4143946
0.3741451
0.3958018
0.4376482
0.4013643
0.3960308
0.3954243
0.4623434
0.4343404
0.4108751
0.4269695
0.4162449
0.4317949
0.4383472
0.4022533
0.4269457
0.4362754
0.4150072
0.4036459
0.4261513
0.4648807
0.4758835
0.469597
0.4618601
0.436196
0.460409
0.4325754
0.4138262
0.4254838
0.3964504
0.4378659
0.4262043
0.4014959
0.4239904
0.4192635
0.4361323
0.4000754
0.3840683
0.3897207
0.392186
0.4125129
0.4074622
0.3982802
0.3887189
0.3817526
0.3811282
0.3966948
0.4558025
0.4078476
0.3472407
0.45484
0.4444412
0.382771
0.420657
0.403892
0.4231879
0.4127598
0.4474523
0.417778
0.4148556
0.4149842
0.4099217
0.4268863
0.3948792
0.4080567
0.4367587
0.4410732
0.4239022
0.3865474
0.4299295
0.4540091
0.5419787
0.5168278
0.4615593
0.4828034
0.5019903
0.4651513
0.4542658
0.498797
0.4739281
0.4495358
0.4711091
0.5200282
0.4690661
0.4889788
0.4877936
0.4710264
0.4424006
0.4654213
0.4688381
0.4558648
0.4658587
0.465081
0.4734488
0.4744196
0.4866158
0.4928743
0.4835259
0.5088809
0.5270823
0.5043649
0.5112149
0.5085861
0.4969551
0.4622134
0.5158302
0.488553
0.4981579
0.4947441
0.5252627
0.4597199
0.4659237
0.4599663
0.4827921
0.4830128
0.4871451
0.5395318
0.4983926
0.5125042
0.5283484
0.530984
0.5026907
0.4978645
0.5394896
0.4979021
0.5077447
0.5025116
0.5238153
0.5343289
0.5104099
0.5173511
0.5732017
0.5470465
0.5308459
0.5283029
0.5157701
0.4856792
0.5678546
0.5578213
0.5971882
0.5460572
0.5666186
0.5527639
0.5992065
0.5819589
0.5732618
0.4977086
0.5309428
0.5125412
0.5052792
0.4873905
0.4732949
0.5219312
0.5076438
0.5199572
0.5308864
0.5617905
0.5096761
0.534041
0.5169023
0.5224299
0.4976402
0.5340785
0.514401
0.4853671
0.5005009
0.5046453
0.4901777
0.5473317
0.5243451
0.5752134
0.5123727
0.5252362
0.5520227
0.4678073
0.5182745
0.484737
0.4992433
0.5212901
0.5096464
0.50448
0.4811357
0.4998599
0.4814501
0.5241986
0.4785126
0.4873011
0.4866586
0.4861865
0.4898353
0.4790156
0.4780416
0.5102348
0.4976893
0.4632675
0.4813408
0.5223004
0.4725489
0.4606377
0.5197324
0.5146944
0.5600466
0.5068596
0.5144491
0.5458027
0.5152079
0.5778832
0.5053571
0.4627159
0.4498342
0.4517252
0.4409672
0.4743912
0.4600434
0.4882727
0.4681866
0.4625589
0.4791448
0.5165449
0.4761331
0.4692917
0.4828233
0.4945187
0.4493887
0.4602268
0.4884104
0.4929091
0.5167075
0.5202801
0.4976012
0.4805279
0.4986812
0.5101512
0.5352183
0.5361726
0.5549339
0.5252429
0.5367152
0.5179123
0.5396786
0.5257272
0.5123056
0.5213794
0.5651278
0.4535739
0.4714869
0.4729392
0.489195
0.5329558
0.5229532
0.5354597
0.5304464
0.5138066
0.5220048
0.5379763
0.5596519
0.543642
0.5262857
0.5257899
0.5459833
0.5538867
0.5682914
0.5309855
0.520203
0.563745
0.5423838
0.5644908
0.528813
0.4596413
0.4803999
0.4397073
0.438316
0.4455928
0.4856131
0.4687242
0.4887264
0.4948834
0.5033369
0.5451639
0.5718642
0.6295602
0.5564469
0.5254404
0.5278196
0.5249634
0.5537935
0.5195363
0.5553508
0.5881501
0.545388
0.5274
0.5049144
0.4982665
0.5761515
0.5633988
0.5055124
0.4880072
0.5188469
0.5076945
0.4830082
0.4898403
0.5138856
0.470669
0.4679103
0.4864604
0.4825968
0.4806329
0.4828053
0.5217361
0.5813733
0.5575903
0.4957359
0.5219216
0.5096684
0.5106143
0.4998337
0.4998592
0.5262499
0.5217094
0.4885564
0.4820863
0.500814
0.518104
0.5522808
0.5051811
0.5756011
0.5525653
0.5150648
0.4841967
0.4962837
0.4908391
0.5226386
0.4737569
0.4739907
0.4664572
0.5628335
0.5491835
0.5543746
0.5281957
0.5372784
0.5012712
0.5084935
0.4863554
0.4954337
0.5751431
0.5115727
0.5184838
0.5589845
0.5232485
0.5248365
0.5197325
0.5065598
0.5381724
0.5207364
0.5148301
0.5277253
0.5334398
0.500995
0.4835144
0.4636981
0.5389595
0.508775
0.4851875
0.5072058
0.4835043
0.5067681
0.5259994
0.4861583
0.4961446
0.5315147
0.5431272
0.5316247
0.5156363
0.5307019
0.5235561
0.5066927
0.5438884
0.5033035
0.5473063
0.5106759
0.5104128
0.539434
0.5264063
0.5126918
0.5151148
0.5278083
0.5148737
0.4634067
0.5319732
0.5090649
0.5197735
0.5321305
0.5971776
0.5714263
0.5520511
0.5510657
0.5585565
0.5583302
0.5536289
0.5281594
0.5548754
0.5947484
0.5478305
0.5263495
0.513936
0.4998655
0.5036972
0.5090658
0.536778
0.5097778
0.5128959
0.5379834
0.5467412
0.5376426
0.5388915
0.5574217
0.5548953
0.5024576
0.513573
0.478252
0.4685639
0.5032448
0.4831375
0.5007802
0.4970287
0.4826373
0.5148778
0.4955246
0.5102426
0.4971926
0.4665539
0.5354758
0.5327395
0.5160131
0.5156989
0.4869387
0.5209166
0.5206219
0.5096464
0.5113305
0.4735238
0.5139205
0.4959793
0.4755438
0.5448429
0.5609032
0.5459343
0.5130287
0.5737821
0.5484966
0.5269386
0.5474132
0.524361
0.5492748
0.5773286
0.5704434
0.5602001
0.6083354
0.6320415
0.5835967
0.5741436
0.6279699
0.5957456
0.5670985
0.5981651
0.6201689
0.6033238
0.6029261
0.6620244
0.5618261
0.5862632
0.5369779
0.5952632
0.5987929
0.5775805
0.5503011
0.5470334
0.5572056
0.5895351
0.574737
0.5534873
0.5730289
0.5360979
0.5281478
0.5452868
0.5449042
0.5170041
0.5045285
0.5432121
0.5587859
0.5428653
0.5573034
0.5811872
0.5976229
0.599369
0.6130329
0.5948349
0.5888033
0.5763495
0.5737158
0.5710875
0.638037
0.5354187
0.5666965
0.540948
0.5185979
0.5497816
0.57206
0.5534108
0.5809626
0.5645006
0.5680755
0.5584806
0.5870137
0.5784367
0.5442445
0.565258
0.533228
0.5330096
0.5778171
0.5152869
0.531949
0.5405949
0.5085207
0.552124
0.5217009
0.4988863
0.4997821
0.5084608
0.5052681
0.5364485
0.5105913
0.5067101
0.5569176
0.5844389
0.5760379
0.5031441
0.5848049
0.5401827
0.5586922
0.5199158
0.5661077
0.526518
0.4897108
0.5843751
0.5567248
0.5548505
0.5253291
0.545315
0.5785307
0.5738938
0.6033517
0.529602
0.5505271
0.6350985
0.584846
0.5955467
0.5263333
0.5321352
0.5582376
0.6106196
0.5776706
0.5243049
0.6305057
0.5824113
0.5945977
0.5923931
0.5472238
0.5486432
0.5037007
0.5267655
0.5791191
0.5265977
0.4572992
0.5178294
0.528239
0.5296267
0.5377454
0.5963681
0.5865104
0.6563361
0.6386567
0.7085946
0.6096532
0.6042423
0.5955145
0.5650308
0.5640649
0.6109296
0.561681
0.5583357
0.5774036
0.5912912
0.577078
0.5600056
0.5701148
0.559425
0.5498408
0.5568817
0.5009179
0.4996757
0.580235
0.5480553
0.60303
0.6563241
0.6031098
0.5419582
0.6012366
0.5908588
0.5856265
0.559913
0.5609549
0.5247732
0.5687338
0.6034465
0.588183
0.5954776
0.5221434
0.5467086
0.5692465
0.5671697
0.5374448
0.5318648
0.5611293
0.5568716
0.5704466
0.5395564
0.5659956
0.5455681
0.5870991
0.5815635
0.626263
0.5784692
0.5746521
0.5584229
0.5470709
0.5951968
0.5597885
0.544951
0.5780422
0.6066439
0.5557991
0.5495038
0.5920077
0.5666217
0.582495
0.5611936
0.568454
0.5942804
0.5636278
0.5805104
0.5785263
0.5305949
0.5741034
0.5447503
0.5962967
0.5799177
0.5517061
0.588259
0.551676
0.5564833
0.5868015
0.5631502
0.5269065
0.5477622
0.5234025
0.5736521
0.5701948
0.6255003
0.5253989
0.5427854
0.6051574
0.5481833
0.5429995
0.6086016
0.528248
0.5186176
0.5742119
0.595534
0.5975598
0.5682188
0.5558988
0.5785423
0.6073782
0.5493028
0.5588346
0.5331807
0.5548366
0.5262631
0.5353593
0.5624036
0.5384783
0.5163332
0.5222034
0.5650729
0.5389822
0.5754226
0.5622227
0.5919033
0.5393321
0.5763226
0.515978
0.5558989
0.546911
0.5136502
0.5586889
0.5370868
0.5473001
0.5755628
0.5169206
0.5545881
0.5764694
0.5357242
0.5483882
0.5566707
0.5012956
0.5291784
0.5404934
0.5247312
0.5475993
0.5156262
0.4730036
0.5127372
0.5586847
0.5439475
0.5474756
0.5757239
0.6213255
0.647141
0.6087407
0.5588037
0.5490605
0.539165
0.5233682
0.5417364
0.5463325
0.5738853
0.6220265
0.5221543
0.5253809
0.5644972
0.5903711
0.5502545
0.5649385
0.5788737
0.5433555
0.5548701
0.5798713
0.5926676
0.5996189
0.5844212
0.5851076
0.5388377
0.5787773
0.6014566
0.5416797
0.5738944
0.5720015
0.5666781
0.516255
0.5936961
0.5888939
0.5775051
0.5698866
0.5823132
0.5911563
0.6009308
0.5942039
0.5666253
0.5805457
0.5651174
0.5977843
0.5774075
0.5975651
0.6220614
0.5909064
0.5888996
0.5828176
0.595884
0.5503689
0.5977797
0.5964598
0.5766641
0.6371242
0.5890344
0.5222637
0.5862985
0.6038828
0.6148186
0.6007538
0.6153433
0.5842246
0.5717977
0.5833901
0.6156862
0.6251227
0.6170899
0.6516377
0.6012744
0.6933947
0.644336
0.6270398
0.6050242
0.6418351
0.6019268
0.5929035
0.6268396
0.614652
0.6062246
0.6110824
0.570061
0.5739422
0.562411
0.6186327
0.6128315
0.6262685
0.598734
0.6307487
0.6655001
0.6615799
0.5873535
0.5991997
0.5824463
0.5568597
0.5637544
0.5277746
0.5621848
0.5755853
0.6027622
0.5831566
0.5861763
0.5649197
0.6044772
0.5715417
0.6358184
0.5651665
0.6033999
0.6177365
0.531046
0.6087702
0.6450858
0.6814895
0.6553059
0.6658322
0.6554589
0.7382632
0.6457938
0.6871162
0.6726049
0.6500509
0.6896802
0.6465005
0.6399909
0.6659353
0.6206155
0.5970303
0.6079527
0.5991892
0.6211206
0.6254837
0.5326051
0.5707659
0.5372809
0.5448697
0.56041
0.5599122
0.5528769
0.5792438
0.5628499
0.5987465
0.606055
0.6133681
0.5777054
0.5473245
0.6071343
0.5542905
0.6224215
0.5984886
0.5637371
0.6018865
0.5927371
0.5765876
0.5684615
0.5622051
0.5995145
0.5599523
0.5639886
0.5437139
0.555153
0.5491312
0.5696681
0.5203362
0.5560915
0.5904155
0.5466511
0.5217817
0.553087
0.5765278
0.5462405
0.5686982
0.5518462
0.5643775
0.5838788
0.5829605
0.5909687
0.539746
0.5802258
0.5637895
0.5212508
0.5715876
0.5928829
0.5545903
0.5925156
0.5459259
0.6221624
0.556814
0.5264065
0.6143961
0.5859151
0.5716842
0.5714447
0.5882068
0.5699089
0.5054957
0.5415246
0.5533865
0.5691136
0.5361447
0.5487588
0.5237088
0.5849748
0.5224848
0.5797226
0.5598757
0.5409378
0.5508673
0.5617442
0.5640978
0.6346712
0.6051322
0.618328
0.5886161
0.6190305
0.6250172
0.5668936
0.5717942
0.5731006
0.6002122
0.5786076
0.5698438
0.6077476
0.5660896
0.6290052
0.5975027
0.5900635
0.606906
0.6058384
0.6019056
0.6557575
0.6210615
0.6165808
0.6629614
0.6934587
0.6087641
0.5985359
0.6108456
0.5965005
0.5882748
0.6036057
0.6007787
0.5579029
0.6162961
0.5701082
0.5704929
0.5945865
0.5788311
0.5127639
0.5511263
0.5790588
0.5642069
0.6271219
0.5817738
0.5827277
0.5737407
0.5754967
0.5832946
0.6004623
0.5515562
0.6417459
0.6053637
0.6307622
0.6259589
0.6489306
0.638989
0.6102015
0.60614
0.5709266
0.5582543
0.5656437
0.5679576
0.591519
0.5977241
0.6000558
0.582742
0.5765893
0.5377463
0.5322498
0.5573964
0.5952463
0.5959689
0.5796538
0.5617037
0.5859252
0.5397915
0.5428261
0.5801846
0.575159
0.5561882
0.5912833
0.5329708
0.5353718
0.4792325
0.5679185
0.5567639
0.5861892
0.5576615
0.4927152
0.5170433
0.4514504
0.5723954
0.5299408
0.6150111
0.5368243
0.5651377
0.5579687
0.5613562
0.5841507
0.5743331
0.5663243
0.5493833
0.5828077
0.6249558
0.5961468
0.5940943
0.5539906
0.5629512
0.6030051
0.5803138
0.6219558
0.5717643
0.6086737
0.5790088
0.555305
0.5507376
0.5912309
0.5575927
0.5202091
0.5653735
0.5479351
0.5495678
0.5462638
0.5051712
0.5615477
0.5362337
0.6016803
0.5253088
0.5365647
0.5273002
0.557141
0.6259323
0.5673214
0.5167263
0.570014
0.5730919
0.557702
0.563719
0.5644904
0.5506303
0.5610388
0.5697581
0.5560275
0.5593361
0.549968
0.545573
0.5554881
0.5379204
0.5441651
0.5472441
0.5459343
0.5140058
0.6009385
0.5693279
0.5205312
0.5038929
0.5123119
0.5107735
0.5391354
0.5434479
0.5678753
0.5027182
0.5187019
0.5171726
0.5387481
0.52079
0.5245822
0.6044697
0.5556487
0.5992612
0.5686879
0.5740657
0.5850574
0.5594098
0.5852994
0.5885309
0.574348
0.5655823
0.4997733
0.5343979
0.4834312
0.5330406
0.5266811
0.5445492
0.4739803
0.5574381
0.5064716
0.5616271
0.5341793
0.5415962
0.5193509
0.5430828
0.5797828
0.5082188
0.5810543
0.485045
0.5141035
0.4827338
0.5543421
0.5630174
0.5579162
0.5548909
0.5859767
0.5859124
0.532673
0.5389852
0.5718232
0.4891185
0.5626903
0.5584974
0.5473726
0.5649425
0.5447516
0.5586003
0.586082
0.5864791
0.5444194
0.5947994
0.5617652
0.5213252
0.5634183
0.5402441
0.5515043
0.5553076
0.6063182
0.5962707
0.655179
0.6332526
0.6309734
0.6053662
0.6243021
0.5871052
0.6216615
0.5876889
0.5794644
0.5899653
0.5870543
0.6355575
0.5596416
0.5566235
0.5605001
0.5101344
0.5488294
0.516571
0.5504671
0.5807029
0.5972045
0.6102762
0.5509863
0.5767279
0.636475
0.5625138
0.6058846
0.5904927
0.6065946
0.6588245
0.6099671
0.6369467
0.634892
0.6113144
0.627798
0.6234835
0.6522113
0.6482288
0.6578343
0.6703678
0.6271214
0.6218339
0.6080357
0.5816339
0.5827256
0.6009372
0.5550233
0.6283309
0.611291
0.6721078
0.6099046
0.6235191
0.6120881
0.5875455
0.5815168
0.5949565
0.6121136
0.6357415
0.6510791
0.6047487
0.5929454
0.5815111
0.5688422
0.5655258
0.6070223
0.6077142
0.6130187
0.5511348
0.5419005
0.5734221
0.5527653
0.5960171
0.5937764
0.5871377
0.6176275
0.6421854
0.575031
0.5356295
0.6121262
0.5950652
0.5999053
0.5693422
0.5582488
0.5197623
0.580603
0.5895996
0.5277124
0.5877523
0.5610171
0.56221
0.5665866
0.5464299
0.5501196
0.5512758
0.5469151
0.5759109
0.5552917
0.5410895
0.5531227
0.5770047
0.5849262
0.5931439
0.5725873
0.5086458
0.5688999
0.5954732
0.5355383
0.5512744
0.5459602
0.5709414
0.4951722
0.5076659
0.5614101
0.5294303
0.5296916
0.5064009
0.5725414
0.5359674
0.5546275
0.564034
0.5521709
0.6085726
0.5190794
0.5413827
0.5509513
0.569998
0.5755575
0.5488605
0.5865102
0.5533122
0.5543165
0.5664669
0.5352913
0.5178285
0.572939
0.5209624
0.5466598
0.5431405
0.5984582
0.5652098
0.573922
0.5927247
0.5882573
0.6119334
0.5669892
0.5635576
0.5623843
0.5703771
0.5980836
0.5963073
0.5672126
0.5980101
0.546589
0.5403883
0.5421491
0.545058
0.5749928
0.5088091
0.5187979
0.5720914
0.4993832
0.5504054
0.594786
0.5817029
0.6424682
0.5833997
0.5894978
0.5156875
0.5532965
0.5419766
0.6363657
0.5316642
0.5387318
0.4986057
0.5181919
0.5792551
0.5985315
0.5690328
0.5235952
0.5256239
0.5299811
0.5092754
0.5353438
0.4969594
0.5632818
0.5505636
0.5985929
0.5960812
0.5992181
0.5660478
0.5653282
0.5922672
0.6130003
0.5810267
0.5860526
0.5981432
0.6179879
0.5913083
0.6445855
0.5764426
0.6082749
0.5673773
0.5871475
0.553339
0.5209855
0.5045826
0.5422485
0.525343
0.5563349
0.5762434
0.6082433
0.5326729
0.5426348
0.5549601
0.5636697
0.6169658
0.5738083
0.6384322
0.6658802
0.6265497
0.6475504
0.6325583
0.5988515
0.6209633
0.6317158
0.627141
0.619286
0.5495744
0.6116509
0.5513941
0.591109
0.5788439
0.5455124
0.5970725
0.5955139
0.6185122
0.6305022
0.5306696
0.5597176
0.5542142
0.5539035
0.5166579
0.5243345
0.5978765
0.5649676
0.5534788
0.5212535
0.5203681
0.5537667
0.5356255
0.5810865
0.531259
0.5705187
0.5412181
0.5574644
0.5507978
0.4955825
0.4966636
0.5102463
0.5326168
0.5320198
0.5241466
0.6034636
0.5269212
0.5137458
0.51553
0.5380396
0.5135211
0.5102019
0.5327674
0.5463939
0.5203383
0.5008847
0.5501032
0.5164198
0.5399387
0.5695317
0.5930364
0.5258299
0.5438974
0.5673468
0.5644712
0.5529366
0.5180027
0.5718802
0.5579529
0.5615646
0.5491604
0.5585276
0.5745782
0.5615513
0.5485709
0.5613784
0.5496492
0.5945563
0.5621442
0.5969229
0.5172465
0.5193571
0.5819068
0.5230636
0.5775505
0.5701653
0.5730194
0.565824
0.536784
0.5599911
0.5510716
0.556648
0.5337329
0.5573888
0.5359809
0.5458798
0.540906
0.5666184
0.5915605
0.6148902
0.6198862
0.5809073
0.5405122
0.6235599
0.6472099
0.668272
0.5883956
0.6345471
0.5695513
0.6260924
0.6488021
0.5993477
0.5568162
0.5840585
0.5548744
0.5817563
0.5772983
0.5917928
0.5438831
0.5695045
0.5227236
0.5696411
0.5380469
0.5458198
0.5868045
0.5439609
0.5529242
0.5584528
0.5342287
0.5041876
0.5756768
0.5182232
0.5090075
0.5271999
0.4754326
0.5586998
0.4826493
0.4911497
0.4747126
0.5307839
0.5347595
0.5401812
0.5136737
0.5176252
0.4966711
0.5395855
0.5449325
0.5132877
0.533579
0.5251319
0.5427971
0.5501519
0.5493131
0.5128525
0.521565
0.4995775
0.5253531
0.538497
0.4947737
0.5636592
0.4990447
0.5452058
0.561499
0.5283906
0.524725
0.5270897
0.5407035
0.5167108
0.5375589
0.5252662
0.5081967
0.5502684
0.5140474
0.520878
0.5248408
0.5191261
0.5100785
0.549305
0.5246301
0.5199438
0.5072836
0.4714505
0.5236751
0.5356985
0.5243521
0.4915649
0.4954477
0.5053476
0.5445445
0.5383568
0.5491288
0.5622122
0.5078977
0.5448462
0.4928149
0.5338078
0.5740725
0.565732
0.5509012
0.5882903
0.5756856
0.5709826
0.5436314
0.5757472
0.5536141
0.6588877
0.5775957
0.6417264
0.6157298
0.6113505
0.6220139
0.5995516
0.577616
0.591694
0.5935392
0.5949536
0.5762377
0.5850642
0.5526546
0.5036525
0.531047
0.5541837
0.5153813
0.5708985
0.503652
0.5284648
0.5756172
0.5675398
0.581506
0.5742316
0.5377643
0.5645171
0.5746617
0.5576582
0.5311528
0.5317169
0.5557681
0.5458913
0.5509607
0.5368711
0.5674161
0.6270593
0.5707264
0.6024926
0.5915955
0.5519554
0.6135238
0.5823647
0.5474907
0.5751888
0.5503563
0.5458158
0.5691097
0.5780968
0.5496914
0.5282807
0.5704059
0.55288
0.5734751
0.5899993
0.5859875
0.5555773
0.5973623
0.5690782
0.6109037
0.5508172
0.6317485
0.6166231
0.5897192
0.5610137
0.5363633
0.603532
0.584464
0.5308499
0.5419541
0.5665711
0.5716786
0.5464199
0.5418351
0.5201926
0.5709068
0.5359708
0.5727921
0.5173563
0.5303378
0.5550289
0.5780981
0.5659276
0.5834547
0.5488783
0.5552254
0.5610142
0.5742394
0.5702256
0.6037452
0.5754864
0.6117514
0.5763081
0.6225973
0.5534432
0.5609751
0.5817769
0.5692816
0.6439317
0.6078718
0.5709665
0.5298783
0.5045359
0.5193979
0.4994676
0.5352849
0.5037637
0.5556139
0.5677367
0.5165545
0.5519883
0.5287935
0.5248266
0.5008188
0.5119157
0.5302739
0.5259932
0.5096967
0.5840902
0.5530791
0.6151908
0.5372413
0.5360466
0.5473114
0.5442372
0.5607569
0.5523073
0.548259
0.5403706
0.5161299
0.5675465
0.5610015
0.5626875
0.5941641
0.5298903
0.5768638
0.5944807
0.5748041
0.5646268
0.6443272
0.574279
0.5981454
0.6020883
0.5723287
0.579565
0.5666733
0.5669211
0.5863029
0.6173175
0.5926456
0.5925055
0.6038241
0.5993534
0.5637363
0.5674194
0.5660338
0.6057344
0.5619138
0.5552127
0.640222
0.6027098
0.5933349
0.6041549
0.5941633
0.5935021
0.5545142
0.5338343
0.5317071
0.5597531
0.6226869
0.5841444
0.6200132
0.5284408
0.5746157
0.5404485
0.5239627
0.547294
0.5321208
0.525121
0.5602102
0.5153428
0.5476257
0.5534009
0.505987
0.5528086
0.5327351
0.5845875
0.5816188
0.5727202
0.5672885
0.6203943
0.5935456
0.5657825
0.5580167
0.6415238
0.5825632
0.5116119
0.5628888
0.5953728
0.625034
0.567661
0.5592139
0.5554816
0.5814786
0.6021633
0.6187032
0.5783888
0.6378964
0.6222582
0.6026348
0.5755792
0.607006
0.5738236
0.5510257
0.5748631
0.5693961
0.5679984
0.6094795
0.5855519
0.605108
0.6311956
0.5991485
0.5588219
0.5265935
0.5261035
0.5533946
0.5037841
0.5529826
0.534987
0.5191196
0.5568368
0.5482485
0.5152825
0.5576615
0.5442244
0.5098811
0.5653807
0.5222125
0.5257872
0.5609455
0.5455529
0.5768543
0.5678976
0.5826964
0.57332
0.6201922
0.6049537
0.5716767
0.5398305
0.5130138
0.5160704
0.5579894
0.608454
0.5744493
0.5678602
0.5866625
0.5841559
0.5681831
0.5461677
0.6257606
0.5873586
0.5462134
0.5224009
0.5985879
0.5970348
0.5756474
0.593406
0.6088325
0.5569873
0.6310089
0.5957831
0.5961478
0.5723471
0.563983
0.5537643
0.5352582
0.579327
0.634909
0.5639971
0.5599654
0.5821726
0.5220056
0.5502449
0.5450033
0.5138035
0.5184511
0.5156279
0.539427
0.5806686
0.542516
0.5614524
0.5386078
0.5450664
0.5365456
0.5168398
0.5025439
0.5417244
0.5620836
0.5076396
0.5128086
0.4952018
0.4709275
0.5229179
0.4773236
0.4887207
0.5367293
0.5023834
0.4857871
0.5367571
0.5372764
0.5522017
0.5101021
0.53473
0.5353374
0.5413037
0.5157874
0.5651967
