0.194864
0.1984333
0.1909412
0.1754752
0.2095169
0.1558542
0.1838197
0.222484
0.1844233
0.2060672
0.2110712
0.2281274
0.2285438
0.2532806
0.2685449
0.2576188
0.2752596
0.2429985
0.2886089
0.2757065
0.2965587
0.2721696
0.2431568
0.253868
0.2468637
0.2496363
0.2728809
0.2560164
0.2504691
0.2679411
0.2324097
0.2481897
0.2050305
0.2223909
0.203087
0.1650427
0.2212605
0.1884204
0.1561174
0.1936686
0.1790307
0.2026918
0.1710944
0.1934818
0.2264194
0.157258
0.1613491
0.1677867
0.1743494
0.149845
0.1676769
0.2250721
0.2075918
0.1948653
0.180144
0.2101227
0.2411975
0.2058169
0.2037808
0.2095525
0.2220487
0.2176902
0.2151131
0.2568624
0.2347885
0.219037
0.1918947
0.1634101
0.1940245
0.1625966
0.2021232
0.1350619
0.1996673
0.1802883
0.2036636
0.1721777
0.1714715
0.1917164
0.1773743
0.2025994
0.1700628
0.1594627
0.1882937
0.2036775
0.1737383
0.1602495
0.1505491
0.1373002
0.1663494
0.1490448
0.1986605
0.194858
0.1423119
0.1691229
0.1604492
0.1576324
0.1145943
0.1187054
0.1643688
0.1753198
0.1575193
0.1770345
0.1853012
0.1645021
0.1657915
0.1744668
0.1368276
0.1633438
0.163223
0.1920524
0.1640911
0.1625668
0.2029089
0.214901
0.2022058
0.2223513
0.2260916
0.1744492
0.2160643
0.1814297
0.2149725
0.2144859
0.2286414
0.2008703
0.1999927
0.1903984
0.1923634
0.1729719
0.1604809
0.1988982
0.2074754
0.1755441
0.1709709
0.2070612
0.1762793
0.1786314
0.151774
0.2053762
0.1765844
0.1626264
0.1768456
0.1857106
0.1719067
0.1653245
0.1554438
0.170758
0.1528673
0.1635743
0.1733436
0.151041
0.1620334
0.1684656
0.1979512
0.1695102
0.1825868
0.1938299
0.2092704
0.219611
0.2479999
0.2053243
0.2200409
0.2317354
0.2194265
0.2583037
0.2512387
0.2512615
0.243311
0.2365952
0.265055
0.2520067
0.2306988
0.2065749
0.2079118
0.2149363
0.1966118
0.1816824
0.1572119
0.15048
0.1664957
0.1938064
0.2029334
0.2104063
0.2172624
0.2036532
0.2392679
0.2358011
0.2113314
0.1819575
0.1720012
0.1965801
0.1763391
0.184449
0.1858596
0.1944947
0.184524
0.2026179
0.2242839
0.2170841
0.2057957
0.1942288
0.200881
0.1924157
0.2237818
0.2598916
0.2620234
0.207747
0.1784064
0.1931197
0.1707267
0.1948521
0.1517038
0.1498049
0.1524636
0.166658
0.1525266
0.1651529
0.1698346
0.1604053
0.1522693
0.1306288
0.1631464
0.1600851
0.1706082
0.2119386
0.174575
0.1973795
0.1991743
0.1745634
0.1959247
0.1355638
0.1495618
0.1675434
0.1731815
0.2209547
0.1916099
0.2134187
0.1811531
0.1615732
0.1806012
0.1879456
0.1528937
0.160597
0.1588731
0.1536659
0.1668262
0.1699629
0.1316537
0.166471
0.1525254
0.1605848
0.1833212
0.1643311
0.1525642
0.1504606
0.1777193
0.1792181
0.1658523
0.1784675
0.1697907
0.1600243
0.1342901
0.1490518
0.2018392
0.1801563
0.1687452
0.1956028
0.1492828
0.2025471
0.1570148
0.1876178
0.1684209
0.1725677
0.1605822
0.1808348
0.185166
0.1783458
0.1472452
0.1805813
0.1659439
0.1852589
0.1758505
0.1748833
0.1530546
0.1991243
0.1717443
0.1892334
0.1748032
0.1775173
0.1771185
0.1660101
0.1638768
0.1677857
0.1722262
0.1935054
0.1427526
0.1740739
0.1766277
0.1683299
0.1924392
0.1756653
0.176321
0.1701139
0.1571056
0.2032699
0.1705034
0.1680363
0.1832687
0.1805561
0.1613474
0.1757238
0.1782284
0.1700708
0.1475742
0.1584013
0.1291569
0.1650609
0.1842901
0.1607639
0.1672053
0.1586125
0.1531786
0.1738144
0.1440413
0.1555773
0.1636418
0.1657661
0.1515115
0.139591
0.1631656
0.1649539
0.2025139
0.15394
0.1347594
0.1716207
0.1788521
0.1915444
0.1882002
0.1785437
0.1904963
0.1890088
0.1585301
0.2306545
0.1785786
0.1452924
0.1588041
0.1749293
0.2150359
0.1792044
0.1919336
0.2167388
0.1644879
0.1588877
0.1646112
0.1425291
0.1658649
0.1442695
0.1529783
0.1654804
0.1312763
0.1522463
0.151077
0.1609393
0.1423078
0.1533254
0.1441554
0.1534841
0.1849909
0.1744505
0.148261
0.1626616
0.1413194
0.155098
0.1519429
0.1607469
0.1366403
0.1548071
0.1431427
0.1583784
0.1265661
0.1780545
0.1362641
0.1686056
0.1962699
0.1680298
0.1628898
0.1630314
0.1607367
0.1717338
0.163009
0.1851174
0.1661063
0.1709803
0.1630149
0.1582067
0.1698497
0.1473987
0.1653394
0.1699538
0.1619425
0.1995377
0.1835535
0.2056137
0.182186
0.18539
0.1990601
0.1962424
0.204758
0.1831621
0.1986288
0.2124712
0.2070815
0.159631
0.1762553
0.1904695
0.2012994
0.1859354
0.1941723
0.2024152
0.214242
0.1466877
0.1739142
0.2115656
0.1879583
0.1867586
0.207491
0.1810246
0.1873624
0.1728843
0.1716168
0.2063485
0.1830263
0.1865099
0.192117
0.1691555
0.185263
0.1593416
0.1810394
0.1664453
0.1691054
0.2037484
0.1841553
0.1898232
0.162095
0.1681993
0.1765189
0.1640816
0.1819643
0.1733528
0.1801153
0.1990812
0.1819539
0.1361742
0.1599897
0.1898752
0.1652696
0.1680921
0.1723446
0.2149413
0.1989787
0.1489722
0.162951
0.1399896
0.1381477
0.1753283
0.1714603
0.1426925
0.1325991
0.1684628
0.1623686
0.1535739
0.1614014
0.1656793
0.159424
0.1374034
0.1414456
0.1366217
0.1719522
0.1531664
0.1549668
0.1477405
0.1409238
0.1518365
0.166436
0.1542057
0.1641488
0.1573422
0.1727484
0.1675422
0.1572029
0.1753998
0.1482254
0.1377842
0.1499907
0.1711587
0.1641432
0.1467091
0.1773975
0.1520606
0.1539443
0.1772481
0.1920314
0.1800192
0.1687758
0.1620734
0.1660496
0.1945595
0.1933898
0.2097466
0.1935598
0.1866462
0.2021118
0.189733
0.1769199
0.2099408
0.2094511
0.1793321
0.219951
0.1895546
0.195257
0.1710172
0.1808583
0.1828001
0.1760584
0.1555548
0.165859
0.1776756
0.1707444
0.2214341
0.1956923
0.206073
0.1905196
0.1969975
0.1891573
0.2193122
0.2032194
0.1758647
0.175308
0.1832304
0.1765855
0.2165079
0.1968845
0.1857167
0.2162416
0.1952907
0.2074953
0.231483
0.2080755
0.2023548
0.1965939
0.1899571
0.2189675
0.2023699
0.2150887
0.2061332
0.1753317
0.2045109
0.1910152
0.182144
0.1830604
0.224171
0.1718018
0.199564
0.2139408
0.2415187
0.2000444
0.2135426
0.2133265
0.2362698
0.2161629
0.1825303
0.1946347
0.1809333
0.1987729
0.1995818
0.2006675
0.2297628
0.1899551
0.2069336
0.1954567
0.1855443
0.2438288
0.1905599
0.2122834
0.1915898
0.2365785
0.1912792
0.2138743
0.2096912
0.212337
0.1892456
0.2293511
0.206874
0.1970154
0.1834154
0.2379304
0.2102637
0.1924084
0.2285365
0.238591
0.2271612
0.194158
0.2204857
0.2035577
0.1918772
0.2135735
0.2062552
0.2158622
0.2095459
0.2134725
0.2374317
0.2283858
0.2220495
0.2179625
0.185513
0.2357029
0.2193497
0.2398723
0.2227082
0.222324
0.244978
0.2277359
0.2493782
0.2351095
0.2440257
0.2473693
0.2417933
0.2147074
0.1683197
0.1908861
0.2069407
0.2378397
0.2090826
0.2021395
0.1808647
0.1676984
0.1621373
0.177984
0.1739626
0.1592291
0.1397238
0.1531625
0.1864042
0.1830995
0.1861294
0.2085143
0.2249978
0.191947
0.2216423
0.1970344
0.2372727
0.1993193
0.2048956
0.17906
0.1900276
0.156702
0.1925895
0.2004376
0.2118925
0.2059731
0.2115
0.1970568
0.1649773
0.1670929
0.2255296
0.2091446
0.2115576
0.2012429
0.1991258
0.189026
0.2123792
0.1955972
0.2093211
0.2110119
0.2098028
0.2236608
0.1951008
0.211713
0.1788124
0.1980953
0.2130221
0.2108239
0.2200579
0.1912502
0.2177837
0.2260906
0.212101
0.2286592
0.2220166
0.2004951
0.215487
0.2183931
0.2308519
0.2070508
0.2172917
0.222449
0.2103316
0.2060686
0.2062817
0.2365097
0.2318984
0.2163979
0.2057534
0.2618456
0.2251397
0.2195377
0.2606747
0.2801493
0.3091764
0.2872732
0.3138882
0.2813004
0.2705112
0.2880966
0.2568724
0.257849
0.2524754
0.26782
0.2838526
0.2700909
0.2462779
0.2626038
0.3045589
0.3101846
0.285351
0.3035695
0.2782815
0.2707901
0.3001671
0.2782138
0.2773497
0.2598803
0.2905251
0.2521532
0.2984226
0.2483913
0.2340533
0.2752092
0.2520235
0.2554598
0.2528395
0.2714253
0.2583452
0.2810535
0.2819242
0.2493427
0.236655
0.2781721
0.2649881
0.2546278
0.294174
0.2850998
0.2770689
0.2860202
0.2616557
0.3149378
0.2499777
0.3071755
0.282409
0.2645218
0.2497274
0.2600214
0.3118377
0.2591482
0.2686009
0.2354114
0.2577063
0.2829022
0.309622
0.2726353
0.2694422
0.2246154
0.1809887
0.2362313
0.2178899
0.1657594
0.1583026
0.2238274
0.2175394
0.1904434
0.1670168
0.2004175
0.1712937
0.1828932
0.1876769
0.1941525
0.2272084
0.2203214
0.1833276
0.1960275
0.1963324
0.1854209
0.222963
0.1997046
0.1910556
0.1861845
0.2061511
0.2012412
0.1974085
0.1924956
0.207516
0.2080973
0.1959139
0.2111672
0.1935954
0.1845126
0.1494135
0.1899303
0.2197806
0.2056521
0.2279774
0.2091794
0.1907425
0.2232864
0.2110624
0.1983421
0.1914029
0.2076722
0.2333799
0.1881673
0.1938271
0.208383
0.1906626
0.2081387
0.2159904
0.2186293
0.2171566
0.2804068
0.2368255
0.2076601
0.2410774
0.226285
0.2123073
0.1804877
0.1814274
0.2083081
0.1820727
0.1968963
0.2172329
0.2077985
0.1921325
0.213297
0.1815939
0.1923342
0.2005282
0.1879773
0.2002324
0.1523572
0.2015097
0.1914031
0.1721073
0.1715745
0.1985992
0.1893097
0.1761582
0.2002962
0.1741853
0.1803739
0.1968543
0.2077328
0.1719281
0.178695
0.2008522
0.1797264
0.1834474
0.1820359
0.1944198
0.2105102
0.1896359
0.1748569
0.1993152
0.1874991
0.1800135
0.1663015
0.1842473
0.2014161
0.2067497
0.1770032
0.1550031
0.1590179
0.1925614
0.2221467
0.2005637
0.1971083
0.1747596
0.1785399
0.1796394
0.1738972
0.1873899
0.1744795
0.207653
0.1932081
0.1739259
0.2028938
0.1924331
0.2293329
0.1811754
0.1910398
0.1906131
0.2100208
0.2056846
0.1955401
0.2122004
0.1907942
0.1689786
0.1734728
0.1901577
0.2119089
0.2068075
0.2028991
0.1903319
0.1874854
0.2028783
0.1560021
0.1740493
0.1984567
0.1960584
0.192264
0.1962362
0.2028707
0.1770201
0.1962786
0.2004228
0.2078594
0.183651
0.1814022
0.1764704
0.1812016
0.1624392
0.1763246
0.1714989
0.188056
0.1888566
0.1800248
0.1739136
0.1684964
0.1932223
0.19962
0.19965
0.2227542
0.194338
0.2115587
0.1967071
0.2226271
0.1779764
0.1922919
0.2196262
0.2202967
0.1975092
0.2083115
0.1887345
0.2075347
0.2027573
0.198221
0.2016478
0.193293
0.2062602
0.206596
0.1866201
0.1961931
0.2126093
0.1873342
0.1601142
0.1925923
0.1968803
0.1822304
0.1919157
0.1599025
0.1813021
0.169337
0.1901472
0.1894362
0.1899692
0.1900674
0.154317
0.1709855
0.180604
0.1505616
0.1977067
0.1814039
0.1722308
0.1678438
0.1964915
0.1902632
0.1848001
0.1610343
0.212201
0.1858762
0.2019926
0.1834999
0.1924032
0.2014661
0.1929199
0.2039257
0.1946081
0.2082114
0.1801593
0.1860025
0.1844316
0.1974925
0.1894755
0.1820664
0.179574
0.1582801
0.1978113
0.1851418
0.1894046
0.213657
0.1730711
0.2142135
0.2095081
0.2106772
0.2151651
0.2065818
0.2009954
0.207046
0.2156264
0.2000432
0.2023214
0.1929802
0.2203336
0.2337317
0.2073783
0.2231124
0.1952121
0.1879479
0.1910474
0.2117627
0.1951703
0.1786196
0.1905185
0.2130354
0.2008561
0.1973098
0.1972185
0.2011252
0.1943358
0.1620217
0.1841801
0.1712386
0.1589715
0.182235
0.1721146
0.178841
0.2000916
0.1592571
0.1877791
0.1652983
0.1857782
0.2127959
0.2028718
0.1560311
0.1801089
0.1931006
0.1746585
0.2016508
0.190837
0.1968797
0.201768
0.1872179
0.2192854
0.2084107
0.1963151
0.1988595
0.1913865
0.1909199
0.1950507
0.2054879
0.1976062
0.2136391
0.1960042
0.1693423
0.1798963
0.2276106
0.2294009
0.1773387
0.1947397
0.1804123
0.194822
0.2128413
0.1879376
0.2040807
0.1940243
0.1927215
0.2003689
0.22755
0.2274538
0.1726142
0.192815
0.2272138
0.2302636
0.1980218
0.2231426
0.175881
0.207566
0.1985526
0.2243311
0.1958283
0.211744
0.1996152
0.2045256
0.245618
0.2382117
0.2108197
0.20356
0.2288452
0.1841572
0.2074382
0.1646284
0.2161382
0.2066803
0.1843497
0.2067597
0.2108707
0.1932604
0.238855
0.2108055
0.2163367
0.2028012
0.1777643
0.1969074
0.2106778
0.2085211
0.207037
0.1912242
0.2009182
0.1843286
0.1847014
0.2199224
0.185809
0.1816107
0.2074538
0.1555561
0.2251575
0.181971
0.2040675
0.2009128
0.216804
0.231446
0.2213541
0.2012648
0.2213948
0.2086475
0.2195719
0.2053099
0.23056
0.2226025
0.2160899
0.2192041
0.201
0.2176062
0.213674
0.1962185
0.1937446
0.1919117
0.1957547
0.1802647
0.2256353
0.1704747
0.1629307
0.2108621
0.1609144
0.1721843
0.191647
0.1692561
0.1807871
0.1807722
0.1981013
0.1850566
0.1712449
0.1890067
0.1979536
0.1857753
0.1820835
0.2066523
0.1656793
0.1788414
0.1909864
0.1968545
0.1766369
0.1817147
0.1881408
0.1969041
0.161454
0.1985922
0.1791958
0.1519495
0.1488326
0.1747994
0.1821201
0.1553601
0.1650491
0.1873854
0.1564047
0.1759506
0.1757217
0.1619192
0.1475852
0.1754583
0.1814658
0.158884
0.1869282
0.1708179
0.1630293
0.1801169
0.1669779
0.1567605
0.1588576
0.1561214
0.1746828
0.1483504
0.1475176
0.1353439
0.1333734
0.1679423
0.1612844
0.1455545
0.1553146
0.1296601
0.1228697
0.1470867
0.1827426
0.1479476
0.1635833
0.1733602
0.2109602
0.1741567
0.2242309
0.1844486
0.2181911
0.1695636
0.1845299
0.1881449
0.1912117
0.2072565
0.1620327
0.1802715
0.1888921
0.171782
0.1907783
0.1722852
0.2008828
0.1733096
0.1934507
0.1941438
0.1936317
0.209102
0.1916078
0.1890065
0.1946581
0.1992396
0.2033708
0.2086139
0.1833274
0.1977608
0.1637151
0.17695
0.1970879
0.1922862
0.1910089
0.2087157
0.188172
0.1637848
0.1732103
0.1725502
0.1971371
0.1845014
0.189941
0.1686971
0.1779044
0.1747957
0.2135251
0.2271411
0.2186949
0.2030855
0.1986394
0.1918655
0.2381399
0.2222194
0.2061689
0.2068639
0.2027297
0.1943191
0.1942028
0.1832372
0.211311
0.2034003
0.2124374
0.197289
0.1814876
0.1735097
0.2226432
0.2145613
0.2140476
0.2199207
0.1684844
0.1999193
0.1848073
0.1966966
0.1921918
0.1936101
0.2032586
0.2365477
0.2180323
0.2164217
0.1903785
0.1918881
0.1895938
0.1663096
0.2019109
0.1904806
0.2030065
0.1826662
0.1813128
0.168221
0.1790909
0.1919568
0.1900454
0.2090802
0.1726965
0.1891321
0.1551425
0.2072207
0.1833988
0.2309582
0.2366989
0.2144643
0.1830749
0.2096459
0.1704762
0.1751286
0.1740145
0.1736402
0.1693674
0.1939304
0.1684018
0.1861621
0.179882
0.1615077
0.1865692
0.1776212
0.1583733
0.1932228
0.1899703
0.1948073
0.1935318
0.1916097
0.1636054
0.1685253
0.1605301
0.198179
0.1858398
0.177522
0.2008693
0.1891485
0.1994138
0.1894753
0.183776
0.193449
0.1809336
0.1747952
0.1774298
0.2292887
0.1750006
0.2073655
0.1600608
0.176345
0.1779482
0.1889285
0.1978867
0.1866188
0.2088368
0.1765267
0.1943802
0.2022828
0.1915578
0.1977167
0.1879995
0.1806936
0.1869941
0.1904465
0.1694184
0.1829134
0.2048965
0.177017
0.172849
0.1669242
0.1868876
0.1690543
0.1879923
0.2048785
0.1911801
0.1794294
0.2060294
0.1972672
0.1828691
0.1788887
0.1811027
0.1845312
0.2029842
0.2192843
0.1577339
0.1996999
0.1726945
0.1967925
0.2127936
0.1927543
0.1872634
0.1666749
0.1748886
0.200509
0.1722246
0.1997456
0.2191954
0.2164497
0.2049774
0.2198036
0.1940708
0.1868167
0.1949996
0.2145592
0.1937323
0.2073116
0.198666
0.1970264
0.1929851
0.1903128
0.2054266
0.1898398
0.1998047
0.2012792
0.201903
0.2060314
0.2100143
0.2274259
0.210869
0.2010364
0.2104026
0.2117846
0.1953375
0.2208189
0.195097
0.2302715
0.2052839
0.1700989
0.1813625
0.2080813
0.198037
0.1927246
0.2203718
0.2365073
0.2137991
0.2013221
0.2010438
0.1798583
0.2084573
0.1951111
0.1668846
0.1930557
0.1814073
0.1918802
0.1996761
0.2095148
0.1974428
0.202464
0.2356471
0.1949333
0.1944257
0.202788
0.173691
0.2169248
0.1778892
0.2119491
0.2077446
0.1506267
0.1788128
0.206779
0.1662832
0.194337
0.1997114
0.2084363
0.1985354
0.2234419
0.1916769
0.2067232
0.1865873
0.1786577
0.2047237
0.1838145
0.2143901
0.1733412
0.1858785
0.1993314
0.2065075
0.2055103
0.2315802
0.2201445
0.2132442
0.181948
0.1977787
0.2226263
0.2134732
0.2179763
0.1993361
0.2123997
0.1962237
0.2234521
0.2148046
0.194803
0.2090676
0.1887731
0.2114947
0.2099793
0.2007736
0.2164901
0.22418
0.1966292
0.2144101
0.2160949
0.239886
0.1928559
0.2165557
0.2282615
0.1857596
0.206972
0.2275464
0.235645
0.2087293
0.2127718
0.2264423
0.181847
0.2312851
0.210455
0.1957743
0.2136977
0.204826
0.2133141
0.1688262
0.1762488
0.2132766
0.2066359
0.2225893
0.2224782
0.216485
0.2455966
0.2377815
0.2411726
0.2430649
0.2435188
0.2576129
0.2447945
0.2270404
0.2168573
0.2399057
0.2214172
0.2094878
0.2253965
0.2145422
0.2222024
0.2252904
0.2419125
0.2504258
0.2471665
0.2130215
0.2001737
0.1777308
0.2145712
0.2189669
0.2296917
0.2058773
0.205451
0.2182823
0.2133353
0.2144457
0.2114243
0.2385325
0.2305087
0.2324179
0.2096061
0.2181842
0.2136277
0.2185746
0.2107648
0.2209779
0.2078836
0.2237176
0.1947572
0.2083077
0.2030888
0.1741527
0.1692274
0.1704325
0.1992234
0.2135698
0.2245234
0.1950953
0.2097846
0.1973582
0.2093055
0.2049164
0.2227746
0.2099835
0.2018723
0.2283105
0.1943381
0.1764005
0.1553873
0.1875775
0.2066534
0.2368755
0.2185892
0.2004527
0.1915291
0.172325
0.2251036
0.1919264
0.1818367
0.1878178
0.2191954
0.1913856
0.1676883
0.1983076
0.1968424
0.1917597
0.2156762
0.2175042
0.2072047
0.2039675
0.1997893
0.1700667
0.1733997
0.2243226
0.2063852
0.1653117
0.1779055
0.1913297
0.186151
0.2135889
0.2059297
0.2178856
0.2212193
0.203916
0.2010627
0.218082
0.1964387
0.188862
0.1817688
0.1682853
0.1982388
0.2054135
0.174347
0.1928013
0.1922838
0.1923658
0.2161556
0.2087725
0.2153331
0.2076297
0.2139825
0.2306983
0.2137185
0.2029425
0.2180164
0.1746701
0.1975507
0.2308135
0.24016
0.2218308
0.1949945
0.2489392
0.2110339
0.2222548
0.2462073
0.2240713
0.227606
0.2423458
0.2532374
0.2610142
0.2298127
0.2714642
0.2459067
0.2609054
0.221231
0.2637557
0.270387
0.2756089
0.2576587
0.2910594
0.3036386
0.2462543
0.2669438
0.2811023
0.2695944
0.280692
0.2619507
0.2566467
0.2641003
0.2195931
0.2526202
0.2520207
0.2336138
0.2243463
0.2468445
0.2436028
0.2360512
0.2812793
0.286233
0.257198
0.2828957
0.2646785
0.2341854
0.2323513
0.2502922
0.2800439
0.2439869
0.2524475
0.2461825
0.2600698
0.2587181
0.236809
0.2588292
0.247896
0.2406675
0.2409659
0.2127444
0.1978609
0.1965337
0.1881049
0.2239428
0.2022268
0.2109479
0.205063
0.2246531
0.2350664
0.2533337
0.231193
0.2449502
0.241102
0.2190071
0.2109059
0.1994947
0.2444036
0.2214997
0.2010127
0.2353456
0.1855381
0.210771
0.1993669
0.2188392
0.2055116
0.1996031
0.2230694
0.2154636
0.2361927
0.2206274
0.2486296
0.2047009
0.218074
0.2257943
0.2123859
0.2111963
0.2146048
0.1740002
0.1974732
0.2479778
0.2521337
0.245953
0.2574984
0.2435735
0.2700289
0.2368586
0.2200417
0.1946893
0.2520891
0.2074098
0.2294438
0.2126622
0.1896079
0.2179318
0.1938745
0.1860323
0.2194983
0.2000812
0.167889
0.1796378
0.1867525
0.2110042
0.2013462
0.2120606
0.1806825
0.2019948
0.1852453
0.192932
0.1857468
0.2258338
0.2036829
0.2019252
0.2042768
0.2054372
0.2261157
0.1932023
0.1802283
0.1975472
0.2050823
0.2043435
0.1818222
0.195207
0.2078908
0.2113958
0.1769895
0.1898423
0.1472529
0.1781779
0.1951136
0.1716747
0.1930938
0.1883993
0.2170074
0.2184513
0.176349
0.1962721
0.2046989
0.2003478
0.1852527
0.2193997
0.1936981
0.2073015
0.1933047
0.1633489
0.1952862
0.1942678
0.1962865
0.2176679
0.1928821
0.1794741
0.1718374
0.1811209
0.1629359
0.1641519
0.1587246
0.1672582
0.1554903
0.1624078
0.1391407
0.1803354
0.1535865
0.1576851
0.1799938
0.1767173
0.1958952
0.1887552
0.2147809
0.1964349
0.1876518
0.171893
0.2014363
0.1741014
0.2011334
0.1829319
0.1593872
0.1795453
0.1722682
0.1530752
0.1800249
0.1681147
0.1664757
0.1764253
0.1770024
0.1523786
0.1673812
0.1660382
0.1814875
0.126813
0.1385578
0.128511
0.1429622
0.1518066
0.137215
0.1471105
0.126643
0.1609693
0.1499403
0.1595457
0.1634739
0.1578818
0.1448998
0.1577745
0.1822376
0.150442
0.2244146
0.1973589
0.1581629
0.1834614
0.1739654
0.1935414
0.1671244
0.1505357
0.1871886
0.1986421
0.1443789
0.1658674
0.1810847
0.1699071
0.1896445
0.1602436
0.1836909
0.1500105
0.1959392
0.1777288
0.1592325
0.1521417
0.1457682
0.1520818
0.1975109
0.1547201
0.1652955
0.1547628
0.1869906
0.1791669
0.145475
0.1431491
0.1619987
0.1868962
0.1507079
0.1745884
0.2099186
0.1420359
0.2030831
0.157092
0.1481023
0.1500766
0.1458783
0.1520268
0.1464288
0.1307003
0.1345507
0.1868729
0.17386
0.1770251
0.1700928
0.1833498
0.1813985
0.181187
0.1202441
0.1510348
0.161895
0.1723759
0.1535179
0.1725366
0.1611936
0.1511613
0.180121
0.1613119
0.1768695
0.1741388
0.1827376
0.1646635
0.1925891
0.1702026
0.2006445
0.176706
0.2146377
0.191742
0.2039696
0.16977
0.1610244
0.1911765
0.1932583
0.2588953
0.2403561
0.2121257
0.2250302
0.2147581
0.2221998
0.248168
0.2256036
0.2230203
0.1913762
0.2542602
0.2277922
0.2620486
0.2476556
0.2071062
0.2117534
0.2317794
0.2463235
0.2412149
0.2808899
0.2514187
0.2443251
0.2533212
0.248757
0.2340575
0.259036
0.2269061
0.2168925
0.2007514
0.2213785
0.1847101
0.2317681
0.2447239
0.2256768
0.230239
0.2161737
0.2264504
0.2247811
0.2095618
0.2388407
0.2173585
0.2002938
0.1733876
0.1885419
0.1917208
0.218366
0.2347881
0.2458901
0.22337
0.1910816
0.1990716
0.2543673
0.2460885
0.2295343
0.2291455
0.2150282
0.2027632
0.2148194
0.2747846
0.2279484
0.2827297
0.2711823
0.2589766
0.2665722
0.238466
0.2463739
0.2875756
0.3291305
0.3353663
0.2845666
0.2928127
0.2865591
0.2713633
0.2854774
0.2584313
0.2876606
0.2478041
0.2909602
0.2525433
0.2652803
0.2560257
0.2787588
0.2630047
0.2993577
0.2865088
0.3017636
0.2526651
0.2467783
0.2729796
0.2927702
0.3080193
0.2859434
0.2884023
0.3012545
0.3007152
0.2730073
0.2777013
0.3003079
0.271377
0.2829691
0.2722991
0.2946461
0.26748
0.306131
0.2928745
0.3091196
0.306752
0.3225977
0.2754994
0.312369
0.2978969
0.2688879
0.3357327
0.3100385
0.3153092
0.293411
0.2997585
0.3013879
0.2852286
0.2953868
0.243085
0.2677525
0.2398334
0.2537085
0.227524
0.1965384
0.2440601
0.2633574
0.2463689
0.259702
0.2524495
0.3430741
0.3075333
0.2813715
0.2714043
0.2874461
0.2866856
0.2879023
0.2929961
0.3223837
0.310569
0.2846114
0.2929085
0.2787436
0.2788288
0.3064238
0.2796214
0.2673375
0.2887144
0.2902474
0.2615722
0.286759
0.2622925
0.2557539
0.2649432
0.2775803
0.2622091
0.2520328
0.2875846
0.2678175
0.2801751
0.3085088
0.2648509
0.3219414
0.2751029
0.2693224
0.266925
0.2927474
0.2889814
0.2678101
0.3058119
0.2963077
0.29386
0.2705562
0.2802803
0.287592
0.2546533
0.2662922
0.2907732
0.2734622
0.2970439
0.3075936
0.2996835
0.2804427
0.2661507
0.3011612
0.2998176
0.2812307
0.2849717
0.2536778
0.2768834
0.2525896
0.286723
0.3159645
0.2836944
0.3161918
0.3129515
0.3092178
0.2754366
0.3288665
0.3280384
0.3026148
0.31345
0.2711343
0.2772026
0.2879235
0.2897825
0.2747779
0.2991
0.2379699
0.2339762
0.2408839
0.2795688
0.2249161
0.2663467
0.2833785
0.2790117
0.2691846
0.2603908
0.2807654
0.3049015
0.2845898
0.2855136
0.2838356
0.2774865
0.2844078
0.2972026
0.268607
0.3100349
0.3028767
0.2777235
0.2438035
0.3077876
0.2406371
0.2495703
0.2730057
0.2853236
0.255428
0.279074
0.2888446
0.2657537
0.2996831
0.2841535
0.2924935
0.2975567
0.3170969
0.2794692
0.302711
0.2713701
0.2906835
0.321323
0.3225896
0.3075346
0.3290432
0.3049776
0.3123901
0.318795
0.286727
0.3053554
0.2811438
0.260368
0.3058362
0.3133454
0.3364663
0.2995637
0.3244097
0.3665447
0.3180524
0.3247542
0.3172406
0.3008565
0.3136163
0.2989739
0.3187379
0.3043049
0.3031258
0.2974247
0.2982273
0.3245021
0.2961869
0.2691138
0.3104023
0.2644081
0.2636507
0.2792236
0.3048331
0.3111051
0.3163192
0.3004125
0.2951287
0.2959499
0.3334248
0.298239
0.2989707
0.3128869
0.3064151
0.3415231
0.3019148
0.301544
0.3220507
0.2859137
0.3049242
0.3073516
0.3200108
0.2962345
0.3209275
0.3086463
0.2838328
0.2995142
0.2784589
0.3180718
0.3342997
0.3201876
0.2722303
0.307191
0.2949815
0.306469
0.2916905
0.3179897
0.2985187
0.3063767
0.2962592
0.3151543
0.3665433
0.3717344
0.3333817
0.2987347
0.353467
0.3151308
0.3314584
0.3659479
0.3356147
0.3542565
0.3262443
0.3231145
0.3025867
0.2821627
0.3338994
0.3170958
0.3003615
0.3509291
0.3535097
0.35469
0.3612992
0.3562512
0.3737567
0.3608428
0.3784064
0.4128548
0.3949371
0.3886358
0.3748088
0.3476855
0.3675653
0.3357141
0.3246113
0.3247233
0.3380313
0.3179868
0.3251966
0.3304361
0.3235537
0.3115148
0.3341572
0.3177288
0.3186718
0.3461507
0.337408
0.3523871
0.3508818
0.3274145
0.2819687
0.2930087
0.3245327
0.3014413
0.2976435
0.2617156
0.2645249
0.2817403
0.2652443
0.2534125
0.2683331
0.2337586
0.2744621
0.2827093
0.2695684
0.2669878
0.2893558
0.2783655
0.2741247
0.2795102
0.3000235
0.2701411
0.2734454
0.2722856
0.2949253
0.2476202
0.2624202
0.2467083
0.2815934
0.2705006
0.2560341
0.2567477
0.2774422
0.2797779
0.2868036
0.208546
0.2621543
0.2461449
0.2619451
0.2283708
0.2781048
0.2531652
0.2570989
0.2746822
0.2695086
0.2790348
0.2695085
0.263507
0.2631135
0.303155
0.2677315
0.2669114
0.3183806
0.2529321
0.2669719
0.2398367
0.2872272
0.2899717
0.2747977
0.2842233
0.2853438
0.2714848
0.2489338
0.2916019
0.2813449
0.3158414
0.2943867
0.2871868
0.3125798
0.3237622
0.3131872
0.3143821
0.3412548
0.3009058
0.318017
0.2961027
0.3101977
0.3610751
0.3218977
0.3009305
0.3203161
0.317364
0.3288609
0.3604121
0.3175898
0.3181241
0.3537535
0.33474
0.3321095
0.3575893
0.332708
0.3392932
0.3393266
0.3394683
0.3220226
0.3729492
0.3687708
0.3586364
0.3641639
0.3595493
0.3535011
0.3839756
0.3680138
0.3451843
0.3293647
0.3532094
0.3650402
0.3427772
0.3407172
0.3699089
0.3511241
0.3867229
0.3587353
0.3757802
0.3769465
0.3457502
0.3508553
0.3445467
0.3467253
0.3849488
0.3716647
0.3321415
0.3176084
0.3209173
0.3117333
0.3414869
0.3770615
0.3324143
0.3469031
0.3495003
0.3302015
0.3368657
0.3400403
0.3749192
0.362745
0.3172086
0.3571525
0.3132531
0.3046019
0.3053615
0.2972404
0.3270668
0.309108
0.3094214
0.3191834
0.3425101
0.2949167
0.3211841
0.3300591
0.326949
0.2982337
0.3075618
0.3168757
0.298696
0.2715146
0.321357
0.2982602
0.2846579
0.2976577
0.3197825
0.3243726
0.3119096
0.2960514
0.2965166
0.2992101
0.3139601
0.3188179
0.2792903
0.2994349
0.2820935
0.3031594
0.2875701
0.325891
0.3165697
0.3229636
0.2859112
0.3004065
0.3282917
0.3443089
0.3036252
0.3216238
0.3189158
0.3013128
0.2908024
0.2979401
0.295374
0.3067942
0.2971102
0.2957299
0.3076414
0.3450879
0.3069223
0.2930437
0.3053455
0.3046966
0.3231429
0.3001762
0.3247607
0.3226893
0.3307152
0.3240007
0.2823443
0.3059834
0.3195133
0.3084738
0.3049752
0.3029678
0.3102912
0.2980123
0.2885072
0.2992658
0.2754377
0.2847917
0.267419
0.2551185
0.2935551
0.3030642
0.2864121
0.2850668
0.2977456
0.2979204
0.2995931
0.3061632
0.3392727
0.3105134
0.2931723
0.27889
0.3023072
0.2868065
0.2654581
0.2294115
0.276761
0.2530495
0.2651199
0.3046356
0.3160421
0.2586957
0.2949865
0.2759077
0.2752163
0.2980169
0.2838636
0.3512384
0.3547323
0.2866773
0.3118971
0.2962062
0.2541377
0.3223693
0.3207815
0.3334938
0.3189994
0.2876894
0.2989668
0.3126118
0.3348124
0.3050819
0.3083996
0.2958587
0.3005221
0.3109951
0.2902336
0.3038822
0.3152976
0.3229589
0.3052599
0.2940075
0.3147499
0.3292502
0.3053157
0.331357
0.3488278
0.3246245
0.3510842
0.3493362
0.3360543
0.3072724
0.342845
0.3120404
0.3582597
0.3369166
0.3270728
0.3490208
0.3449019
0.3293414
0.3456503
0.3689331
0.3588101
0.3489225
0.3437615
0.3396791
0.3509402
0.3166045
0.3456715
0.2966202
0.3122072
0.3183072
0.3222325
0.330456
0.3274484
0.2873839
0.2735104
0.3137732
0.326661
0.3228189
0.3098652
0.2877381
0.3152632
0.2976169
0.3234254
0.3345525
0.3092576
0.3128329
0.3317296
0.3161797
0.3291233
0.3191911
0.3226246
0.3228074
0.3194845
0.2954125
0.3076671
0.3109224
0.3636442
0.3074504
0.3915966
0.3471568
0.3626322
0.3489167
0.328335
0.3029548
0.2863261
0.2979309
0.3184884
0.3313521
0.3608494
0.3391189
0.3548721
0.3245159
0.3295247
0.3971401
0.3433874
0.3404642
0.354635
0.3830388
0.3395748
0.390207
0.3602312
0.3480724
0.368922
0.3152033
0.3252947
0.2872691
0.2807527
0.2926648
0.3077526
0.2800626
0.2855727
0.3065602
0.3210969
0.3009708
0.3297634
0.3213547
0.3229459
0.3459061
0.314913
0.3133422
0.3299743
0.3354028
0.3244707
0.3232702
0.3373236
0.3415408
0.3363651
0.3708487
0.3169274
0.3045138
0.2754836
0.3239959
0.3607502
0.3159106
0.347817
0.3285425
0.3676818
0.3482928
0.3706303
0.3848977
0.3827133
0.378477
0.3565743
0.3753512
0.3131508
0.3712739
0.3127925
0.3366634
0.3213506
0.3717755
0.3096895
0.3557369
0.3500746
0.3183217
0.2832317
0.298196
0.3241344
0.2947947
0.2994279
0.3059121
0.311251
0.3287964
0.3381083
0.3041352
0.3076299
0.3031202
0.3018856
0.3131554
0.3396772
0.3163727
0.3367064
0.3678863
0.3372611
0.3618781
0.3393689
0.3274475
0.3429713
0.3669519
0.3574023
0.3498514
0.307309
0.3184162
0.2757961
0.2855559
0.2958691
0.304188
0.2925117
0.3154559
0.2938444
0.3122507
0.3127863
0.3492238
0.2973118
0.2927315
0.3050496
0.3391117
0.3479172
0.3498715
0.2810042
0.3126355
0.3093541
0.2879522
0.2798591
0.3003494
0.2973339
0.2771515
0.2757049
0.2699339
0.2862476
0.3101695
0.2947472
0.2930389
0.3026879
0.2961794
0.2858135
0.3068101
0.3187741
0.2900935
0.290774
0.2570399
0.2569554
0.2470374
0.2314321
0.2463886
0.2420506
0.269536
0.3062245
0.2685408
0.271236
0.3022463
0.2607825
0.2806224
0.2789201
0.235959
0.2188162
0.276335
0.2928371
0.2864824
0.318577
0.3120906
0.2779573
0.3178983
0.2747357
0.3090548
0.3094383
0.2968209
0.2951229
0.3328558
0.3739744
0.3414597
0.3455628
0.3353373
0.3368581
0.3148273
0.3589213
0.3194698
0.3428007
0.2958446
0.3117956
0.3062097
0.3147396
0.317243
0.3138516
0.2901463
0.2958883
0.3280367
0.3439608
0.3364674
0.3122893
0.3121503
0.3096907
0.3322884
0.3418308
0.3129852
0.3031315
0.3232983
0.3062386
0.3037984
0.3149574
0.3442952
0.338247
0.3058631
0.2947128
0.2849654
0.2620855
0.2910293
0.3024738
0.3153611
0.3075468
0.2913249
0.3258815
0.3065797
0.3215058
0.3032414
0.2976522
0.3168772
0.2986721
0.3030652
0.3248702
0.3399442
0.2954156
0.3392531
0.3631858
0.3337778
0.330207
0.3457629
0.343652
0.3152159
0.3198098
0.3175236
0.3178688
0.3446247
0.3373129
0.3440382
0.2995633
0.3303824
0.3248439
