0.1226927
0.1254714
0.1211869
0.1033024
0.1319426
0.1188613
0.114717
0.146319
0.1498041
0.1437649
0.1429009
0.1206267
0.1488006
0.1377874
0.1953231
0.1560799
0.157282
0.1665412
0.1756074
0.1494639
0.1447474
0.1276157
0.1806281
0.1517328
0.1690647
0.1532224
0.1627037
0.1789753
0.1862521
0.2032769
0.1737581
0.1754872
0.1712953
0.2010319
0.1972277
0.1567413
0.146644
0.162875
0.1397526
0.1560726
0.138878
0.1161337
0.1414733
0.1311092
0.1530072
0.1821489
0.1461718
0.1425788
0.111948
0.1250704
0.1228056
0.1093774
0.1099514
0.1247135
0.1281348
0.1068219
0.1210147
0.1206543
0.1112087
0.139612
0.1298011
0.1526079
0.1328299
0.1062259
0.1120763
0.1019813
0.1224646
0.1185348
0.1430016
0.1167909
0.1451292
0.1146339
0.1231702
0.0990122
0.1173937
0.1130361
0.1057036
0.0989501
0.1245214
0.0988789
0.1434586
0.1267097
0.1238898
0.1244354
0.1289663
0.1082851
0.1151359
0.1181668
0.1235165
0.1041167
0.121442
0.0916235
0.1221613
0.1118792
0.1269734
0.114438
0.1087481
0.102974
0.0947024
0.1253704
0.1107283
0.1184333
0.1074164
0.1232595
0.1222044
0.109029
0.1278799
0.1193639
0.1281922
0.123786
0.1077798
0.0949253
0.1292074
0.134794
0.1045458
0.1143394
0.1087619
0.1041624
0.1180024
0.1228207
0.1202735
0.1034696
0.088415
0.1000654
0.1179906
0.1028879
0.0990561
0.0995056
0.1069462
0.1179463
0.1163806
0.1311581
0.1159096
0.0908491
0.0911918
0.0955817
0.1094409
0.0983663
0.1189495
0.1115656
0.1133322
0.1147958
0.1083169
0.11863
0.1046669
0.1088866
0.1053841
0.1043521
0.1075795
0.1096337
0.0859522
0.105338
0.1337936
0.1113601
0.1078855
0.0807333
0.0785985
0.0917112
0.0823115
0.0839682
0.1000289
0.0892943
0.0826867
0.0901662
0.1103278
0.088719
0.0997906
0.1042279
0.0950569
0.0945211
0.0959671
0.1059527
0.0950807
0.0943887
0.1112982
0.0989275
0.1473927
0.1232074
0.1298213
0.1046422
0.134392
0.1275606
0.1232787
0.1453782
0.1305956
0.1233207
0.1226915
0.1207114
0.1342509
0.1177775
0.1454801
0.1094258
0.116641
0.110543
0.1147363
0.1400317
0.1166981
0.121291
0.1230799
0.1137592
0.1224554
0.111184
0.1158779
0.1098748
0.1154005
0.1190749
0.1297321
0.1182358
0.1261665
0.1145124
0.1201644
0.11741
0.1329461
0.1149135
0.1142097
0.1280018
0.131141
0.1450564
0.1113249
0.1391271
0.1306577
0.1551084
0.14959
0.1158424
0.1112928
0.1026337
0.1303642
0.1018697
0.1114353
0.0913501
0.1007083
0.1058479
0.0927566
0.1251048
0.1028301
0.1251212
0.1069656
0.1004074
0.0931039
0.127937
0.1001173
0.1092692
0.1042814
0.1198545
0.106431
0.1088227
0.0936385
0.1159859
0.1217145
0.0910279
0.0919952
0.0996449
0.1129329
0.1130123
0.0991273
0.1265709
0.1209508
0.1214472
0.1322177
0.1284041
0.1358743
0.1339314
0.1431996
0.1625938
0.1451166
0.1755392
0.1876799
0.1457729
0.1695856
0.1697128
0.1669889
0.1606086
0.169953
0.155972
0.1805472
0.1629415
0.153443
0.1588572
0.1328617
0.1264524
0.1243822
0.1233287
0.1208637
0.1012978
0.1083784
0.1402494
0.1256838
0.140883
0.1348027
0.1212058
0.1342654
0.1287158
0.113055
0.1311799
0.1376962
0.1023943
0.1136974
0.1143862
0.1050922
0.1032187
0.1152545
0.1500117
0.1397321
0.1124415
0.1082413
0.1334765
0.1371297
0.1425907
0.1007655
0.1098194
0.0891297
0.1026486
0.1101468
0.1331169
0.140074
0.1482301
0.1106467
0.1255044
0.1318355
0.1294426
0.1262965
0.1063357
0.1242948
0.1101912
0.1159944
0.1007384
0.0977624
0.1001681
0.1158692
0.1062824
0.1122682
0.128287
0.1189711
0.1064452
0.1137323
0.0992009
0.1015132
0.1213045
0.1319189
0.1192914
0.1079757
0.0994118
0.1347649
0.1015105
0.1121439
0.1101872
0.1152266
0.0927569
0.0902362
0.1008097
0.11185
0.0984473
0.1009291
0.1020187
0.0939502
0.0990254
0.0838678
0.1253746
0.0937322
0.104016
0.1260153
0.1221234
0.1226301
0.1095644
0.0869096
0.1288698
0.1252991
0.1251855
0.1082296
0.1004278
0.1060045
0.1155928
0.0981384
0.1250832
0.1136278
0.0963709
0.1153067
0.1487289
0.1047007
0.1098846
0.1023055
0.1280854
0.1149357
0.1090269
0.1308451
0.1285611
0.1060257
0.1197014
0.1163494
0.1163378
0.150259
0.1436438
0.1556657
0.1371168
0.1420292
0.1516775
0.1868037
0.1768547
0.1859591
0.1673555
0.1528638
0.1342712
0.1271206
0.1554901
0.132588
0.1352531
0.1291442
0.1453694
0.1355326
0.1262522
0.1322953
0.1370912
0.1472842
0.126954
0.1179171
0.1248335
0.1299503
0.1351344
0.1344029
0.1226976
0.1409364
0.1300778
0.1473263
0.1249127
0.1195735
0.1123332
0.1444919
0.1423204
0.1267229
0.1477387
0.1533843
0.159431
0.134342
0.1336105
0.1465922
0.1422991
0.1405127
0.1243091
0.1241125
0.1606741
0.1395383
0.124318
0.1158242
0.1154617
0.1384181
0.1478823
0.1557372
0.1357671
0.130887
0.1357099
0.1141011
0.1174467
0.1164465
0.1235862
0.1224953
0.1187314
0.1095562
0.1021925
0.1130751
0.1105621
0.1119119
0.1017587
0.1043599
0.1267586
0.1048741
0.0878033
0.1028404
0.1290193
0.1089279
0.1062355
0.1278919
0.1282741
0.1243095
0.1368719
0.1199456
0.1405001
0.1305694
0.1829939
0.1642861
0.1596716
0.1550232
0.1156964
0.1472571
0.1317939
0.138395
0.1393702
0.1355486
0.1438988
0.0937184
0.1201442
0.1267522
0.1267086
0.1458465
0.1196324
0.1311977
0.1208406
0.1559827
0.120438
0.1509418
0.1269962
0.1364924
0.1393452
0.1394419
0.1618819
0.1502006
0.1331739
0.1563643
0.1210606
0.1427913
0.1421564
0.1457021
0.1479665
0.1311827
0.1459129
0.1415267
0.160946
0.1454207
0.1480098
0.1346761
0.1627212
0.1363222
0.141485
0.151968
0.1516914
0.124437
0.1585011
0.1625182
0.1539683
0.1339241
0.1530845
0.1456771
0.1549858
0.1678008
0.131541
0.1512766
0.1510375
0.1620219
0.1766876
0.1709513
0.1687134
0.1364299
0.1404803
0.1615746
0.14312
0.1795287
0.1605137
0.1632601
0.1627974
0.1876855
0.1541328
0.1333165
0.1441394
0.1681822
0.1341838
0.1758099
0.1806433
0.1955169
0.1762021
0.1362473
0.1525401
0.1461052
0.1448544
0.1290195
0.1549763
0.1466092
0.1375519
0.1389141
0.1290463
0.1194491
0.1076216
0.1431735
0.1082653
0.1322583
0.1212074
0.1130943
0.1163728
0.1007842
0.1139244
0.1103301
0.1136206
0.0894397
0.114955
0.1075739
0.115166
0.1141749
0.1256807
0.1174916
0.1252634
0.1080475
0.1162709
0.142782
0.1209596
0.1180819
0.120393
0.1185612
0.0943105
0.104195
0.0887394
0.1109435
0.0969614
0.1143007
0.122498
0.1322832
0.1151478
0.1456218
0.127386
0.0971686
0.1111231
0.1250138
0.1257917
0.1142507
0.1238192
0.1102262
0.1142361
0.1067808
0.1118349
0.1050088
0.1027525
0.0978516
0.1015508
0.1193654
0.1105751
0.1027581
0.1179382
0.1283413
0.1113447
0.1356108
0.1409902
0.1563892
0.1283693
0.1333535
0.1606044
0.1334685
0.1365
0.1260289
0.1449366
0.1381629
0.1433487
0.1166655
0.12593
0.1355971
0.148323
0.1312634
0.1202266
0.1588401
0.1509145
0.1215205
0.1410637
0.0936676
0.1367065
0.1177409
0.1075321
0.1137225
0.1297437
0.1326358
0.123399
0.1453701
0.1109133
0.1377146
0.128224
0.1476556
0.1453889
0.151009
0.1480149
0.1410076
0.1268168
0.1484051
0.1300594
0.1262905
0.1375368
0.1486622
0.1544601
0.1616117
0.1447138
0.1406122
0.1246384
0.149257
0.141766
0.1805443
0.1553348
0.154619
0.1809345
0.1741692
0.1573481
0.1481055
0.1063576
0.1780728
0.1366754
0.1160103
0.1273991
0.142598
0.1217112
0.1558689
0.1312219
0.1263287
0.1491974
0.1546416
0.1526499
0.1690822
0.1487056
0.1307044
0.1470609
0.1607818
0.1609336
0.1602577
0.1627739
0.1716644
0.1732227
0.1586582
0.1859656
0.1811532
0.1807357
0.1925378
0.1921642
0.1708344
0.1782159
0.1380349
0.1654064
0.1686927
0.1577758
0.1557366
0.1508168
0.1698635
0.1431322
0.1490573
0.156768
0.1766893
0.1959296
0.1604193
0.1537979
0.1564805
0.1633636
0.1542387
0.1631725
0.1435429
0.1564716
0.162602
0.142287
0.1564106
0.1563349
0.1461782
0.1535668
0.1398994
0.164405
0.1679051
0.1665666
0.1572469
0.1571843
0.1488764
0.1442791
0.16914
0.1571711
0.15603
0.1464991
0.1657154
0.1522474
0.1661883
0.1788109
0.1512365
0.1433999
0.1530349
0.1285622
0.1514298
0.1456381
0.1578018
0.1431051
0.1233689
0.1353842
0.1436775
0.1414582
0.1400027
0.1610125
0.1657175
0.1631596
0.1667991
0.1823124
0.160224
0.1672202
0.1484515
0.1466084
0.1377164
0.1422877
0.1387171
0.1538498
0.1639067
0.1586583
0.1467899
0.1450309
0.1512181
0.1463535
0.1717712
0.1641266
0.1558889
0.169273
0.147485
0.1733203
0.164874
0.1474745
0.147328
0.1510592
0.1452865
0.1447357
0.1444046
0.1542835
0.1394142
0.1409296
0.148503
0.1340192
0.1395275
0.1744371
0.13367
0.1611761
0.1497898
0.1729381
0.1844584
0.1654033
0.1766563
0.1619208
0.1787978
0.1724905
0.1846343
0.1669277
0.1601984
0.1706723
0.2056059
0.1929279
0.165431
0.1533922
0.1789103
0.1906191
0.1911306
0.1889024
0.1958898
0.1529288
0.1827544
0.1666186
0.1733643
0.1547335
0.1780108
0.1451212
0.1572761
0.1971897
0.1560473
0.1461421
0.1318592
0.156975
0.151201
0.1547046
0.1782846
0.1670294
0.1515004
0.1360316
0.1714685
0.1573688
0.1580508
0.1733028
0.1788263
0.1516562
0.152944
0.1583415
0.1649225
0.1356757
0.1473834
0.1600652
0.139063
0.1426999
0.1302267
0.1656569
0.1580561
0.1707821
0.1574607
0.1426704
0.1423656
0.1560158
0.1685535
0.1520194
0.1509919
0.1516189
0.1538003
0.1648661
0.1490668
0.135682
0.1801679
0.1542141
0.163004
0.1891629
0.1657168
0.1697727
0.1824296
0.1792977
0.1743467
0.1803857
0.1628887
0.1740526
0.179258
0.2108132
0.1778662
0.1980755
0.1714991
0.1726883
0.1859188
0.2002572
0.185166
0.1661657
0.1763806
0.1463126
0.1436156
0.1413622
0.1504566
0.1326756
0.1555667
0.1442811
0.1551626
0.1463876
0.1499811
0.1292887
0.1268132
0.1702378
0.1393079
0.1325452
0.144545
0.1490425
0.1377295
0.1587197
0.1691952
0.1654785
0.1476615
0.1708161
0.1645719
0.1264901
0.1540966
0.1588456
0.1517284
0.137339
0.1370531
0.1437569
0.151088
0.1665078
0.1535529
0.1797869
0.1555659
0.1764306
0.1678936
0.1599062
0.1727212
0.1684246
0.1789865
0.1690983
0.1889075
0.189632
0.1795287
0.1931767
0.1675059
0.1856711
0.1883689
0.1653797
0.1798881
0.1862917
0.1740933
0.1529205
0.1722432
0.1624846
0.1781963
0.1513269
0.168933
0.1864511
0.1784696
0.1572329
0.1831878
0.1688311
0.1749868
0.1923361
0.1792769
0.1655695
0.1973168
0.1680894
0.1890073
0.1856014
0.1986406
0.197948
0.1794113
0.1967007
0.1915621
0.1975979
0.2331413
0.2044218
0.208649
0.2215515
0.2372136
0.2231878
0.1832328
0.1912398
0.1867291
0.2003485
0.1992702
0.2088946
0.1837202
0.1836877
0.2016244
0.2100798
0.1883334
0.1934952
0.1906845
0.2131594
0.207994
0.2312603
0.2183429
0.1898903
0.2216093
0.210699
0.2088212
0.182149
0.2050077
0.1931551
0.1825612
0.232603
0.2408404
0.1777205
0.1525335
0.2105713
0.186517
0.1908009
0.1899451
0.1795261
0.1751039
0.1627544
0.1703444
0.1717905
0.1950077
0.1609841
0.1665726
0.1927773
0.152554
0.1932736
0.1331936
0.1428171
0.1595117
0.1499139
0.1452087
0.1512822
0.1352523
0.1494678
0.1584546
0.1520462
0.157451
0.1601719
0.152379
0.1493041
0.1536477
0.1616904
0.1435001
0.1387554
0.1525619
0.1355069
0.1427319
0.1532973
0.1300647
0.1824153
0.1377937
0.1306985
0.1265576
0.1248281
0.1202247
0.1270179
0.1100398
0.1343225
0.1390303
0.123584
0.1319673
0.1547377
0.1375052
0.1189415
0.1354039
0.133162
0.1524543
0.1606708
0.1445526
0.1374243
0.1245263
0.1072429
0.1398604
0.1302769
0.1371703
0.1489192
0.1514075
0.1313797
0.1539983
0.1481907
0.1354722
0.1828147
0.1663955
0.1598075
0.1391982
0.1393803
0.1380922
0.1555288
0.1416909
0.1306475
0.1310513
0.1346682
0.1447957
0.1270133
0.1209827
0.123654
0.1233325
0.1143671
0.1113317
0.1031968
0.094368
0.1314858
0.1224597
0.1264556
0.1200935
0.1265437
0.1187628
0.117399
0.1356182
0.1224783
0.1454588
0.1313598
0.1542046
0.1308094
0.1320724
0.1550285
0.1499087
0.1366271
0.119385
0.1196533
0.1215179
0.1197967
0.1227856
0.1318069
0.1309873
0.1624143
0.1487094
0.1289675
0.1213892
0.1368814
0.138065
0.1327941
0.1494204
0.1319257
0.1536989
0.1349612
0.1320144
0.1418469
0.1064835
0.1368747
0.1350121
0.1155971
0.1151974
0.1140212
0.1005024
0.1219017
0.1438413
0.1607123
0.1204288
0.1420535
0.1298475
0.1399879
0.1523632
0.1460849
0.1438405
0.1477321
0.1429131
0.1214658
0.1062451
0.1340742
0.1110942
0.1469319
0.106927
0.1327967
0.1057742
0.1501531
0.1106143
0.1212859
0.1194168
0.1271706
0.1113994
0.1256537
0.1223363
0.1226259
0.1470432
0.1465861
0.1241933
0.1255262
0.159983
0.1254732
0.1406162
0.1167578
0.1409485
0.1152176
0.1303609
0.1294787
0.1366759
0.1180208
0.1503751
0.1100483
0.1259074
0.1523486
0.1292657
0.1302824
0.1114485
0.0971789
0.1160625
0.1184561
0.1274968
0.1259358
0.1020809
0.1002452
0.126675
0.1430699
0.1258582
0.1009375
0.0919247
0.1159359
0.129497
0.1117323
0.1464784
0.1159861
0.1234571
0.1264432
0.1295173
0.1254833
0.1163313
0.1211007
0.1108279
0.1260272
0.125122
0.1325763
0.1193991
0.1183124
0.123391
0.1223027
0.1297636
0.1451349
0.1309091
0.0908088
0.1146692
0.1251494
0.1367766
0.1161711
0.1545284
0.165348
0.1556961
0.1432075
0.1163201
0.126987
0.1480215
0.1178873
0.1089867
0.1376273
0.1320425
0.151152
0.1173668
0.1318519
0.1367466
0.1526257
0.1499901
0.1408936
0.1390446
0.144158
0.115227
0.1471836
0.1683653
0.1437274
0.1275748
0.1213217
0.1191158
0.1274458
0.1175026
0.1437799
0.1219258
0.1539279
0.1073813
0.1184491
0.123812
0.1371519
0.137725
0.1216146
0.1510088
0.1348906
0.1177537
0.1023033
0.1378153
0.1575452
0.1428305
0.1218525
0.1457475
0.1329446
0.1314647
0.1076543
0.1138392
0.1242118
0.1122113
0.1397155
0.1188826
0.1256167
0.1348018
0.1124164
0.1218968
0.1130525
0.1491626
0.1178348
0.1313609
0.1287636
0.1227805
0.1357511
0.1507358
0.1621319
0.1755008
0.1596193
0.1464592
0.1191939
0.1509853
0.1376097
0.1229674
0.1288613
0.121403
0.1335909
0.1283619
0.1425661
0.1657172
0.1781202
0.1610706
0.1358222
0.1091688
0.1085547
0.120199
0.1069904
0.1185146
0.1016454
0.0997069
0.1201757
0.1004823
0.1014021
0.120027
0.1183527
0.1096564
0.1330059
0.0961783
0.1125178
0.1153713
0.1313281
0.1172804
0.0842791
0.0899989
0.0987827
0.0953057
0.1169728
0.1237114
0.1020748
0.1319344
0.1270708
0.1537879
0.1367514
0.1478348
0.1346219
0.1015199
0.1588371
0.1449728
0.1423278
0.1362699
0.121201
0.1209533
0.1062284
0.1120491
0.1159278
0.1312555
0.1203564
0.1100433
0.1105767
0.1538632
0.128649
0.1392987
0.1454646
0.1234723
0.1263633
0.1081756
0.1373497
0.1415157
0.1364587
0.1075162
0.116937
0.1302513
0.125017
0.1061052
0.1129542
0.107012
0.1163753
0.0970567
0.1009451
0.1206827
0.1274338
0.1105691
0.1115354
0.1090095
0.1594236
0.142796
0.1149806
0.1181297
0.1268554
0.1160212
0.1152338
0.1012408
0.1078353
0.0964372
0.1010222
0.1001742
0.1125012
0.1465234
0.1419491
0.1477389
0.1265476
0.1184798
0.1451641
0.1500812
0.1187403
0.1526724
0.132753
0.125897
0.1730333
0.1243481
0.1776144
0.1423154
0.1231963
0.1335239
0.1194048
0.1198168
0.120527
0.1172827
0.1092259
0.1005671
0.1523928
0.1202414
0.1140764
0.1229386
0.1046855
0.1189872
0.099708
0.0999431
0.1234276
0.1269338
0.115362
0.13343
0.1370026
0.1167628
0.1172424
0.1213767
0.1186477
0.0971212
0.1214268
0.1006555
0.1134687
0.1036328
0.107518
0.1125803
0.1105632
0.1223764
0.1246072
0.115779
0.1277859
0.1105721
0.1179462
0.0946698
0.1187893
0.1308625
0.134954
0.1298567
0.1257692
0.1368915
0.1595783
0.1095995
0.1230247
0.1360608
0.1455902
0.1408476
0.1419047
0.1224926
0.1382104
0.1365967
0.1166585
0.1091021
0.1059089
0.1032158
0.1411755
0.1121702
0.088431
0.1076818
0.1246739
0.1257624
0.1148152
0.128773
0.1041617
0.1110788
0.1342292
0.0959699
0.1147576
0.1296807
0.1228221
0.1341298
0.1495499
0.14108
0.1341428
0.1475647
0.1316292
0.1138326
0.1610536
0.1212738
0.1110732
0.1407156
0.1135374
0.0936991
0.1224027
0.1184848
0.1260544
0.145304
0.1410177
0.1419592
0.1373802
0.1639492
0.1366567
0.1303466
0.1740439
0.1485953
0.1593962
0.1321992
0.1504591
0.1474518
0.1199147
0.1361118
0.1319962
0.1255838
0.1103859
0.1252116
0.1357691
0.1211778
0.1422646
0.1477532
0.1420755
0.1298981
0.1288581
0.1167064
0.1337318
0.1505619
0.1437182
0.1348878
0.1278367
0.1443063
0.1317959
0.1345924
0.1285174
0.1295991
0.0962017
0.1406654
0.1549041
0.1275716
0.1483496
0.1428925
0.1298788
0.1724225
0.168177
0.1525918
0.1578866
0.1488463
0.158308
0.1449555
0.1580671
0.1769055
0.1652091
0.1873082
0.159568
0.1365278
0.1296685
0.1837365
0.1483422
0.1654069
0.1433912
0.1378933
0.1376477
0.125058
0.1536637
0.1413793
0.1399716
0.128894
0.1860619
0.1675633
0.1457482
0.1254927
0.1416756
0.1532279
0.1643321
0.1530043
0.1580604
0.147673
0.1300119
0.1585473
0.1557461
0.1678774
0.1537411
0.1512516
0.1413719
0.1645595
0.115101
0.1034426
0.148955
0.1410662
0.1347525
0.1313197
0.1524833
0.124731
0.1176299
0.1346756
0.151166
0.1255692
0.1266165
0.133983
0.1518843
0.1346675
0.1147666
0.1707241
0.1559952
0.1403701
0.134649
0.1059179
0.1465351
0.1514011
0.1262785
0.1453701
0.1427501
0.117538
0.1209902
0.1272538
0.1246033
0.1428728
0.1356095
0.1602686
0.1540285
0.1475116
0.1373755
0.1367988
0.1455296
0.1537195
0.1501871
0.1499303
0.1581838
0.1422699
0.1496992
0.1523802
0.1467713
0.1653798
0.1480509
0.1670249
0.1599346
0.1652488
0.1410441
0.1653832
0.1555811
0.157838
0.1766263
0.1514278
0.14776
0.1513403
0.1408331
0.1501992
0.1741833
0.1488285
0.1629839
0.1647512
0.1630984
0.1799914
0.1659658
0.1865509
0.1623421
0.1340328
0.1795612
0.174686
0.1531648
0.1504704
0.1596034
0.1668494
0.1556467
0.1538025
0.1428947
0.1604114
0.1523201
0.1543005
0.2020208
0.2056246
0.2035389
0.1669077
0.1407763
0.1785851
0.1887357
0.161779
0.1884586
0.1991101
0.184735
0.2043995
0.1829582
0.1929344
0.1622063
0.1801417
0.1793305
0.1957202
0.1678433
0.1857802
0.1838539
0.1658502
0.1604348
0.1472693
0.1584955
0.1948131
0.1532724
0.1661479
0.1737133
0.1660842
0.1768284
0.1726674
0.1483165
0.1978617
0.1749961
0.1634632
0.1605074
0.1768013
0.2138472
0.1594223
0.1858792
0.1689401
0.1661679
0.2089017
0.1635027
0.1885804
0.1745026
0.1916024
0.1875291
0.1865804
0.1591867
0.1753198
0.1717025
0.1887485
0.1646427
0.171605
0.1739288
0.1768258
0.1836229
0.1971029
0.1865801
0.1837758
0.181878
0.1909069
0.1804285
0.1763977
0.1597577
0.1989438
0.1722284
0.1765366
0.176234
0.1836154
0.1632195
0.1649091
0.1751751
0.1757003
0.1528454
0.163249
0.1420495
0.1655402
0.1730953
0.1673822
0.1775233
0.1494695
0.1426242
0.1781566
0.1851768
0.1631631
0.1821377
0.1645658
0.2014211
0.174959
0.1743414
0.1781201
0.1854729
0.1946356
0.17725
0.1505793
0.1663481
0.1838198
0.1764462
0.1582522
0.1603387
0.181085
0.1773566
0.1509061
0.2037673
0.1760769
0.1914675
0.2153951
0.2080382
0.1794277
0.1942609
0.224281
0.2155498
0.2061344
0.2213994
0.2055733
0.1703764
0.166472
0.1906951
0.2014417
0.1755903
0.1557796
0.1446318
0.1638521
0.1658237
0.168906
0.1447992
0.1942385
0.1633535
0.1720328
0.1476748
0.1735585
0.1982945
0.1568323
0.1694758
0.1592686
0.1544749
0.1681724
0.1648102
0.169019
0.1681993
0.1748433
0.1811163
0.1747512
0.1634334
0.172002
0.1592328
0.1659108
0.1554457
0.1703209
0.1676023
0.1655097
0.156134
0.1635855
0.1567419
0.1704771
0.1872734
0.1468708
0.1530214
0.1487891
0.153619
0.1339866
0.1522355
0.1447802
0.1469554
0.1597399
0.1416292
0.1492072
0.1527062
0.1640175
0.1571657
0.1449929
0.1408127
0.1620543
0.1711997
0.1575921
0.1783695
0.1704293
0.1634664
0.1716374
0.1804781
0.2056202
0.1931415
0.1952102
0.1488487
0.1716456
0.1410844
0.199715
0.1476273
0.1682179
0.1509966
0.1469568
0.1746027
0.1474669
0.1255216
0.1596938
0.1370226
0.1739065
0.1703722
0.2072772
0.196069
0.1812017
0.1656049
0.1377306
0.1657229
0.1653538
0.1784403
0.1971647
0.1888588
0.1729521
0.1311246
0.1422679
0.1758438
0.1204057
0.1740327
0.1750143
0.163712
0.1559541
0.1559079
0.1450672
0.152286
0.154845
0.1240146
0.1371339
0.1516466
0.194345
0.1750886
0.184732
0.1938063
0.223611
0.1945154
0.1920155
0.1869379
0.1870857
0.1866448
0.1666974
0.1814185
0.1803444
0.1832332
0.1511514
0.1876995
0.1781606
0.1563036
0.1768972
0.1904988
0.1674137
0.1864897
0.1753843
0.174404
0.1731434
0.1735267
0.168631
0.163994
0.1558349
0.1843078
0.1535836
0.1482484
0.1807291
0.1633539
0.1734113
0.162988
0.1644885
0.1758044
0.179611
0.1677275
0.1579881
0.1686605
0.1656283
0.1913058
0.1598745
0.1628423
0.1921152
0.2071592
0.1742987
0.1717291
0.1880776
0.1626475
0.1911976
0.1691246
0.2003521
0.1794552
0.1763158
0.1492559
0.1655654
0.1521882
0.1636722
0.1535934
0.1686422
0.1701694
0.1377925
0.1586827
0.1748511
0.1787541
0.140029
0.1488177
0.1767463
0.1655881
0.1548659
0.1799046
0.1586854
0.1869637
0.1842104
0.1716062
0.1535531
0.1882077
0.2028995
0.1712671
0.1632722
0.1369803
0.1630572
0.178203
0.1620808
0.1882439
0.1658801
0.1580672
0.1635448
0.1870678
0.183988
0.1443732
0.1472658
0.162646
0.1406529
0.1463127
0.1558426
0.1618802
0.1484636
0.159774
0.1352032
0.1379894
0.1631893
0.1433273
0.1325188
0.1851477
0.1667965
0.1553549
0.1495554
0.1721192
0.1589383
0.1650585
0.1624197
0.1657954
0.1581411
0.1724864
0.1380763
0.1690295
0.1460444
0.1349357
0.1836293
0.1593943
0.1648805
0.1577579
0.1391587
0.1487118
0.1486628
0.1521192
0.1529152
0.1671305
0.1174962
0.176358
0.170633
0.1711837
0.1688695
0.1847004
0.1794231
0.1574237
0.1771696
0.1591203
0.1776261
0.1522758
0.159129
0.1667489
0.1662774
0.1755071
0.2079146
0.2018869
0.1770164
0.1702625
0.163391
0.1537032
0.1713506
0.1936479
0.1935211
0.2250051
0.1673235
0.1816935
0.1897307
0.1907379
0.1713029
0.1377964
0.1591893
0.1602651
0.1677355
0.1223404
0.1678154
0.1474857
0.1491931
0.1371686
0.1535313
0.1876866
0.1585601
0.1604597
0.1618836
0.1444962
0.1690439
0.1392363
0.1184361
0.1354793
0.1464301
0.18697
0.1435429
0.1484385
0.1674797
0.1603214
0.1864993
0.1965997
0.1295657
0.1615313
0.1655189
0.1571417
0.1587285
0.1518177
0.1497012
0.1683813
0.160034
0.1607671
0.1488478
0.1588085
0.1601138
0.1504155
0.1664852
0.144225
0.1536824
0.1566808
0.1581923
0.1322009
0.1581651
0.1231234
0.1530476
0.1504164
0.1698796
0.1617895
0.1648569
0.1336589
0.1803334
0.1327972
0.1656393
0.1682765
0.1696403
0.1715672
0.1488378
0.164632
0.1727972
0.1550977
0.1351714
0.1346777
0.1551328
0.1579633
0.141435
0.1628969
0.1464461
0.1549554
0.1611899
0.1378959
0.1649139
0.1590551
0.1841811
0.1738247
0.1325752
0.1439468
0.1572754
0.1291933
0.1292489
0.132941
0.1984963
0.1460935
0.1214891
0.1576206
0.1208656
0.090251
0.1332658
0.1245962
0.1255619
0.1165826
0.1170711
0.1310014
0.1238689
0.0969404
0.1128165
0.1217299
0.1096184
0.1418457
0.1422619
0.1319924
0.1517325
0.1294876
0.1281651
0.1102688
0.1099324
0.1372678
0.1588747
0.1261343
0.125902
0.1131012
0.1013434
0.0962608
0.099366
0.0984515
0.1229519
0.1186432
0.1192231
0.1285374
0.1110784
0.1465613
0.1319521
0.1374399
0.1405519
0.177704
0.144047
0.128299
0.1556142
0.1284898
0.1359963
0.1364251
0.135472
0.149227
0.1350206
0.1848196
0.1353501
0.1471804
0.1216703
0.138605
0.1408679
0.1340059
0.1483338
0.1574095
0.1390276
0.1418676
0.1387366
0.1521711
0.1687628
0.1393392
0.1320985
0.1396176
0.1588814
0.1486183
0.1567607
0.137379
0.1272558
0.1144329
0.1356055
0.123099
0.1470345
0.1276907
0.1332879
0.1357867
0.1387723
0.1333864
0.1399259
0.119075
0.1386835
0.1195253
0.1227453
0.1326795
0.1440998
0.1199776
0.139681
0.1257911
0.1202027
0.1352138
0.1333854
0.1225479
0.1439537
0.11403
0.1301884
0.1421202
0.15479
0.1296403
0.149442
0.1442305
0.1618548
0.1348187
0.1444518
0.1423961
0.1529528
0.1611428
0.1460281
0.1529423
0.1509511
0.1084778
0.1272662
0.1425088
0.1442289
0.1249038
0.1233204
0.1163088
0.1090741
0.1058288
0.121518
0.111649
0.1164958
0.1157928
0.1250839
0.1136585
0.1249578
0.1280794
0.1575211
0.1190633
0.1611309
0.1679442
0.1471968
0.1582198
0.1321808
0.1488886
0.1465165
0.136887
0.1368226
0.1513156
0.1398668
0.1546775
0.1324941
0.1313442
0.104747
0.1281645
0.1383367
0.1263712
0.1227933
0.1301509
0.1309409
0.1241901
0.1382197
0.1403573
0.1444766
0.1730414
0.1413055
0.1406355
0.1392407
0.1375353
0.1665254
0.1390133
0.1643363
0.1317893
0.1587444
0.1322695
0.15176
0.1358047
0.1311769
0.1235438
0.1394384
0.1377642
0.1358303
0.1340683
0.1122014
0.1357338
0.1113956
0.1281337
0.1554767
0.1264628
0.123596
0.1218351
0.1267626
0.1653471
0.1485242
0.1651662
0.1474826
0.1650652
0.1308374
0.1160745
0.1512495
0.1561973
0.157289
0.1804876
0.1513017
0.1258265
0.1446956
0.1439951
0.1324872
0.1308651
0.1202669
0.1473621
0.1380513
0.1355733
0.1329855
0.1253158
0.1334416
0.1312266
0.1225358
0.139056
0.1112226
0.133787
0.1473593
0.1502616
0.1505384
0.1585284
0.156129
0.1430129
0.15809
0.1458445
0.1392003
0.1408784
0.1424762
0.1346401
0.1389583
0.1606197
0.1382069
0.1540152
0.1457598
0.1738919
0.1559761
0.1292041
0.1592773
0.1385969
0.1465815
0.1627911
0.1518477
0.1473242
0.1411167
0.1409668
0.1490783
0.1604782
0.1493774
0.1420245
0.1525418
0.1611339
0.1500466
0.1754072
0.1625993
0.1524482
0.1540414
0.1797191
0.1503004
0.1528477
0.1377787
0.1320204
0.142111
0.1635036
0.1935341
0.1542836
0.138529
0.1336568
0.1300486
0.1479486
0.1294516
0.1347296
0.1427152
0.1420072
0.1435071
0.1446496
0.1376439
0.1259876
0.1342917
0.1180159
0.1345049
0.1398473
0.1331754
0.139193
0.1448928
0.1492905
0.1489314
0.1326553
0.154936
0.1429346
0.1267593
0.1433702
0.1475533
0.1449685
0.1252687
0.1425235
0.1110466
0.137555
0.1300613
0.1519223
0.1416904
0.1372002
0.1668858
0.1620358
0.1500329
0.1798579
0.1730213
0.1689243
0.1511896
0.145891
0.1464641
0.1688052
0.1458459
0.1837922
0.1526828
0.1690348
0.1753055
0.179312
0.1771818
0.168733
0.1243776
0.1820144
0.1543087
0.1440286
0.1755842
0.1429747
0.1443104
0.1624242
0.1491032
0.1526674
0.1647843
0.1697495
0.1608165
0.1632754
0.1677362
0.1911042
0.174496
0.1710766
0.1615953
0.1501981
0.1460127
0.1593135
0.1566986
0.1278049
0.1490898
0.1305187
0.1441074
0.1956535
0.1504684
0.1624531
0.1410367
0.1488623
0.1571861
0.158499
0.1429474
0.1452218
0.1379654
0.1463941
0.1585692
0.1658409
0.1679338
0.1410014
0.1988609
0.1569075
0.1582391
0.1460282
0.1409762
0.1626694
0.124779
0.1737463
0.1358365
0.1581872
0.1392739
0.1331187
0.1492747
0.1517977
0.1423313
0.146112
0.1713169
0.130546
0.1450183
0.1366164
0.1470092
0.1148
0.1492459
0.1618586
0.1355921
0.1451844
0.1462063
0.1186828
0.1319794
0.1357298
0.1358206
0.1595782
0.1779749
0.1604435
0.1766036
0.1781567
0.1659823
0.1568581
0.1595066
0.1746872
0.1595697
0.145826
0.1639418
0.1729363
0.1627734
0.1605307
0.2007367
0.1819811
0.1769336
0.1812976
0.1764565
0.1927645
0.186986
0.1610715
0.1529331
0.1287949
0.1342082
0.142093
0.1436946
0.1401894
0.1392538
0.1520759
0.1145552
0.1302615
0.1377778
0.1268944
0.1497026
0.1549619
0.1199602
0.1319016
0.1319469
0.1117718
0.1179787
0.1325099
0.1426416
0.1403611
0.1648836
0.1674253
0.178101
0.1645997
0.1632151
0.1586126
0.1615419
0.1579716
0.1588223
0.1633708
0.1363695
0.1400067
0.1496876
0.1370002
0.1397822
0.1802632
0.1731984
0.1489752
0.1727014
0.1342165
0.1478251
0.1528747
0.1702394
0.1581505
0.1552061
0.1521676
0.1563675
0.1677249
0.1458182
0.1371788
0.1744874
0.1143696
0.1391123
0.1358041
0.1351057
0.1286463
0.1412795
0.1367773
0.1258219
0.1173576
0.1386164
0.1417292
0.1425733
0.1217224
0.1445933
0.1333332
0.1114492
0.1398992
0.1204413
0.112585
0.1134972
0.1592266
0.1231366
0.1367107
0.131291
0.1498163
0.1640661
0.1750736
0.1573312
0.1602958
0.1488664
0.1748278
0.1541223
0.1691985
0.1830926
0.1766247
0.1544256
0.181656
0.1683914
0.1555381
0.1660511
0.1580878
0.1571231
0.1797485
0.1794745
0.1490857
0.1390841
0.1619355
0.1618353
0.1331707
0.1176229
0.1315202
0.123246
0.1534471
0.1410301
0.1456215
0.139356
0.1525647
0.1351881
0.1506696
0.1252519
0.1294208
0.1578899
0.1508944
0.152265
0.1600132
0.1526609
0.1359389
0.1311352
0.1534344
0.1667891
0.1582446
0.1635246
0.1761192
0.1567286
0.1442976
0.1621623
0.1616593
0.1723202
0.1946552
0.164636
0.1312464
0.1547205
0.1120683
0.127057
0.1328895
0.1565627
0.1233059
0.162842
0.1316354
0.1267207
0.1366118
0.1462593
0.1434149
0.1373221
0.170221
0.1825253
0.1849819
0.1750378
0.1508223
0.1581583
0.1599226
0.166996
0.1901956
0.2058675
0.2156112
0.206309
0.1668237
0.1896138
0.1688
0.1794794
0.1619233
0.1773151
0.184437
0.1930021
0.1947515
0.1762145
0.1857115
0.1855853
0.1908314
0.1832603
0.1970215
0.1846551
0.2306412
0.2045232
0.1892786
0.2050887
0.1945751
0.1945224
0.1684736
0.1884014
0.189442
0.1730274
0.2034937
0.177071
0.2028131
0.1979894
0.1876908
0.1721008
0.1864893
0.1888825
0.2057707
0.2184495
0.1697534
0.1574019
0.2020821
0.1800975
0.171715
0.184455
0.1722527
0.1799291
0.1746208
0.1776411
0.2000618
0.1751193
0.1627588
0.1755974
0.200899
0.1427432
0.1547873
0.172323
0.1790007
0.1573591
0.1729141
0.1524848
0.1851422
0.1978169
0.1523514
0.187499
0.1938226
0.1763237
0.2065249
0.1878424
0.1924715
0.187026
0.1601501
0.1553157
0.1627142
0.189772
0.1747833
0.214782
0.1753462
0.1866607
0.2139008
0.1815768
0.184796
0.1697509
0.2084335
0.1967269
0.1888491
0.1858766
0.1703127
0.1935633
0.2042497
0.2111658
0.1457133
0.1804437
0.1726931
0.1658489
0.1588851
0.1683175
0.201251
0.2203276
0.2033819
0.2095125
0.1770522
0.191971
0.2010588
0.1910176
0.2073078
0.1800444
0.1795037
0.1786371
0.2042078
0.1925342
0.2023138
0.1738491
0.1800905
0.1753796
0.1914858
0.1925809
0.1749403
0.1579308
0.1918609
0.1872564
0.1880664
0.1889335
0.1529934
0.1865631
0.210686
0.1927858
0.188292
0.1827309
0.1704069
0.1537639
0.1717486
0.2061475
0.2159448
0.173769
0.1908623
0.1656543
0.1679256
0.1637732
0.1786217
0.1794107
0.1660326
0.1639438
0.1603378
0.1818556
0.1937014
0.1451327
0.1778157
0.1768091
0.1741505
0.1916007
0.1684767
0.1699302
0.1784225
0.1953795
0.1558157
0.1592695
0.18184
0.1662525
0.2087247
0.1726516
0.1982267
0.1902849
0.1615392
0.1809212
0.1643402
0.1911099
0.1730038
0.1544767
0.1636289
