0.3077566
0.3395936
0.29455
0.3098924
0.318296
0.3520314
0.3200559
0.3693438
0.2887822
0.3164677
0.3834899
0.3793487
0.4205702
0.429711
0.4499359
0.4268208
0.4444909
0.4148323
0.4616034
0.3981834
0.4472608
0.4184737
0.4199874
0.423625
0.4153075
0.4523174
0.4401607
0.4261082
0.4076099
0.4408961
0.4219523
0.4448115
0.4138018
0.4552641
0.4299802
0.3853309
0.3987181
0.3888086
0.3637723
0.4304458
0.3809319
0.4371249
0.3863495
0.4462936
0.4221724
0.4007036
0.396213
0.381856
0.4284654
0.355386
0.3739982
0.4489146
0.3950455
0.3584194
0.3670875
0.4175176
0.461559
0.4216085
0.3978969
0.3867603
0.3943426
0.3908414
0.3997472
0.4545746
0.3632694
0.3904279
0.4178556
0.3737261
0.3797859
0.3731415
0.3668017
0.326544
0.3695027
0.3938518
0.3857126
0.4022099
0.3701873
0.3921631
0.3429205
0.3829361
0.3557496
0.3806726
0.3654844
0.3756204
0.35621
0.3868742
0.3672144
0.3295191
0.3877249
0.3864008
0.3797168
0.3544357
0.364804
0.3479663
0.371356
0.3851085
0.3218668
0.3495621
0.414188
0.4047354
0.4210624
0.4445232
0.4043317
0.4111908
0.3829581
0.3917528
0.3590191
0.3630395
0.4108339
0.4180379
0.3708425
0.4092577
0.4349623
0.4314182
0.3878283
0.4353546
0.4244621
0.3768761
0.4220481
0.3691717
0.4226255
0.3931092
0.3998059
0.3993815
0.4105967
0.4021715
0.3883193
0.3902348
0.3806451
0.4025659
0.3955219
0.3950412
0.3800382
0.4033719
0.374579
0.3705787
0.36525
0.3961242
0.3992977
0.3593305
0.3512498
0.3529006
0.3887176
0.3496375
0.3524384
0.369389
0.3530222
0.3633342
0.3553055
0.342682
0.3817366
0.4103424
0.3898931
0.3964796
0.3956397
0.3719561
0.392132
0.4181165
0.4409229
0.3978903
0.3955007
0.4328798
0.4126927
0.4367571
0.3827871
0.4266052
0.3747644
0.4085517
0.3927802
0.4093983
0.4069925
0.3866395
0.3951458
0.3828581
0.3750025
0.3977252
0.3712662
0.3426537
0.3667428
0.4147117
0.4270576
0.3933555
0.418432
0.4080874
0.409926
0.3961955
0.3718092
0.4078731
0.4031064
0.382282
0.3942524
0.3906694
0.4026041
0.3782753
0.4038512
0.4330465
0.4467218
0.4484091
0.4138982
0.4148203
0.4159209
0.4157654
0.429637
0.4475229
0.4348841
0.3928925
0.3930224
0.4233083
0.3755512
0.3993345
0.3799875
0.4087692
0.4112516
0.4102367
0.3627739
0.4030362
0.3989761
0.4040884
0.4051284
0.3792152
0.3869848
0.4015552
0.3767023
0.4340604
0.4528711
0.4000831
0.4123187
0.4188941
0.4220996
0.3712729
0.3664146
0.3824983
0.3970722
0.399446
0.4011237
0.4165425
0.3971995
0.4029887
0.393279
0.4042457
0.3901808
0.3867899
0.3828257
0.3380392
0.4206353
0.4068193
0.3673503
0.3830616
0.3740349
0.3805355
0.3807708
0.4089017
0.3694568
0.3708254
0.3814496
0.3936154
0.3459925
0.3850463
0.3549574
0.3441028
0.3165568
0.377313
0.3641019
0.3839233
0.3858905
0.4105286
0.3731009
0.3982892
0.4178752
0.3946597
0.3940324
0.3928944
0.3604353
0.3894821
0.4130146
0.3857323
0.3855679
0.4161257
0.3854053
0.4284334
0.397515
0.3989034
0.3929905
0.4382359
0.3881994
0.3937566
0.401459
0.4017667
0.4088936
0.3739495
0.3945465
0.3858733
0.3925252
0.4156398
0.3935147
0.4069999
0.3637228
0.3863063
0.4373803
0.3813469
0.4079445
0.3928322
0.3726949
0.4063699
0.399265
0.3927933
0.4365068
0.3986305
0.4045719
0.4121371
0.4080451
0.3920474
0.3583812
0.3776187
0.3638363
0.3856372
0.3671285
0.3754469
0.4151408
0.375529
0.3608652
0.4003085
0.4201015
0.4190543
0.3787832
0.4115831
0.3644561
0.3922873
0.3901393
0.3949066
0.4025358
0.385565
0.3876987
0.3975308
0.4329114
0.4464441
0.4018536
0.4101363
0.4307195
0.3912063
0.372179
0.4568445
0.383482
0.3943479
0.3669286
0.3893033
0.425567
0.4026505
0.4096673
0.4068845
0.3581749
0.3142034
0.3550437
0.3541555
0.3540581
0.3360384
0.3688251
0.3774681
0.3508799
0.3602452
0.3261453
0.3272181
0.3372609
0.3450422
0.3226488
0.3673909
0.3634183
0.350396
0.3552802
0.3562734
0.3658387
0.3457647
0.3334966
0.3287586
0.3295836
0.3415459
0.358665
0.3912654
0.3317316
0.3500907
0.3278217
0.3698435
0.406414
0.341235
0.3606279
0.3686549
0.3641722
0.3541533
0.3570813
0.3530835
0.3506258
0.3549365
0.3636881
0.3416122
0.3448796
0.341121
0.3769084
0.3622701
0.3761081
0.3526547
0.399697
0.3694293
0.3754742
0.3509223
0.3745013
0.3513609
0.3544981
0.357587
0.3479261
0.3472136
0.3663367
0.3737235
0.3527162
0.3664002
0.362408
0.3721207
0.4048816
0.3487786
0.3785038
0.3450329
0.3534298
0.3923148
0.3685155
0.3808597
0.3780068
0.3824314
0.3863066
0.3841736
0.3776506
0.3944031
0.3717604
0.3944075
0.3872104
0.4012212
0.3779096
0.3556641
0.3951733
0.3511075
0.3447471
0.3438644
0.3693267
0.3423277
0.3726488
0.3739997
0.3586228
0.3603312
0.4032768
0.3547705
0.4228734
0.4110581
0.3703258
0.381055
0.3601232
0.3861566
0.36608
0.3667592
0.3839002
0.4134474
0.4125157
0.3702078
0.3511463
0.3511592
0.3378401
0.3537723
0.3671714
0.3555825
0.3404853
0.3881852
0.3552973
0.3527032
0.3812661
0.362673
0.3481747
0.3524166
0.375835
0.325112
0.3738008
0.3840229
0.3604451
0.35233
0.3542381
0.386549
0.3896619
0.3565751
0.3566431
0.3712499
0.3898043
0.3644216
0.3617601
0.3846477
0.3686905
0.3365912
0.3448406
0.3439689
0.348358
0.3277131
0.3777865
0.3459775
0.3435539
0.3604354
0.3675822
0.39337
0.4027073
0.3402535
0.3485478
0.367061
0.3600646
0.3800523
0.3658066
0.3848673
0.3626094
0.3569542
0.3551716
0.355985
0.3625665
0.3161245
0.3406059
0.3358967
0.3121383
0.3227381
0.3334713
0.3304207
0.3413577
0.3319575
0.3656276
0.3585715
0.3731016
0.3803841
0.3834245
0.3810055
0.3709029
0.3783011
0.3825392
0.3692029
0.3889036
0.3599398
0.3407543
0.3690692
0.3647207
0.4377693
0.394872
0.3831734
0.4363556
0.4269952
0.4104231
0.4328171
0.3756339
0.3850029
0.3871786
0.3696139
0.4302225
0.3655821
0.4276204
0.4174773
0.4084208
0.4135421
0.3817603
0.3800472
0.3879508
0.4139671
0.3728657
0.4389131
0.4611873
0.4803116
0.458284
0.4412387
0.4488493
0.4673972
0.4861722
0.4152761
0.3864702
0.3879822
0.4139737
0.4346285
0.415654
0.4353067
0.4415497
0.4854169
0.4568899
0.4018415
0.4297762
0.4093843
0.4383933
0.4247225
0.4724051
0.4326124
0.4050705
0.4154511
0.3952599
0.4317872
0.4213593
0.4388318
0.4449945
0.4209489
0.4126491
0.4240309
0.3930173
0.4352189
0.4015067
0.3888794
0.4604163
0.4688857
0.4528972
0.4512388
0.4328103
0.4198178
0.4232077
0.4157583
0.4553606
0.443967
0.4450495
0.4029387
0.4554111
0.4199868
0.4562337
0.3925712
0.3932562
0.4040385
0.425597
0.4123684
0.4177937
0.4452637
0.4621443
0.4312299
0.4215348
0.4328777
0.4037713
0.3882451
0.3977509
0.3787942
0.4215391
0.4040246
0.4036971
0.3722586
0.375213
0.348399
0.3831001
0.3375155
0.3808601
0.3549828
0.3720884
0.3917112
0.4006749
0.4249491
0.457533
0.4887721
0.4850531
0.4651638
0.4568041
0.4922076
0.4510334
0.4567051
0.433815
0.456617
0.4622478
0.4690751
0.4462738
0.4464409
0.441503
0.4440625
0.4565437
0.4193276
0.4397399
0.4486214
0.4317678
0.4009815
0.4175937
0.3969615
0.4424152
0.4384592
0.4408916
0.4275989
0.4410749
0.4469301
0.4330642
0.3862536
0.4182703
0.407262
0.4158191
0.4424787
0.4220737
0.4494181
0.4223154
0.4294963
0.4456004
0.4523414
0.4562883
0.4902366
0.4428346
0.4709701
0.4335397
0.4604556
0.4571553
0.4193651
0.444198
0.4266201
0.4353534
0.4490025
0.4751141
0.4559835
0.4700156
0.4452808
0.4789485
0.4823227
0.460541
0.5264093
0.501052
0.5190748
0.5183332
0.5360544
0.5497971
0.5118967
0.5308639
0.4926568
0.5042899
0.4858502
0.507835
0.5453122
0.5149151
0.4783638
0.5001352
0.5247501
0.5326475
0.4865676
0.562542
0.5367129
0.5282387
0.5182443
0.5442966
0.5320116
0.5412534
0.5516335
0.5052153
0.5495332
0.4816279
0.5197185
0.5243477
0.5378248
0.4971958
0.4831631
0.4672289
0.4724449
0.5045412
0.5435722
0.4777729
0.5049379
0.4552552
0.4737083
0.4518945
0.425272
0.4124079
0.4595096
0.4488755
0.4938779
0.4741228
0.4646403
0.5006468
0.4822658
0.4930901
0.476052
0.4715093
0.4950748
0.5074661
0.5023791
0.4645469
0.4615175
0.506835
0.4553894
0.4404944
0.4801542
0.4417115
0.4323128
0.4660256
0.4607699
0.4499551
0.4719904
0.475574
0.4720019
0.4012154
0.4725361
0.4669046
0.4581016
0.4515224
0.4791427
0.4667023
0.4599716
0.471513
0.4209866
0.469909
0.4614629
0.4583203
0.4908295
0.4639552
0.4633039
0.4697342
0.4721547
0.4859129
0.4477314
0.4947892
0.4853857
0.4924614
0.4860465
0.5051481
0.4827336
0.4830604
0.4257038
0.4744912
0.5340933
0.534484
0.5411401
0.5209236
0.5039862
0.5212216
0.5259113
0.5046074
0.4597603
0.5017425
0.5414726
0.492553
0.4621943
0.5159364
0.4920782
0.5049722
0.4671904
0.5194098
0.5143951
0.5231895
0.5243974
0.5121517
0.542294
0.5302089
0.4800961
0.4937025
0.5040572
0.5326069
0.4963221
0.5002342
0.5387986
0.5170073
0.5002739
0.5256184
0.5073836
0.4732729
0.4895526
0.4744093
0.4973632
0.4541534
0.4936385
0.4988262
0.4815072
0.4714309
0.4495342
0.4597619
0.4519681
0.4802589
0.4304431
0.4453293
0.4142776
0.443283
0.4265112
0.4497176
0.4671173
0.4439164
0.4569684
0.4509246
0.4037404
0.4498321
0.4024341
0.454288
0.4401461
0.404626
0.4190989
0.4528804
0.441075
0.4480899
0.4541852
0.4469371
0.4293396
0.4765998
0.4449313
0.4737574
0.4397584
0.4435153
0.4693111
0.4391839
0.4111702
0.4365928
0.4639854
0.4743629
0.452733
0.473259
0.4478314
0.4763207
0.4385707
0.5134929
0.459989
0.4251083
0.4354798
0.4656657
0.4959431
0.4690651
0.4881063
0.464101
0.4591568
0.4350782
0.4782425
0.4429184
0.4572358
0.4451429
0.4359904
0.4626239
0.4713392
0.3909996
0.419076
0.4278968
0.4377418
0.4264253
0.4468488
0.4508521
0.4554621
0.458865
0.4495168
0.4495757
0.4435607
0.4324691
0.4599083
0.4248947
0.4335853
0.4644161
0.4299133
0.4155914
0.4248921
0.4492315
0.4433368
0.4285668
0.4358164
0.4726425
0.4610911
0.481229
0.4719036
0.5022403
0.4597004
0.483191
0.4100239
0.4578534
0.4950897
0.49985
0.4496744
0.4617406
0.4526372
0.4592549
0.4752148
0.4605947
0.454957
0.4481081
0.4881511
0.4035659
0.4750691
0.4632702
0.485993
0.4579662
0.423103
0.4569962
0.4569646
0.4549541
0.452204
0.4258632
0.4461626
0.404607
0.4879077
0.4728034
0.4022164
0.4283481
0.3803065
0.3976701
0.4185649
0.409966
0.4473909
0.4370828
0.4289699
0.3665524
0.4100182
0.4069991
0.4304637
0.3926657
0.4458711
0.4366191
0.4422528
0.4438822
0.4558536
0.4453608
0.4094504
0.4500599
0.4672618
0.4532037
0.4238057
0.418854
0.4092735
0.4287029
0.4278099
0.4367262
0.4272062
0.4357617
0.3828999
0.3960884
0.3883894
0.4454256
0.3758765
0.4369662
0.4505192
0.4226437
0.4722705
0.4605967
0.4212612
0.422986
0.4453378
0.4456728
0.4503193
0.4837658
0.4683039
0.4909923
0.482428
0.4917859
0.4787867
0.4142043
0.4687545
0.4667731
0.4821078
0.4708058
0.4695211
0.440383
0.4688587
0.4403814
0.4561643
0.4588273
0.429963
0.4219369
0.4284829
0.427685
0.4791998
0.4420822
0.4385239
0.4278532
0.4359236
0.4106355
0.4304754
0.4481507
0.4310298
0.4452987
0.4266928
0.4206327
0.4332974
0.4420362
0.4233592
0.486078
0.4329846
0.4457928
0.5090726
0.4416164
0.4716795
0.4519151
0.4774445
0.4915395
0.4579673
0.4487538
0.4632868
0.4509329
0.4526528
0.4938267
0.4522645
0.4630097
0.4542986
0.4602202
0.4892704
0.4331132
0.4348622
0.4020918
0.3970399
0.4262203
0.4027165
0.4115471
0.4233461
0.4149865
0.4815869
0.4765735
0.4872624
0.4300421
0.438421
0.4606645
0.4779913
0.4595357
0.4677893
0.4419622
0.4599358
0.4411318
0.461019
0.4579009
0.4377886
0.4655049
0.4222966
0.4688312
0.4834715
0.4424189
0.4276622
0.476348
0.4685338
0.462478
0.4035125
0.4668002
0.4575462
0.4135287
0.4891713
0.485982
0.4401073
0.4792495
0.4283479
0.4426369
0.440579
0.4136117
0.452811
0.4352728
0.4378087
0.4194044
0.460091
0.4681368
0.4458743
0.4306271
0.4343117
0.4293899
0.4442572
0.4497521
0.4280405
0.4448255
0.449308
0.4538948
0.4579876
0.4660379
0.4727608
0.4837713
0.484382
0.4622342
0.4648638
0.5119884
0.4455453
0.4640063
0.4735675
0.4436129
0.4494005
0.4379706
0.4291239
0.4620618
0.4171281
0.4703358
0.4341336
0.4121012
0.4340861
0.4653285
0.4447132
0.4000424
0.4512959
0.4140147
0.4249761
0.4288374
0.4317748
0.4414873
0.4504207
0.400135
0.403071
0.4092564
0.4362529
0.3933294
0.4292907
0.4030792
0.4299542
0.4020236
0.4417401
0.3910652
0.4203516
0.3848094
0.4050585
0.4271962
0.4484017
0.400706
0.4342321
0.4106436
0.4210312
0.3972258
0.4649002
0.4203194
0.3891636
0.4107319
0.4163646
0.404442
0.4226943
0.399435
0.3962096
0.4003769
0.3764018
0.4084854
0.3853513
0.4276907
0.3800225
0.3858935
0.4086839
0.3908281
0.3811987
0.3915627
0.3462579
0.327461
0.3588683
0.3536962
0.3527701
0.3564778
0.3801023
0.3873764
0.3656579
0.3467786
0.3677681
0.3391255
0.4011779
0.3669274
0.3689941
0.3492347
0.3820653
0.3874604
0.3442154
0.4262972
0.4146373
0.432924
0.3971545
0.3821073
0.4034126
0.3871902
0.395225
0.4277894
0.4161316
0.3872963
0.4180831
0.4526201
0.4144621
0.3978294
0.4231521
0.4466373
0.4370878
0.4772581
0.4478528
0.4356138
0.4140186
0.4141372
0.4382278
0.4355712
0.4438765
0.422697
0.4322187
0.4284243
0.4341006
0.4226708
0.4432848
0.449474
0.4987661
0.4265983
0.4063134
0.4185675
0.4157833
0.424993
0.4316129
0.4102705
0.4241048
0.4430847
0.4779516
0.4730442
0.4705902
0.4946083
0.4708748
0.4552411
0.4317969
0.5066122
0.4655442
0.4851934
0.4521541
0.427339
0.4769331
0.4554607
0.4824859
0.4522028
0.4874916
0.4725153
0.4418768
0.4539803
0.4277542
0.4860003
0.458858
0.4951482
0.4774086
0.465608
0.4810379
0.4605979
0.4605258
0.4225097
0.4401518
0.4260446
0.505323
0.4720263
0.5037246
0.4430319
0.4547528
0.475053
0.4014223
0.463955
0.4413988
0.4455537
0.3912521
0.4394597
0.3895517
0.3788932
0.4367873
0.4184473
0.463749
0.4120102
0.4501411
0.4198465
0.4376
0.4092116
0.4590799
0.496893
0.4537778
0.399919
0.4249292
0.4096173
0.4077471
0.4092258
0.4056453
0.4266746
0.4187473
0.3983574
0.4399484
0.4228966
0.425117
0.4501308
0.4286907
0.4196112
0.4571041
0.4662396
0.4071915
0.4080339
0.4184833
0.3983718
0.3930728
0.4091277
0.4410355
0.4240232
0.4182963
0.4527982
0.4130037
0.4229048
0.4701613
0.4482228
0.4698221
0.4661401
0.4246721
0.44306
0.4762785
0.3881918
0.4326314
0.4174913
0.3973575
0.4595725
0.4092686
0.4202071
0.3882528
0.4568815
0.4188325
0.4153616
0.4333629
0.4145269
0.4210212
0.3935338
0.4350303
0.4114228
0.3949784
0.4031477
0.3826684
0.4440093
0.4094104
0.406007
0.3914875
0.4086268
0.408412
0.4252889
0.4201074
0.4196439
0.4138863
0.4294774
0.4108672
0.423851
0.44048
0.3941078
0.4192709
0.3913738
0.4132124
0.3503232
0.4290709
0.4379865
0.4306711
0.4038302
0.4163603
0.3931307
0.3935904
0.3807312
0.4205877
0.3919823
0.4104281
0.4692244
0.458665
0.4626411
0.4056877
0.4234274
0.5007583
0.4512005
0.4707783
0.4569676
0.4205261
0.4604595
0.4477906
0.4693487
0.4722439
0.4824878
0.4864136
0.4238272
0.4694015
0.4707552
0.4703026
0.4723381
0.514747
0.4647325
0.4270275
0.4341224
0.4675218
0.4514884
0.4325067
0.4058315
0.4896792
0.4651805
0.5063441
0.4451543
0.4550017
0.4337388
0.4582968
0.4666489
0.4454426
0.4502658
0.4210595
0.4687783
0.4550193
0.4590861
0.4339854
0.4485527
0.4701871
0.4384931
0.4279862
0.4438128
0.4417311
0.4363045
0.4366249
0.4604991
0.5125097
0.477293
0.4685394
0.4869338
0.472631
0.4861008
0.4992766
0.5219896
0.4560836
0.4862426
0.4488603
0.4328289
0.4673848
0.4572682
0.4527092
0.4998666
0.4809095
0.4698879
0.4527428
0.4559957
0.4675148
0.5071406
0.5133829
0.4859443
0.4745501
0.4641666
0.5131704
0.4862182
0.4905477
0.5049759
0.4877289
0.4841586
0.4797603
0.4892429
0.4748929
0.4811173
0.4755951
0.446959
0.4891206
0.4624528
0.4820258
0.4689685
0.4524035
0.4759548
0.4770729
0.4992399
0.479024
0.4409029
0.4507753
0.4719614
0.4573558
0.4712353
0.4572083
0.4693166
0.4952178
0.4650079
0.473781
0.4351386
0.4619467
0.479975
0.4874775
0.467437
0.461068
0.4800013
0.4626743
0.5148194
0.4913461
0.503969
0.4849147
0.5038725
0.4860704
0.4494646
0.4767003
0.4942604
0.4824321
0.5047914
0.4696531
0.453678
0.5068834
0.5153793
0.5168996
0.5454899
0.5200861
0.5666533
0.5078403
0.4834816
0.4705961
0.4914102
0.4994741
0.5001564
0.5296142
0.5088927
0.4859473
0.4791503
0.5149466
0.5191402
0.5288749
0.4860184
0.4766336
0.4579054
0.5039902
0.450798
0.4681132
0.4584508
0.4657326
0.481758
0.5000448
0.5161267
0.4884026
0.5022513
0.5454745
0.4891779
0.4961388
0.5252888
0.4936594
0.4773945
0.475579
0.478933
0.4797895
0.4677459
0.4937385
0.4606192
0.4631863
0.4462677
0.4454394
0.4503688
0.4493603
0.4589612
0.4510311
0.4650337
0.4524463
0.4554015
0.4395469
0.4337834
0.4772765
0.4623349
0.4761285
0.4573682
0.5068811
0.45788
0.4294966
0.4832449
0.4950605
0.4866696
0.4539581
0.4464737
0.4717614
0.429434
0.4810256
0.4907898
0.4648461
0.4770093
0.4872909
0.4552648
0.417653
0.4531469
0.4264742
0.441164
0.4692396
0.4209141
0.4685851
0.4367996
0.4577737
0.4417896
0.4294094
0.4334285
0.3819097
0.408863
0.3980025
0.3845464
0.3925241
0.4529416
0.4611538
0.4516339
0.4591674
0.4602907
0.411761
0.4330465
0.4618382
0.4938388
0.4383144
0.4224028
0.441762
0.5095975
0.4455442
0.4480163
0.4414968
0.4539784
0.5113336
0.4986995
0.5432708
0.4461856
0.442581
0.4466672
0.4443035
0.4274843
0.4678454
0.4135567
0.4440399
0.4578567
0.470091
0.4921253
0.4733069
0.4961806
0.4540695
0.4883136
0.5021655
0.4759174
0.4776331
0.461716
0.4880006
0.4806129
0.4695312
0.4864384
0.4861374
0.4785625
0.4646212
0.4493408
0.4919299
0.4874271
0.5039628
0.5187492
0.4977925
0.4361933
0.4641081
0.4988582
0.4620038
0.4766374
0.4791631
0.4888979
0.4680248
0.4480769
0.5038939
0.4822668
0.4846646
0.4012613
0.4452137
0.4136984
0.4312321
0.5010461
0.5155152
0.4990424
0.5185003
0.525089
0.4451833
0.4480655
0.4821874
0.4752764
0.4758558
0.4636465
0.4538346
0.5298824
0.524062
0.4859868
0.485582
0.4818107
0.4993148
0.4631442
0.4139014
0.4591183
0.4670719
0.4371608
0.4213629
0.4213304
0.4144435
0.4406011
0.4779051
0.4498172
0.4819511
0.4332224
0.4461934
0.4914094
0.5037708
0.4819667
0.4437778
0.5122353
0.4496192
0.4288572
0.4135
0.4510412
0.4243158
0.4486182
0.4541495
0.4676184
0.4603081
0.505232
0.4540412
0.4742794
0.5047873
0.4858966
0.4928217
0.4732934
0.4778935
0.5027795
0.4574672
0.4988651
0.4300824
0.4667017
0.485968
0.477731
0.4666312
0.4590943
0.480195
0.5010704
0.4878421
0.4665073
0.4304402
0.5071185
0.4661801
0.464197
0.466775
0.4672118
0.4501763
0.4144974
0.4248296
0.4771113
0.4673276
0.4302021
0.4550784
0.4490722
0.4293786
0.465116
0.4552029
0.4423979
0.4606121
0.4441202
0.4463705
0.4608077
0.4966527
0.433228
0.4191158
0.3908351
0.459836
0.4561182
0.4539914
0.4387405
0.397264
0.4565008
0.4678913
0.4643509
0.4432943
0.4676139
0.4846062
0.4342413
0.4621993
0.4325301
0.4366681
0.4379365
0.4332988
0.4346634
0.4344167
0.468347
0.4860423
0.4084041
0.4376613
0.4746934
0.4789824
0.3926586
0.4716561
0.46905
0.4898328
0.4717721
0.4202894
0.4533652
0.419676
0.3939424
0.4242529
0.4375421
0.4280079
0.358652
0.4111614
0.3541062
0.4339124
0.4015212
0.4173846
0.4234343
0.4382188
0.4485287
0.4541902
0.4456212
0.4064154
0.447164
0.4588309
0.4959359
0.4860826
0.4627011
0.4358245
0.4738607
0.424946
0.5089857
0.448083
0.4875709
0.46905
0.4394541
0.4492581
0.4024714
0.422185
0.4302007
0.4384357
0.4785892
0.4373315
0.4323406
0.4210245
0.4192827
0.4293532
0.4439329
0.3929377
0.4092695
0.3988685
0.4219221
0.4474509
0.4116459
0.3864153
0.3790585
0.3947933
0.389381
0.4607911
0.3778037
0.3970365
0.4374685
0.457916
0.43437
0.4318956
0.4620499
0.4524032
0.4296995
0.4752772
0.4346613
0.4297519
0.4151291
0.4165519
0.462718
0.4690907
0.3977102
0.4393678
0.4104203
0.4331166
0.4537012
0.4218059
0.4234355
0.3875031
0.4365753
0.4191546
0.4042779
0.4006295
0.3731324
0.3981644
0.4159808
0.3953067
0.3861363
0.3941065
0.4296067
0.3742356
0.3543043
0.3772677
0.3782759
0.3715771
0.3612267
0.3849828
0.3879148
0.3609759
0.4300568
0.386842
0.3787386
0.3629524
0.3656582
0.3830392
0.3587769
0.3758706
0.3704196
0.4024029
0.3830175
0.4383247
0.3848511
0.4189286
0.3829327
0.4232558
0.3877539
0.4159307
0.4258581
0.4247203
0.385027
0.4325155
0.4223199
0.4103374
0.4706346
0.4116077
0.4243812
0.4292239
0.4440279
0.4366061
0.4715944
0.4179767
0.4330889
0.4505649
0.4441765
0.4542251
0.4596357
0.446866
0.4735757
0.4703322
0.4714295
0.5233564
0.5008588
0.4668032
0.4873331
0.4664382
0.4767562
0.4849703
0.4822218
0.4876789
0.4488687
0.476655
0.4898989
0.4911452
0.4776837
0.4713818
0.4678227
0.5016465
0.518039
0.5039656
0.5100914
0.5159243
0.4819688
0.4953172
0.5218515
0.4548031
0.492357
0.4943725
0.5018194
0.4837148
0.4885285
0.4884441
0.4969235
0.4821108
0.4335889
0.4970713
0.484049
0.4956431
0.503145
0.4717723
0.4700962
0.4607953
0.4771036
0.4846149
0.4279259
0.4362219
0.4751439
0.4887864
0.4603348
0.4740649
0.4811215
0.5175729
0.4899829
0.5003776
0.4738996
0.4441092
0.4584163
0.4301778
0.4838271
0.5214295
0.4778014
0.4918452
0.491559
0.4913963
0.498682
0.4823483
0.5139447
0.5309414
0.5238774
0.525611
0.5231583
0.5205125
0.4773217
0.4833564
0.5130156
0.5009516
0.5320626
0.4867873
0.5211471
0.484609
0.4696989
0.4779005
0.5129784
0.4694174
0.5618701
0.5274006
0.5331426
0.5535174
0.5439742
0.5624242
0.5420192
0.5673237
0.5632913
0.5163059
0.514159
0.5057251
0.5331576
0.5169791
0.5541896
0.5141721
0.4970655
0.5322767
0.522917
0.5066244
0.5215624
0.5324646
0.5456802
0.5438753
0.5626853
0.5098646
0.5394548
0.5391073
0.541383
0.5607319
0.5404723
0.556839
0.5411337
0.5386836
0.5210273
0.5010567
0.5196607
0.5154479
0.4521397
0.5094633
0.5466931
0.5009926
0.44846
0.5130734
0.5175061
0.5377645
0.5572816
0.5260882
0.5630444
0.5364044
0.4964019
0.5347455
0.5111243
0.510911
0.5274067
0.5750206
0.5795835
0.5433146
0.5461606
0.5352466
0.4995621
0.5165129
0.5325606
0.5093024
0.5069542
0.5442154
0.5028549
0.5081073
0.5304829
0.5017298
0.5230242
0.5149286
0.4802461
0.492899
0.5283915
0.5200883
0.5291923
0.5564615
0.5406838
0.5082031
0.5656263
0.5248942
0.488649
0.5125409
0.5513731
0.5114276
0.5155431
0.5480859
0.5343353
0.510798
0.4879134
0.5280649
0.4762494
0.4720483
0.5198949
0.4984608
0.4833319
0.4828842
0.4581442
0.5096831
0.513521
0.5044369
0.5049838
0.4959342
0.5316814
0.4633844
0.4678797
0.476726
0.4918328
0.5043792
0.5807795
0.5198187
0.5262231
0.5185789
0.5412052
0.4937572
0.5218522
0.527074
0.5312669
0.5264446
0.5121192
0.5122384
0.5500784
0.4881338
0.5193939
0.528246
0.4569536
0.4805363
0.4790659
0.52141
0.4520807
0.5020629
0.513256
0.5041601
0.5263488
0.4680743
0.4974263
0.5031894
0.4874865
0.4922566
0.508755
0.4598888
0.489821
0.5094937
0.539106
0.5736555
0.5007888
0.484453
0.4556976
0.4925528
0.485059
0.5242904
0.4912333
0.4943844
0.4827736
0.5021818
0.5014151
0.4757433
0.5108292
0.4694057
0.5198153
0.5078123
0.5293396
0.5104211
0.4955151
0.497496
0.5387557
0.525252
0.515664
0.5299115
0.54421
0.5154064
0.5415449
0.5208576
0.5063887
0.542092
0.5076762
0.4836931
0.5556758
0.5773558
0.5593013
0.5567372
0.5606944
0.5965931
0.5235328
0.5293298
0.5147028
0.5406492
0.5242769
0.5392111
0.5786014
0.5388037
0.5346123
0.5225695
0.5383681
0.5296589
0.5347692
0.508344
0.5050595
0.4793438
0.4648497
0.47444
0.4688511
0.5207229
0.5382195
0.5106716
0.4882674
0.4995126
0.519482
0.4831696
0.4996974
0.5092986
0.5765731
0.550457
0.5514914
0.5344437
0.5193708
0.506822
0.5128576
0.5432872
0.5365501
0.5417787
0.548211
0.5219497
0.5057845
0.5375291
0.5180561
0.5230027
0.5220883
0.4994987
0.4775485
0.5444245
0.5454131
0.4999376
0.546414
0.5341085
0.5241593
0.5224783
0.5050068
0.5060289
0.5415852
0.5612187
0.5317361
0.5050256
0.5633267
0.5428501
0.5148462
0.5748103
0.5376981
0.5185927
0.5015668
0.5104114
0.5168816
0.4776802
0.5311105
0.5415294
0.5079197
0.5541596
0.5557383
0.5360807
0.5411379
0.53633
0.5754574
0.5384622
0.5803283
0.6060894
0.5770432
0.623136
0.6057076
0.5613971
0.5770847
0.5190116
0.5037289
0.5114062
0.5324656
0.5182816
0.5145171
0.5195621
0.5101427
0.5043451
0.5070637
0.4987181
0.4807437
0.5335036
0.5124084
0.5133092
0.5377929
0.5038833
0.5019572
0.4922602
0.5241542
0.5115337
0.4878895
0.4674494
0.4492139
0.460598
0.4553457
0.4813647
0.4692702
0.4340109
0.4310452
0.4468586
0.4575764
0.4440181
0.4580369
0.4625978
0.4227029
0.4495314
0.4479128
0.4366508
0.4628189
0.4373916
0.4637481
0.4429951
0.4312162
0.4099901
0.4422936
0.4073715
0.4046692
0.4323539
0.4024088
0.4325922
0.4507641
0.4397174
0.4540216
0.4314345
0.4432353
0.4250314
0.4106825
0.4522045
0.4205831
0.4293085
0.4223993
0.4029673
0.4224527
0.4395823
0.4176809
0.4631852
0.4292915
0.4110037
0.4519252
0.4288376
0.4272282
0.4261188
0.3834262
0.4557278
0.4512237
0.415884
0.4397568
0.4375833
0.4357995
0.4611077
0.4600612
0.4572462
0.4565425
0.4633182
0.4551874
0.4765885
0.4678006
0.481968
0.4645087
0.477486
0.4621731
0.4396448
0.4577918
0.4736658
0.4777271
0.4325544
0.4723799
0.4940574
0.4961161
0.4755265
0.4547684
0.4735163
0.4838017
0.521526
0.5008539
0.5059698
0.5049335
0.4808977
0.4946444
0.4890541
0.475182
0.4491569
0.4881873
0.4934298
0.518007
0.5286402
0.504751
0.548278
0.567664
0.5359881
0.4992109
0.5192216
0.5463735
0.5003388
0.4906872
0.543137
0.4678319
0.5207722
0.5123032
0.5262802
0.4964581
0.5204419
0.5114527
0.4958503
0.5228287
0.5386237
0.5546471
0.4838951
0.5061151
0.5005752
0.4771611
0.5089619
0.5070853
0.5221389
0.4891294
0.4915843
0.441529
0.4405392
0.4424744
0.4654228
0.4918829
0.4903791
0.4695021
0.4642791
0.4644448
0.4294713
0.4553042
0.4721237
0.5014647
0.4508943
0.4473875
0.5138373
0.4447733
0.4833105
0.4756345
0.462119
0.4221128
0.4529418
0.4620377
0.4649007
0.4503505
0.4958939
0.4587232
0.4619555
0.469055
0.4944261
0.496264
0.5012453
0.4749182
0.4844904
0.4956559
0.50713
0.4783324
0.4859474
0.4744705
0.4501648
0.4918001
0.4825414
0.4598457
0.4553576
0.48657
0.4548359
0.4586154
0.4987895
0.4926062
0.5213023
0.4923527
0.5101709
0.5338308
0.4851521
0.4817931
0.4933949
0.4889316
0.4886163
0.4993341
0.5001886
0.5135008
0.4892347
0.4300024
0.4263489
0.4507785
0.4987274
0.4693747
0.5506097
0.4979704
0.5283543
0.5079921
0.4829225
0.5218499
0.4757889
0.4708669
0.4842378
0.4746393
0.4590238
0.4535557
0.4581311
0.4638859
0.4238958
0.4617936
0.509372
0.4800245
0.4966911
0.5519816
0.4886493
0.5181677
0.5254562
0.4953832
0.4954831
0.5209618
0.5373555
0.520297
0.506562
0.5149688
0.4749422
0.4956626
0.4769163
0.4975671
0.4815779
0.4648143
0.5033121
0.4332075
0.4805891
0.4433478
0.4539153
0.4884893
0.4627914
0.5054777
0.5423415
0.539042
0.516631
0.5056709
0.5120344
0.4974728
0.4572141
0.4917889
0.4855067
0.4775572
0.4775528
0.4632209
0.4988053
0.4869811
0.4899466
0.4841582
0.4698132
0.437218
0.4629323
0.4771414
0.4989447
0.5210198
0.5026402
0.4766728
0.5060538
0.5073223
0.4809321
0.4778111
0.4965957
0.4971766
0.4606086
0.4813794
0.4795102
0.4466146
0.4919819
0.4657111
0.496959
0.4260845
0.4286137
0.4762781
0.4675883
0.4697896
0.4759397
0.4789076
0.4626442
0.5219676
0.478059
0.4758342
0.4557489
0.4588595
0.4867638
0.4480586
0.4991845
0.440219
0.4222228
0.4631434
0.4789482
0.4394935
0.4793267
0.4153045
0.4488129
0.4898356
0.4974943
0.490041
0.4657366
0.4814917
0.4618108
0.4556771
0.484222
0.4845511
0.460248
0.4538298
0.4633376
0.4585944
0.4890223
0.4784904
0.47736
0.4928053
0.4729834
0.4585935
0.4816569
0.502762
0.4753674
0.4849001
0.5408732
0.519842
0.5119065
0.5065833
0.4516681
0.4998572
0.4830457
0.4873456
0.4531694
0.4466559
0.4664406
0.4673876
0.4714964
0.4738543
0.4705808
0.4922824
0.5011612
0.4719605
0.4709434
0.4939903
0.5020126
0.5011792
0.5019583
0.4612298
0.4754651
0.4909823
0.4814098
0.4644921
0.4757144
0.4674267
0.4244868
0.4427968
0.423484
0.4411933
0.4674554
0.4783347
0.4886761
0.4419164
0.4666496
0.490992
0.4619382
0.4592538
0.4794086
0.4564447
0.4373561
0.4442112
0.4909455
0.4755637
0.4659176
0.4990633
0.4480326
0.4538719
0.4252805
0.4559345
0.5106893
0.4777354
0.5101641
0.4635589
0.456179
0.4557479
0.4827589
0.4825813
0.4994158
0.4917135
0.5201177
0.4655599
0.4615825
0.4947664
0.4456752
0.4838588
0.4262476
0.4540431
0.4213662
0.4145178
0.4225157
0.4223848
0.4216208
0.4001817
0.3927754
0.4403404
0.4136162
0.4110937
0.42628
0.4161541
0.4317072
0.4280262
0.4266778
0.4255706
0.4129735
0.4612462
0.4263225
0.4550969
0.4317747
0.4295918
0.4326786
0.4527952
0.4297994
0.4148883
0.4445507
0.4369494
0.4756753
0.4595065
0.4811635
0.4486934
0.4737602
0.4947726
0.4664932
0.4441881
0.4628901
0.4881845
0.4531918
0.4761232
0.4820961
0.5191022
0.4852192
0.4920731
0.467765
0.4841526
0.4670341
0.4560603
0.4323843
0.4614553
0.4542852
0.4662317
0.448758
0.4422083
0.4527446
0.4229579
0.4156883
0.4096636
0.4521142
0.4662235
0.4554073
0.4587161
0.4518252
0.4455315
0.4315414
0.4148969
0.4159586
0.4035985
0.4307248
0.3927243
0.3712549
0.4246331
0.4349232
0.4259627
0.416615
0.4027911
0.4010693
0.4326703
0.4096836
0.4351197
0.4233024
0.3888274
0.4024014
0.3852861
0.3824846
0.4401072
0.4417337
0.4437783
0.4840425
0.4731433
0.4440536
0.4463504
0.438109
0.4458106
0.4467412
0.4811772
0.474627
0.475856
0.4476135
0.4382448
0.473708
0.4777466
0.4505727
0.4596752
0.4289554
0.4686406
0.4749679
0.4879943
0.4246539
0.4956818
0.4264587
0.4529325
0.4091341
0.4162275
0.4107303
0.4177964
0.4605192
0.4455393
0.4297985
0.4469631
0.4148989
0.4094562
0.4218885
0.4021778
0.4220067
0.4611504
0.4664745
0.4694989
0.4470134
0.4668684
0.4226967
0.4628366
0.4584069
0.4420001
0.433051
0.4121963
0.4663678
0.4229318
0.4070961
0.3824226
0.4640349
0.4388933
0.4441866
0.4169614
0.4168023
0.398595
0.4041779
0.4192032
0.4346407
0.4673703
0.417432
0.4726902
0.431511
0.4403022
0.4571002
0.4574754
0.4787561
0.4746356
0.46423
0.4443213
0.4967889
0.4697134
0.5095137
0.4685795
0.4583069
0.4686956
0.5194438
