0.2022593
0.2550553
0.2366114
0.2458587
0.2230055
0.2070509
0.2075096
0.2257953
0.1877043
0.1924435
0.2138045
0.2312943
0.2223464
0.181
0.1997372
0.2026134
0.199232
0.1967883
0.1676963
0.2243958
0.2045318
0.2184675
0.2438203
0.2312836
0.1834505
0.2296747
0.2478217
0.2670948
0.2367809
0.2587003
0.2334772
0.2468539
0.2306934
0.2556588
0.2397824
0.2161042
0.2565031
0.2639698
0.2281856
0.2261503
0.2057003
0.208011
0.2157183
0.2086958
0.2714647
0.2439204
0.2392534
0.2211229
0.2380071
0.2687881
0.2420076
0.2228549
0.2455111
0.2595542
0.266236
0.234615
0.231689
0.2663267
0.2239064
0.2596502
0.2500133
0.3085739
0.2760059
0.2637272
0.2224768
0.2356036
0.2280471
0.2312936
0.2489501
0.2706976
0.2203547
0.2954918
0.2098382
0.1795965
0.1798102
0.2935567
0.2570115
0.2065465
0.1914737
0.1945821
0.2529999
0.2560245
0.2525272
0.2173208
0.2321346
0.2745081
0.2452147
0.2469232
0.3240227
0.2928105
0.2860459
0.282668
0.2924018
0.2411516
0.2381883
0.2904319
0.2732362
0.2708797
0.24004
0.2425818
0.2817434
0.2879047
0.2880018
0.2484054
0.2839572
0.2881137
0.3091483
0.3039842
0.2760162
0.2812612
0.2876391
0.2914982
0.3265828
0.3220142
0.2751892
0.3086622
0.3030694
0.254929
0.2708735
0.3004389
0.2611537
0.2686176
0.2478796
0.2802433
0.2379808
0.2400447
0.2669881
0.3071118
0.3070514
0.3029985
0.3242132
0.2491645
0.2961276
0.2883677
0.2445387
0.2350744
0.2181
0.2599626
0.2752939
0.251353
0.3323265
0.359629
0.2503522
0.2424999
0.2291476
0.2273974
0.2204773
0.213419
0.2412486
0.2502945
0.2756533
0.2603091
0.2503471
0.2911962
0.2963414
0.198112
0.2004565
0.2348081
0.2332977
0.1881625
0.2043795
0.210512
0.1843888
0.2266754
0.2402371
0.2048533
0.2216449
0.2163385
0.1973713
0.2213854
0.2358668
0.2303291
0.2138213
0.2043009
0.2232381
0.2304428
0.26152
0.2729954
0.2508399
0.2490022
0.1960342
0.1850403
0.2124416
0.2180274
0.238559
0.228102
0.236475
0.2056228
0.186746
0.1911359
0.2066592
0.180336
0.1862294
0.1629723
0.1674863
0.1905003
0.1950703
0.186761
0.1887782
0.1806245
0.1655922
0.1872572
0.1952202
0.1829702
0.2056434
0.1802071
0.2007591
0.181506
0.1946257
0.1842495
0.2202355
0.2181452
0.2332558
0.2427966
0.2029099
0.1994419
0.2064839
0.2071261
0.1804687
0.217867
0.171222
0.2060821
0.2234388
0.2310419
0.2243358
0.2309815
0.2150443
0.1770724
0.1969711
0.1951294
0.2232795
0.220973
0.1805399
0.2096328
0.1681256
0.1977526
0.1935358
0.1806506
0.1606444
0.1787753
0.2002594
0.1672696
0.2090963
0.1887183
0.1989897
0.2075117
0.2011162
0.1980358
0.202198
0.196132
0.2400368
0.2119895
0.1862435
0.2132114
0.2114289
0.2347907
0.2229985
0.2289078
0.2242541
0.2325744
0.2211163
0.2480464
0.2295445
0.2667374
0.2543494
0.2512226
0.2417789
0.2307589
0.2421823
0.2523117
0.2523388
0.2307613
0.2648937
0.217434
0.2605712
0.227008
0.247767
0.2732125
0.2494094
0.2120421
0.2087905
0.2463689
0.2383851
0.2660635
0.2359358
0.2671521
0.2399828
0.2361951
0.2283003
0.2204736
0.2380782
0.2284829
0.2227416
0.2566405
0.1840819
0.2316508
0.2300258
0.2130151
0.2360227
0.2076858
0.1928451
0.2847409
0.2232921
0.2126776
0.203747
0.2522492
0.2449701
0.2503229
0.2354567
0.2069086
0.2012648
0.1617741
0.2569092
0.2967845
0.2672873
0.2456714
0.1886815
0.2091429
0.1875845
0.2539107
0.2554934
0.1725564
0.2292066
0.1888949
0.2565125
0.2428461
0.2457862
0.2518215
0.2700504
0.2738675
0.2408768
0.276141
0.2386262
0.2189582
0.2050719
0.2134614
0.213625
0.2279175
0.2016403
0.2449625
0.2688298
0.2381258
0.2278083
0.2196859
0.2646903
0.2372893
0.2373767
0.2119198
0.2388566
0.1952333
0.2080195
0.2260032
0.2248669
0.1696381
0.1214706
0.1602515
0.1687244
0.116596
0.1290328
0.1664542
0.1413629
0.1782498
0.1787068
0.2062231
0.1754384
0.1660805
0.2042461
0.1135874
0.1430136
0.1491161
0.1394524
0.1841693
0.1714184
0.1877983
0.1617707
0.1255389
0.1316137
0.1846482
0.1595818
0.1647864
0.1632127
0.1747178
0.1359881
0.1199326
0.1353217
0.1605783
0.1979945
0.2242611
0.2322421
0.2605439
0.2422313
0.1708695
0.139278
0.1772665
0.174103
0.2147877
0.2509626
0.1667876
0.2174598
0.2297535
0.1707689
0.1607227
0.1657501
0.1650503
0.169131
0.2643841
0.2314914
0.3054175
0.2553267
0.2785596
0.2638023
0.2745954
0.265397
0.2811473
0.2458187
0.2758995
0.2643131
0.232309
0.2651435
0.2957408
0.2821922
0.2326942
0.3063703
0.2874641
0.2695255
0.2795986
0.2541516
0.2741466
0.2516181
0.2985225
0.2645592
0.3011252
0.2712261
0.2601328
0.2876953
0.2774933
0.2746759
0.2846722
0.2701312
0.3369406
0.3111756
0.3296066
0.3069053
0.2879455
0.3177148
0.3128637
0.2997865
0.3051431
0.2949795
0.2790061
0.2859062
0.2645108
0.2862433
0.2586384
0.2624488
0.2611788
0.2645783
0.2697637
0.2517076
0.2464521
0.2565267
0.2524616
0.2628002
0.2633636
0.2400545
0.2674182
0.2377463
0.2375087
0.2535244
0.268236
0.2833065
0.2601635
0.2822419
0.2843772
0.289261
0.2642758
0.2704748
0.3062095
0.2911378
0.2902187
0.2820419
0.2826698
0.279325
0.2812155
0.3107244
0.3247337
0.2809598
0.294698
0.228878
0.1906378
0.2691345
0.2411527
0.2722842
0.2808402
0.2793518
0.253027
0.2345248
0.2552795
0.2514928
0.2579953
0.2019534
0.2373657
0.269329
0.2852392
0.2393831
0.2660862
0.3010901
0.2694493
0.2550001
0.2619841
0.274222
0.2826054
0.2850334
0.2865988
0.2933321
0.2854007
0.2620042
0.2854945
0.3089211
0.2858962
0.2867589
0.2730155
0.2900425
0.2813136
0.1674182
0.2552099
0.2713414
0.2358986
0.2723003
0.2702189
0.2378803
0.2741567
0.2839252
0.2458738
0.264096
0.2688952
0.30745
0.2736876
0.2160128
0.2504795
0.2318148
0.2337597
0.276495
0.2274547
0.2433172
0.2596292
0.2596807
0.2442983
0.236296
0.2164627
0.1747517
0.2311173
0.2504515
0.2604511
0.2890569
0.3033078
0.2820926
0.2477504
0.3018746
0.2435089
0.309759
0.3439564
0.3012299
0.3960978
0.3282025
0.3413553
0.3093022
0.274106
0.2950528
0.2890814
0.2994231
0.3147467
0.2990073
0.3530211
0.2838071
0.2784092
0.2825806
0.3052634
0.3010601
0.2748407
0.3144975
0.3015354
0.3382211
0.3106451
0.3485803
0.326093
0.3144106
0.3302345
0.2938179
0.3430628
0.3292491
0.3488097
0.3639636
0.336939
0.3548486
0.2933928
0.2605813
0.2684448
0.2363297
0.2677858
0.2373309
0.2399544
0.2882013
0.2677386
0.3654383
0.3091497
0.2894531
0.3390051
0.3347072
0.3232108
0.3400008
0.3378746
0.3183858
0.3142642
0.2973978
0.3400494
0.2271347
0.2846649
0.2750961
0.321033
0.3319943
0.3717128
0.3337214
0.3023469
0.3616973
0.3627623
0.3557936
0.3280927
0.3427311
0.3336541
0.3154363
0.2708905
0.3310983
0.3140096
0.3083497
0.3549738
0.2944095
0.2873723
0.2343376
0.2820842
0.2301497
0.2710513
0.2498594
0.2674942
0.346591
0.3372257
0.3124435
0.3360343
0.3015153
0.3229644
0.3153683
0.2915591
0.278587
0.3162731
0.292367
0.3210578
0.354153
0.3056082
0.3300574
0.3195658
0.3080685
0.3285199
0.3376539
0.3493455
0.3277296
0.3141174
0.2889996
0.3060901
0.3039327
0.3079184
0.3214909
0.2731408
0.2798021
0.2721842
0.2418158
0.2740497
0.253242
0.2681541
0.2511394
0.2809506
0.2284686
0.2233848
0.2165704
0.2751319
0.2379997
0.2575981
0.2550469
0.2395045
0.2361644
0.2628618
0.2719083
0.2341657
0.2282684
0.2891923
0.3284163
0.3425115
0.284346
0.3129168
0.3627768
0.3287047
0.3462269
0.3518299
0.382473
0.3509759
0.3181817
0.31022
0.3466913
0.3696507
0.3320465
0.3693508
0.370602
0.3937805
0.3950716
0.4009984
0.4278469
0.3760625
0.4098945
0.4158019
0.3972024
0.4562128
0.424371
0.4111529
0.408223
0.391117
0.397832
0.3780654
0.3289557
0.3538963
0.3758689
0.3813155
0.3982312
0.3559416
0.3858321
0.4021028
0.380235
0.4003118
0.4119954
0.4030074
0.3736627
0.3945127
0.3681987
0.3401478
0.356352
0.4081828
0.418453
0.3851024
0.375329
0.3845746
0.3832862
0.364598
0.3572746
0.3585635
0.3830845
0.3931324
0.3730612
0.3779154
0.3915529
0.369471
0.3536533
0.3053391
0.3313118
0.3189045
0.3483224
0.3659417
0.4085179
0.3957811
0.4040484
0.3895514
0.35625
0.3959565
0.3654621
0.3733903
0.4257075
0.3746687
0.4063919
0.4235625
0.3846889
0.3899853
0.3955225
0.4060383
0.366955
0.3848714
0.3589152
0.38317
0.383205
0.4017771
0.3991198
0.3948032
0.3680114
0.3791384
0.4095528
0.398618
0.3822007
0.3997133
0.3589292
0.3388549
0.3543074
0.3485201
0.3528642
0.343852
0.3682747
0.3986216
0.3772291
0.37159
0.3547518
0.391234
0.3918951
0.3883651
0.3401144
0.288777
0.2848819
0.3261978
0.2977652
0.3467706
0.2699056
0.2850708
0.2640062
0.3249537
0.304646
0.3220127
0.262596
0.256955
0.2755651
0.2392356
0.300526
0.3093964
0.277472
0.289873
0.2914149
0.2772822
0.3285341
0.2794169
0.288937
0.2599927
0.295639
0.2984429
0.2707916
0.2908178
0.2828737
0.2496688
0.2448522
0.3015202
0.2660204
0.2573929
0.2733132
0.2887335
0.2769387
0.3190719
0.2894478
0.2960833
0.2962069
0.3038511
0.3122723
0.2715852
0.2705537
0.2673473
0.2954732
0.291944
0.3058909
0.2819114
0.2719971
0.2841229
0.2598765
0.2671976
0.3127508
0.3125225
0.2685806
0.2882639
0.302572
0.312546
0.3106773
0.324179
0.2683715
0.2761202
0.2948992
0.2707
0.293468
0.2793077
0.3221695
0.279504
0.2905454
0.3160479
0.3259084
0.2855318
0.2788687
0.3002444
0.273165
0.2884473
0.2804224
0.2421121
0.2607626
0.3322041
0.3461426
0.325967
0.3431662
0.3570053
0.3597886
0.3341036
0.3345532
0.3580194
0.355888
0.3749855
0.3678698
0.361266
0.3419789
0.3317969
0.3373173
0.3213082
0.3455865
0.3509477
0.348352
0.3573333
0.341962
0.3464536
0.3505439
0.3368348
0.3215608
0.3109347
0.2946645
0.3245179
0.2975895
0.3305962
0.3289811
0.3019705
0.3509741
0.3167636
0.280986
0.2870437
0.2888366
0.246116
0.2554697
0.2617288
0.2737909
0.2407845
0.2571461
0.2438615
0.2989365
0.268281
0.2539138
0.2775318
0.299349
0.3162186
0.2955765
0.3095689
0.3282549
0.3118571
0.3115042
0.2786032
0.3286692
0.320857
0.2647442
0.3017907
0.2884051
0.2720881
0.307621
0.309995
0.2762423
0.2712199
0.2593277
0.2830719
0.2264037
0.2873741
0.2932436
0.2557638
0.3028117
0.3392712
0.3490847
0.290678
0.3158614
0.2983986
0.3173105
0.3490722
0.3554317
0.3117987
0.3000802
0.325173
0.3328161
0.3091117
0.3325669
0.3397756
0.3280892
0.3227354
0.3122391
0.2904676
0.3556013
0.3329674
0.2842234
0.3185963
0.2999814
0.27885
0.2899623
0.2925605
0.2793994
0.3004306
0.31476
0.3161514
0.333731
0.3328559
0.3372008
0.3457436
0.3169416
0.3496786
0.3324432
0.3930101
0.2995796
0.3119194
0.2919409
0.2952302
0.2849032
0.300862
0.3238331
0.3308668
0.3002738
0.3013719
0.2988006
0.2902597
0.2970417
0.2362733
0.2516324
0.2423401
0.2591974
0.2357452
0.2636217
0.2675189
0.2582471
0.2806721
0.2723561
0.2510876
0.2867547
0.2528103
0.2558959
0.287195
0.2565033
0.2722076
0.2268751
0.2341884
0.2257341
0.2757663
0.2798306
0.3205565
0.2587493
0.2704068
0.2628385
0.2491057
0.2494532
0.273934
0.2616784
0.2835901
0.2699246
0.2228071
0.2404113
0.2694084
0.2541755
0.2638084
0.269437
0.259611
0.2663967
0.2651502
0.2643572
0.2730759
0.2898495
0.2889365
0.2920193
0.2808188
0.2580462
0.2217656
0.2715444
0.2725931
0.2361211
0.2190348
0.237456
0.2493084
0.2216118
0.2426408
0.2423222
0.2497984
0.2289796
0.2329912
0.2260971
0.2230555
0.23839
0.2566337
0.2571957
0.2745856
0.2821506
0.2857297
0.2816463
0.2549109
0.2539663
0.2689331
0.303782
0.2583915
0.2622526
0.233093
0.2458971
0.3154108
0.2990025
0.2978432
0.2558322
0.2377267
0.2460811
0.2352469
0.2634972
0.2678477
0.2623618
0.3104655
0.2795675
0.2276848
0.2265806
0.2727909
0.261396
0.2555194
0.2867187
0.257535
0.2685029
0.2477188
0.2851758
0.2725062
0.2640568
0.2630643
0.2487451
0.2862205
0.2495835
0.2353712
0.2501348
0.2134299
0.2295397
0.2720165
0.2341623
0.2230266
0.2258294
0.2484423
0.2618585
0.2338787
0.2834754
0.2267369
0.2270039
0.2452884
0.2421423
0.232985
0.2792949
0.2743514
0.2606888
0.2499984
0.2551387
0.2257224
0.2573409
0.2539236
0.2387987
0.2075523
0.2245361
0.2347673
0.2272112
0.2341603
0.2525245
0.276195
0.2717296
0.2757699
0.2918882
0.261803
0.2690512
0.2785626
0.2502488
0.2400789
0.2279382
0.2489068
0.2562446
0.2574396
0.264284
0.2490612
0.2649836
0.2888958
0.2582385
0.2485814
0.2389263
0.2576603
0.2556942
0.249126
0.2426489
0.2472764
0.2404523
0.2634972
0.275149
0.2703215
0.2597884
0.2842162
0.2702738
0.2712405
0.2616513
0.2481565
0.2614177
0.2433165
0.2591463
0.2688631
0.275974
0.241229
0.2806336
0.2734107
0.2645936
0.2411446
0.2552903
0.2454478
0.2584466
0.2649046
0.2547823
0.2456871
0.2714005
0.2492185
0.2628282
0.2595462
0.2788593
0.2478709
0.2558591
0.2790198
0.2828376
0.2833421
0.2627125
0.2463515
0.2556251
0.2675301
0.2733553
0.2809278
0.2424155
0.2344987
0.2553791
0.2720457
0.2487648
0.2495102
0.2628792
0.2781847
0.2506121
0.2634766
0.2445585
0.2623124
0.2589802
0.2886855
0.2016366
0.2003968
0.2362136
0.2141808
0.1936097
0.2146689
0.1921534
0.2015729
0.1699751
0.196246
0.2178605
0.2733614
0.2797194
0.2774928
0.2829084
0.2698601
0.2737243
0.2726033
0.25997
0.2769491
0.2761646
0.28646
0.2728291
0.2887569
0.2749833
0.2710277
0.2504292
0.252041
0.2984052
0.2407861
0.2516792
0.2755933
0.2668675
0.2835058
0.2847633
0.2534001
0.2678325
0.279191
0.2694412
0.2675288
0.2507867
0.3106899
0.274648
0.2651835
0.2615895
0.289068
0.2669838
0.2658947
0.2596136
0.2467936
0.2502996
0.2323354
0.2618753
0.2631634
0.2549767
0.2739801
0.2173831
0.2457222
0.2453566
0.2515604
0.2524664
0.2739549
0.2607731
0.249648
0.2342998
0.2380669
0.231754
0.2501299
0.2364081
0.2390625
0.248262
0.211411
0.2300887
0.2233143
0.2552758
0.2606284
0.2137833
0.2498544
0.2747374
0.2700095
0.2283049
0.2581247
0.2639439
0.2771079
0.2528151
0.2663628
0.2642378
0.2705665
0.2594532
0.2530514
0.2269796
0.2525256
0.2600798
0.25272
0.2116394
0.249983
0.2359183
0.309928
0.2443065
0.2371353
0.2281938
0.2558001
0.2495941
0.2399601
0.2409112
0.2766526
0.2255509
0.2238005
0.2496899
0.2308881
0.222846
0.2222612
0.2128944
0.2075053
0.2247348
0.2156614
0.2279788
0.2284641
0.2447859
0.2611932
0.2496316
0.2358588
0.2035196
0.2259226
0.2146123
0.2584368
0.2135596
0.2130715
0.2275371
0.2268588
0.2544405
0.2012047
0.2282156
0.2297069
0.2558064
0.2310376
0.2222979
0.2418221
0.2402551
0.2440238
0.2311889
0.2319221
0.215874
0.219079
0.2235257
0.2137364
0.1954165
0.2061891
0.1944518
0.2196363
0.2365442
0.2353493
0.2473755
0.2359355
0.2397039
0.2361903
0.2288233
0.2273304
0.2472646
0.2192414
0.2435155
0.2513493
0.2374595
0.2310967
0.2205319
0.2290611
0.2224407
0.2465653
0.2381518
0.2584628
0.2191883
0.2356039
0.2345804
0.2401942
0.2343027
0.2295317
0.2437499
0.2160445
0.2503814
0.2276424
0.2312545
0.2752005
0.2753862
0.2582881
0.2473973
0.2533703
0.237024
0.2823295
0.3075912
0.3107391
0.2851232
0.2711336
0.2728439
0.3111722
0.3241143
0.308794
0.2384521
0.2311586
0.2456978
0.2586362
0.291496
0.309496
0.2694838
0.3235743
0.3049094
0.2920725
0.2985081
0.2745905
0.1991712
0.1950428
0.1928655
0.2100502
0.2362561
0.2120644
0.2103591
0.2128827
0.212318
0.2073439
0.2063757
0.1944697
0.1968907
0.1724996
0.1780168
0.1856587
0.18813
0.2103911
0.1739899
0.1749075
0.1635992
0.1920981
0.2234193
0.1781252
0.1762836
0.2126044
0.261247
0.256031
0.2188663
0.2853487
0.225682
0.2614942
0.2294937
0.2083818
0.2758821
0.2849339
0.3090342
0.2869983
0.2710855
0.2998911
0.3015089
0.2636559
0.3150316
0.2969837
0.2052882
0.3577043
0.2706464
0.3311164
0.3239899
0.3291108
0.2822563
0.2815213
0.213339
0.2872845
0.3028235
0.3312112
0.3203101
0.2423302
0.3462675
0.3710779
0.3958642
0.3838652
0.3391671
0.3439509
0.3749791
0.3776735
0.3414904
0.3053059
0.2928754
0.2848819
0.2829891
0.3100652
0.2988659
0.2809272
0.2509246
0.2787841
0.2510004
0.266844
0.2535696
0.2463497
0.2909014
0.3269412
0.2418517
0.226432
0.2450439
0.2619776
0.2700192
0.2881064
0.2896623
0.2518531
0.2694401
0.2664359
0.2465933
0.2302198
0.2583724
0.2495974
0.2173409
0.2385302
0.2137691
0.212526
0.2388109
0.2342274
0.2010314
0.2279715
0.2433966
0.2393459
0.2661069
0.2915941
0.2519723
0.271556
0.2327213
0.223488
0.2327673
0.2298637
0.2307542
0.2182181
0.2315812
0.2156465
0.2193359
0.2105818
0.216551
0.2372926
0.2547362
0.2197417
0.2192034
0.2256425
0.2191246
0.2387225
0.2300692
0.2180739
0.2166537
0.2350485
0.2066502
0.2372221
0.2349185
0.2113121
0.2227513
0.2124971
0.2473253
0.2343946
0.2259359
0.2489059
0.2300903
0.2018032
0.2363626
0.2232196
0.2328738
0.2088998
0.2467502
0.2671656
0.2432041
0.2480209
0.2286846
0.2551452
0.2453589
0.2442192
0.2505195
0.2444216
0.2693193
0.2525808
0.2475362
0.2715577
0.252091
0.2976395
0.2801885
0.2669924
0.2760046
0.2454937
0.2271805
0.2318338
0.2418195
0.2382632
0.2428822
0.2455177
0.2335082
0.2037152
0.2558835
0.2660438
0.2607828
0.2697074
0.2965126
0.3189563
0.2694417
0.2823836
0.2752144
0.2827564
0.2003823
0.240296
0.2252032
0.2564497
0.2452572
0.2673032
0.2249294
0.2356823
0.2103469
0.2352749
0.2429271
0.2255754
0.2237693
0.2750986
0.2753336
0.2814789
0.241594
0.2605768
0.2431772
0.2327828
0.2625529
0.2385827
0.272314
0.2932357
0.2722126
0.2553006
0.2583309
0.2792346
0.3071845
0.272781
0.3084526
0.2738828
0.2574997
0.2413287
0.2549202
0.2307111
0.2383043
0.2528166
0.2506321
0.2831742
0.2859858
0.274654
0.2663001
0.2625093
0.3222585
0.2933431
0.2800636
0.2859869
0.3234011
0.3015276
0.2821382
0.2968215
0.2561935
0.3089019
0.3301104
0.2941673
0.2644768
0.2581514
0.2823288
0.2445095
0.2438002
0.2441982
0.2693553
0.2838388
0.2824154
0.2402647
0.2568938
0.2413937
0.2524768
0.2387193
0.2761767
0.2431391
0.2608096
0.270331
0.259261
0.2778378
0.2757053
0.2517577
0.2501573
0.2730645
0.2461109
0.2349402
0.2974864
0.2417971
0.2720804
0.2670794
0.2606834
0.2811655
0.2605374
0.2640903
0.2856742
0.2723184
0.2517045
0.2544146
0.2651031
0.2793632
0.2473927
0.2544463
0.2515468
0.25088
0.2758607
0.2380714
0.2606213
0.2628706
0.2763653
0.2591607
0.2515929
0.2490974
0.2795511
0.242576
0.2788284
0.2656599
0.2469677
0.2691589
0.2399735
0.2610759
0.236499
0.235928
0.24159
0.2511486
0.2345346
0.2646648
0.2515887
0.256786
0.2645167
0.2585683
0.2412773
0.2544691
0.2418001
0.2432941
0.25546
0.257989
0.2583117
0.256697
0.2540165
0.2687684
0.2343147
0.2742532
0.2464121
0.2680624
0.2586308
0.282596
0.2829635
0.2710077
0.2663599
0.2545478
0.2408024
0.2628753
0.2450875
0.2586217
0.2469715
0.2682175
0.2474687
0.2369875
0.246845
0.2445456
0.2623253
0.2341859
0.2671941
0.2563196
0.2528349
0.2315021
0.2706676
0.281524
0.2588989
0.2613878
0.2760778
0.2937857
0.2934685
0.2740156
0.254813
0.2588924
0.267054
0.2691618
0.3084305
0.26752
0.2299363
0.2517447
0.2436873
0.2640773
0.2493556
0.2487231
0.2665128
0.249793
0.3002378
0.2387524
0.2511175
0.2564798
0.2742244
0.2577309
0.2279198
0.2691522
0.2719637
0.2878522
0.2882794
0.2480567
0.2780308
0.2313274
0.2701285
0.245898
0.2407889
0.2462663
0.2573903
0.256848
0.2428554
0.2569927
0.2508204
0.2701309
0.2426414
0.227367
0.2269161
0.2442716
0.2737811
0.2863643
0.2441092
0.2245085
0.234924
0.2320467
0.2269979
0.2239371
0.2063802
0.2271775
0.2263402
0.2458315
0.2366782
0.2182691
0.2339503
0.2125685
0.2342188
0.2696091
0.2347981
0.2331538
0.2413381
0.2332152
0.222256
0.2361291
0.2866383
0.2426191
0.258218
0.2576891
0.2865872
0.2796116
0.2457014
0.2549231
0.2679009
0.2418941
0.2427667
0.2339796
0.2307464
0.2551298
0.2460545
0.2462851
0.2602533
0.247629
0.2644091
0.2429218
0.2775568
0.2617141
0.2652746
0.2854871
0.2832861
0.2568911
0.2384346
0.2810366
0.2811292
0.2271993
0.2353584
0.2380324
0.2373326
0.2274045
0.2780232
0.2722285
0.2397955
0.2759302
0.2139343
0.2332764
0.2224569
0.2633581
0.2379508
0.2426941
0.2507544
0.24355
0.2644027
0.240892
0.2524105
0.256017
0.2535269
0.2630671
0.2441017
0.2395633
0.2680407
0.2422442
0.2483304
0.2334954
0.2422357
0.2358516
0.2171324
0.2333739
0.2301384
0.2251925
0.235416
0.2442998
0.2433227
0.2363467
0.2375554
0.2346701
0.2356871
0.2479033
0.2447339
0.2596841
0.2553226
0.2332223
0.2568
0.2494664
0.2503151
0.217381
0.2375302
0.243995
0.2610055
0.2614205
0.2659707
0.2567701
0.2710994
0.2360722
0.2228737
0.2385248
0.2142369
0.2682134
0.2583062
0.2684876
0.2765984
0.241596
0.2859076
0.2856731
0.2511946
0.2194556
0.240605
0.2349717
0.2436686
0.2609554
0.2505096
0.1992069
0.2196903
0.1940549
0.2030725
0.251542
0.232583
0.2385026
0.241769
0.2532775
0.2599279
0.2674046
0.2937971
0.2354259
0.2659113
0.2701317
0.2688094
0.2236152
0.2547342
0.257556
0.2487857
0.2512496
0.2594716
0.23154
0.2660261
0.239957
0.2304501
0.2299183
0.202256
0.2414134
0.2372177
0.2584719
0.2392474
0.2402314
0.2401722
0.2601919
0.2435983
0.2456337
0.2245854
0.2508244
0.2804486
0.2766457
0.2465954
0.2434996
0.2512318
0.2507218
0.2457047
0.2277383
0.2546522
0.2690906
0.2653452
0.2423951
0.2782552
0.249239
0.2091227
0.2296755
0.2396475
0.2433178
0.2482218
0.2618698
0.2579054
0.2708572
0.2551805
0.2554061
0.2454904
0.2444181
0.245944
0.2189776
0.2189517
0.2362114
0.2384319
0.2360705
0.2234641
0.2466371
0.2516742
0.2503225
0.2567256
0.2515998
0.2610309
0.2694521
0.2492439
0.228373
0.2445883
0.2423798
0.2381073
0.2287757
0.2504368
0.2415563
0.2337415
0.2395344
0.2394838
0.2350193
0.2480508
0.2439495
0.2497963
0.2699504
0.2324863
0.2333872
0.2357526
0.2555707
0.2729053
0.2497577
0.2662979
0.2623662
0.246562
0.2476213
0.2307492
0.2231075
0.2191641
0.2355101
0.2551155
0.2743082
0.2677526
0.2742059
0.2239935
0.2449049
0.2290479
0.2467511
0.2647493
0.2445474
0.2195708
0.2478686
0.2365417
0.2443652
0.2369111
0.2304702
0.21457
0.2351724
0.2102643
0.2571967
0.2412045
0.2374937
0.2421978
0.2478073
0.2318644
0.229187
0.2563592
0.2574473
0.2203212
0.2431024
0.2356617
0.2431336
0.2598795
0.2346925
0.2562457
0.2367861
0.2281266
0.2388953
0.2300116
0.2349279
0.2503837
0.2490725
0.2645147
0.255457
0.2278642
0.243261
0.2229033
0.2129068
0.2217086
0.2212016
0.2428174
0.2404947
0.2353129
0.2485305
0.259635
0.2179927
0.1916176
0.1945327
0.2320786
0.2185039
0.2184332
0.2148231
0.2119751
0.2054989
0.2009389
0.2278259
0.226976
0.2149643
0.2355418
0.2353795
0.2245113
0.2393043
0.2196685
0.2596134
0.2661656
0.2477621
0.2447245
0.2354231
0.2425642
0.2375899
0.2578991
0.2362607
0.2386638
0.2163513
0.2125283
0.2235816
0.2293311
0.2245465
0.2435096
0.2079789
0.226696
0.2254377
0.23939
0.2216228
0.218488
0.2087728
0.2223342
0.2142704
0.2314029
0.2260717
0.2151063
0.230796
0.2259691
0.2443045
0.2252728
0.2399638
0.2337598
0.2029565
0.2049198
0.2665156
0.2512124
0.2225795
0.2257953
0.2327812
0.2153603
0.2148751
0.20372
0.2431196
0.2339711
0.2089311
0.2255061
0.1903082
0.2195663
0.2336924
0.2314589
0.2347674
0.2436462
0.2328214
0.2361349
0.274601
0.2388553
0.2729882
0.2175973
0.2319331
0.2128653
0.2252513
0.2563529
0.2352853
0.2300033
0.1973225
0.2226442
0.2111927
0.2550832
0.2225641
0.215565
0.2447137
0.2779215
0.2204171
0.2302147
0.221633
0.2648487
0.235238
0.17704
0.2134305
0.2583957
0.2323227
0.2083787
0.2346869
0.2272704
0.248812
0.2331744
0.2254346
0.2059136
0.2409479
0.2212434
0.2119314
0.2330394
0.2167732
0.1940325
0.2152881
0.187418
0.1835338
0.207045
0.2163684
0.1915147
0.2058362
0.2077178
0.2107691
0.2019222
0.2512811
0.2290011
0.2305885
0.1920483
0.2242755
0.2265915
0.2033676
0.2112736
0.2324754
0.2425417
0.2474017
0.2281684
0.2302866
0.2406286
0.1957103
0.1937719
0.2161044
0.2074277
0.1587972
0.1774689
0.1964277
0.1882143
0.1829168
0.1984739
0.2308558
0.1864591
0.2026715
0.1756921
0.192826
0.1991558
0.2082064
0.1949513
0.1807443
0.2557229
0.2322913
0.2485133
0.1962149
0.1805973
0.2116123
0.1982795
0.2038422
0.1875546
0.1868987
0.1924222
0.2261378
0.2102639
0.2075931
0.2030823
0.1941892
0.2151476
0.1968916
0.2039713
0.1836453
0.1979194
0.1934982
0.2025879
0.1903263
0.2060613
0.2101344
0.2457386
0.2209091
0.2281891
0.1979279
0.2047424
0.2366817
0.2705519
0.2779577
0.2205529
0.2050957
0.2311687
0.2615021
0.250464
0.2454197
0.2043094
0.2363756
0.224579
0.2077634
0.2141524
0.2307543
0.209678
0.1991766
0.2077518
0.211011
0.223883
0.2614416
0.2730774
0.2405052
0.241056
0.2562717
0.2150989
0.2222282
0.2276649
0.2205837
0.2705133
0.2544202
0.2181185
0.2388341
0.2457647
0.2420553
0.2442109
0.2596157
0.279903
0.2204271
0.2481006
0.266701
0.2269547
0.2198921
0.2408212
0.1928472
0.2287174
0.236397
0.2291961
0.227108
0.1888114
0.1945207
0.2127441
0.2244169
0.2048459
0.2022617
0.2026274
0.2122175
0.1878393
0.2016437
0.202866
0.20636
0.2097
0.2157896
0.2180164
0.2283398
0.2269423
0.2580239
0.2186173
0.2337108
0.2532048
0.2393997
0.2697468
0.2413743
0.244029
0.2692592
0.2449472
0.2427702
0.2451749
0.2376579
0.2443331
0.2662449
0.2392884
0.2455726
0.2383893
0.2397565
0.2397466
0.2656344
0.2505592
0.2439954
0.2495882
0.2672805
0.2540426
0.2915198
0.2754474
0.2796457
0.2647831
0.2756096
0.2556806
0.2640362
0.2717921
0.262457
0.2757385
0.2480546
0.274866
0.2366834
0.2477214
0.2440789
0.2369776
0.2799196
0.2452084
0.2524132
0.2585856
0.2828915
0.2676773
0.293799
0.2382448
0.2352518
0.28152
0.2780192
0.2911388
0.2603833
0.2704234
0.2330156
0.2587852
0.2842509
0.2768269
0.2566765
0.2268483
0.2712466
0.2713559
0.2501976
0.2891136
0.2462631
0.2802388
0.2691088
0.2386253
0.2523733
0.2206838
0.2388922
0.249379
0.2833548
0.2682016
0.285845
0.2820695
0.2812096
0.2543108
0.238102
0.24368
0.2871902
0.2751658
0.2117823
0.2033897
0.2031889
0.2206489
0.2327908
0.2962568
0.240191
0.2795968
0.2508257
0.2564728
0.2726247
0.2689808
0.2557869
0.2841567
0.2368276
0.2174154
0.2545441
0.2697015
0.2419188
0.2469854
0.2452765
0.2776471
0.3006603
0.2712711
0.2320671
0.2451103
0.2516002
0.2647563
0.2599726
0.2755055
0.2674973
0.2650881
0.262141
0.2745616
0.2368269
0.2679926
0.2985103
0.2465434
0.2761156
0.274889
0.2596603
0.2536001
0.258131
0.2529717
0.2754289
0.3064978
0.2746557
0.2645997
0.2714635
0.2721112
0.2568727
0.2573071
0.2487938
0.2718644
0.2585044
0.2853854
0.2326271
0.2329524
0.2801841
0.2586595
0.2699959
0.2893317
0.2346798
0.2781931
0.232285
0.2592889
0.2594949
0.2415747
0.2694167
0.2315274
0.2656903
0.2616257
0.2392082
0.2579317
0.2369741
0.2697567
0.252992
0.2598805
0.252714
0.2694586
0.286347
0.2535535
0.2911159
0.2833159
0.2420623
0.2704221
0.2584438
0.2605804
0.275695
0.2831835
0.2674527
0.3244878
0.306196
0.310626
0.2733889
0.2629838
0.2723638
0.2674808
0.2793896
0.2687669
0.2691109
0.2917651
0.284297
0.3249403
0.3020253
0.2672815
0.2758566
0.3178148
0.2663915
0.2693842
0.2643211
0.2493664
0.2512696
0.283766
0.2441721
0.2558131
0.2300194
0.2818933
0.2923906
0.2635615
0.2625702
0.2867755
0.2693279
0.2612581
0.2900701
0.2891946
0.3398398
0.3070267
0.3024065
0.2920102
0.280878
0.2880324
0.2636805
0.2741841
0.2379505
0.2686752
0.2768799
0.2845386
0.2441453
0.2326622
0.2604668
0.2912977
0.274615
0.2535359
0.2752747
0.2919635
0.2880546
0.2620325
0.2753073
0.3263046
0.242764
0.2477734
0.2892491
0.2860097
0.2680893
0.2764429
0.2575559
0.2766639
0.2479398
0.2776366
0.2703162
0.2672451
0.2743003
0.2910942
0.2999413
0.2678964
0.2864136
0.23642
0.245997
0.2580376
0.2261133
0.2674194
0.2878491
0.30284
0.2869607
0.2407804
0.2602062
0.2773781
0.223504
0.2184726
0.2618513
0.2409601
0.2347774
0.291692
0.2214565
0.2643673
0.2698916
0.2253941
0.2450873
0.2314626
0.2401811
0.2625423
0.2617629
0.2624314
0.2253939
0.2288052
0.262706
0.2537047
0.2849842
0.279689
0.2755425
0.2608683
0.2406442
0.2762214
0.2650977
0.2363165
0.2594541
0.2376442
0.242092
0.2465035
0.2722597
0.2534507
0.2713094
0.2307738
0.2600928
0.2358493
0.2435227
0.22995
0.3230215
0.2935145
0.2725824
0.2371208
0.2887729
0.2708242
0.3268681
0.3344191
0.3094231
0.274495
0.2161561
0.2597645
0.2998477
0.3173759
0.2564956
0.2053233
0.212038
0.267547
0.2938733
0.2554355
0.2566782
0.2516257
0.2643666
0.2748883
0.2595064
0.2682372
0.2803656
0.244452
0.2635093
0.2876598
0.3010947
0.2660682
0.2466602
0.2706483
0.2488785
0.2591139
0.2669691
0.2913824
0.2817343
0.300556
0.2652111
0.2728902
0.2855964
0.2692147
0.2586361
0.2702339
0.3033141
0.2890049
0.3282785
0.2868565
0.2402492
0.2584046
0.3228697
0.2691978
0.2555641
0.2792685
0.2797829
0.2921261
0.2916686
0.2772647
0.3027816
0.3006735
0.276969
0.2753309
0.3145995
0.3063307
0.3245072
0.3049793
0.3040721
0.2926081
0.3205196
0.2828188
0.2947885
0.2724727
0.3207526
0.284872
0.3117983
0.3054838
0.3257872
0.3167219
0.3082761
0.3197457
0.2714413
0.2376769
0.2173798
0.2811263
0.2663628
0.2900823
0.2855602
0.2807891
0.2737052
0.3107246
0.2776297
0.2705583
0.308995
0.2784148
0.2890144
0.2864338
0.2993219
0.2705548
0.2893254
0.2839619
0.2916788
0.3022763
0.2958752
0.2818784
0.3165903
0.2905281
0.2876883
0.3065153
0.3283882
0.2866157
0.2985897
0.2978671
0.2792495
0.2888616
0.2932464
0.2793253
0.2926211
0.2577644
0.3098343
0.2996342
0.2830663
0.276507
0.2678449
0.2848298
0.281749
0.2557989
0.2695039
0.2640352
0.2695955
0.2677148
0.2638252
0.2708236
0.2762912
0.2679477
0.267409
0.2958636
0.2803388
0.2734854
0.2938448
0.2681016
0.2724277
0.2770404
0.2848907
0.2733862
0.2773402
0.2605012
0.2835427
0.2752498
0.2672964
0.2698177
0.2866596
0.2686299
0.2796981
0.2788078
0.27756
0.2605066
0.2452202
0.2739664
0.2729132
0.2472623
0.2700366
0.2684599
0.2633612
0.2650101
0.2652327
0.2565744
0.2622171
0.2636845
0.2718415
0.2787739
0.2916383
0.2640905
0.2891538
0.2791355
0.2947729
0.2787833
0.2603232
0.2887016
0.2791341
0.2881457
0.2827046
0.2737252
0.2725449
0.2732871
0.2882073
0.2839775
0.3055746
0.285419
0.2821889
0.2794526
0.2844145
0.293879
0.2889888
0.2871685
0.2886214
0.2802957
0.2851956
0.2796369
0.266056
0.2827378
0.2548396
0.267577
0.2663175
0.2635953
0.2683513
0.2885314
0.2641782
0.2867546
0.2771731
