0.1600466
0.1594996
0.1635855
0.1923088
0.1988293
0.2011768
0.2069936
0.1917266
0.1808356
0.2169669
0.2074693
0.229423
0.1871615
0.2341236
0.1844191
0.1950125
0.1807445
0.1737228
0.1801045
0.1788959
0.1868803
0.1704034
0.1842834
0.1982472
0.1946864
0.1858904
0.1917037
0.1496209
0.13115
0.1390009
0.1053154
0.1390454
0.118591
0.120879
0.1245579
0.1346735
0.1471346
0.1360619
0.142956
0.1195057
0.1421439
0.1166752
0.1257014
0.1206867
0.157442
0.1749374
0.1890363
0.1487956
0.1613208
0.1213483
0.1581103
0.1368693
0.1808951
0.1837862
0.1942796
0.1917177
0.2168101
0.2157534
0.2177182
0.1917758
0.2149718
0.2252624
0.2061969
0.2085212
0.1893653
0.193078
0.2082619
0.2068162
0.1654412
0.2206709
0.2279424
0.2211286
0.2112099
0.2213539
0.1985691
0.188525
0.1916945
0.1798955
0.1749295
0.1832708
0.1969757
0.2270526
0.2186966
0.2097335
0.2036268
0.1899853
0.1806695
0.1826552
0.170867
0.184448
0.1874296
0.1790016
0.1919713
0.1762439
0.1928018
0.1897585
0.1811299
0.1974766
0.1929575
0.2264393
0.2173535
0.1977194
0.179915
0.2592896
0.1973768
0.1827431
0.1966732
0.17585
0.2078839
0.1804863
0.1997317
0.1849335
0.2091587
0.2170079
0.1798178
0.2029986
0.1797359
0.1655317
0.1914721
0.1765994
0.1643249
0.1540008
0.1924322
0.1933452
0.1666755
0.1747008
0.1942716
0.1816541
0.2057119
0.153914
0.1917839
0.1874387
0.169626
0.1820885
0.1528172
0.124044
0.1385388
0.1514808
0.1328898
0.1572671
0.1712653
0.1491831
0.1358439
0.1414425
0.1424086
0.1536271
0.1574809
0.1589388
0.1550922
0.162317
0.1355446
0.1469469
0.1699202
0.1638201
0.1749073
0.1570185
0.1469709
0.1529658
0.1353903
0.163548
0.1628212
0.1303559
0.1540151
0.1576291
0.1545687
0.1549908
0.1604032
0.1534475
0.1859274
0.1721087
0.1601459
0.1855323
0.1817594
0.1738313
0.1611371
0.1879322
0.1660927
0.1698932
0.1732718
0.171156
0.1693976
0.1820864
0.2067699
0.1749189
0.1941758
0.1820296
0.2083881
0.1881755
0.18995
0.1829534
0.1831197
0.1798937
0.198537
0.1988852
0.1886668
0.1878147
0.2134454
0.2255901
0.1988144
0.2037348
0.1960975
0.1985218
0.2159
0.2191267
0.1662118
0.1843043
0.1747241
0.1838385
0.165303
0.1857325
0.2047263
0.2065312
0.1895774
0.1801749
0.1705719
0.1749909
0.183881
0.1931217
0.1816432
0.1940497
0.2031069
0.1851586
0.1858249
0.1982274
0.1944048
0.1772016
0.1757587
0.1822832
0.1829001
0.1759265
0.174081
0.1717369
0.193828
0.1917701
0.1828701
0.1754465
0.195632
0.1750518
0.1984056
0.2061922
0.1618636
0.1780647
0.1868529
0.1858208
0.1837973
0.1857153
0.1981793
0.1894874
0.1961382
0.1930535
0.2103041
0.2036647
0.2011848
0.2084018
0.1936806
0.1941028
0.1973355
0.1928789
0.1996509
0.1924877
0.1906139
0.178148
0.204119
0.2023675
0.198954
0.1862419
0.1752003
0.1829756
0.1725867
0.185077
0.1926188
0.1848955
0.191918
0.2008714
0.1988372
0.2094431
0.194174
0.186506
0.1759578
0.1912307
0.1868116
0.2025889
0.2043678
0.1917719
0.1863515
0.198613
0.2051085
0.202196
0.2028473
0.1922535
0.2078733
0.194552
0.1812358
0.2014821
0.1954039
0.1843347
0.1813234
0.1794385
0.1733494
0.1749256
0.1820344
0.2025012
0.1920609
0.1959663
0.1998245
0.1872382
0.1832737
0.1991666
0.1840314
0.1679812
0.1778449
0.1847712
0.1952668
0.2067866
0.1914804
0.1673605
0.1398796
0.1586258
0.155567
0.1652231
0.1458096
0.1512932
0.158681
0.1427379
0.1777745
0.1731128
0.1661275
0.1705539
0.1526802
0.1507797
0.1510491
0.1776218
0.1855033
0.1688511
0.1884066
0.1785319
0.1679747
0.1378744
0.1570536
0.1437829
0.1704624
0.1566249
0.1450209
0.1256327
0.1763225
0.177448
0.1598638
0.1354922
0.139345
0.1658626
0.1514856
0.1060613
0.1053037
0.128854
0.1489829
0.1624179
0.1585015
0.1523993
0.1377892
0.1540665
0.1417032
0.1475168
0.1264552
0.1308085
0.1727269
0.1426447
0.1048309
0.1319751
0.1218854
0.1363827
0.1320171
0.1075825
0.1189045
0.1105722
0.1052619
0.1224193
0.1168688
0.1137749
0.1401486
0.1457566
0.1409421
0.1418921
0.1375787
0.1398719
0.1333545
0.1553986
0.1400246
0.1611553
0.1490566
0.1557517
0.1426341
0.1683741
0.1509187
0.1508188
0.1461487
0.1598923
0.1402657
0.134837
0.1395677
0.1236387
0.1233712
0.1316629
0.1194204
0.1322694
0.1184326
0.1134634
0.1385824
0.1828104
0.1434382
0.1072044
0.121734
0.1094608
0.1471547
0.1163689
0.1065417
0.1144998
0.126055
0.1322028
0.119787
0.1054559
0.1506822
0.1625715
0.133139
0.1441322
0.1458353
0.1456049
0.1036123
0.127439
0.1461186
0.1248229
0.1065286
0.0992576
0.1141707
0.0942009
0.1191923
0.0957251
0.1188904
0.1188979
0.1190594
0.1042628
0.1367477
0.1272814
0.117752
0.1011807
0.1307107
0.1237317
0.1211357
0.0941937
0.1416124
0.1579932
0.1507534
0.1260651
0.0979803
0.0888782
0.0916963
0.0965104
0.0871965
0.1009002
0.0922848
0.0926831
0.1101953
0.1202535
0.105299
0.1113795
0.10788
0.1133282
0.112186
0.1043325
0.0969393
0.1111787
0.1092591
0.0864639
0.0880346
0.1235013
0.096029
0.1085059
0.0982426
0.1099343
0.1204743
0.1448428
0.1485814
0.1076007
0.1102324
0.1191451
0.1083231
0.1119542
0.1223403
0.1106288
0.1237257
0.1028742
0.1290919
0.1083671
0.1131967
0.1083051
0.1231256
0.0991395
0.1497797
0.1320695
0.1271101
0.1391892
0.1203733
0.1320434
0.1353515
0.1119682
0.113825
0.116209
0.1139668
0.1119982
0.1500865
0.1484982
0.1611688
0.133527
0.1463971
0.1326512
0.1444852
0.1595563
0.1486647
0.172083
0.1489884
0.1554308
0.149645
0.1450633
0.1558246
0.1444371
0.1602973
0.1415198
0.1342442
0.1334551
0.1361031
0.1322
0.1282158
0.1653471
0.1306457
0.1344716
0.1499044
0.14901
0.1364822
0.1270782
0.128842
0.1439602
0.1336163
0.1536176
0.1337444
0.1478329
0.1304424
0.1463576
0.1523643
0.1370208
0.1545624
0.1504276
0.142295
0.1452785
0.1458219
0.1429433
0.1344514
0.145676
0.1389672
0.1445138
0.1478306
0.1277744
0.1482123
0.1576592
0.150883
0.1302842
0.1433522
0.1692583
0.1524977
0.1342175
0.1550029
0.1587067
0.153869
0.145084
0.1447088
0.1425851
0.1405133
0.1408463
0.1413756
0.1462683
0.1256416
0.1460609
0.143172
0.1553896
0.1606027
0.1347882
0.1438428
0.1338617
0.1374629
0.1583889
0.1237971
0.1466205
0.1285249
0.1510725
0.1611178
0.1617927
0.1554393
0.1547768
0.1452671
0.1536476
0.1541265
0.1447828
0.1304945
0.1274389
0.1456892
0.1303256
0.148465
0.170488
0.1564093
0.158972
0.1681284
0.1398574
0.1639934
0.1478061
0.1355438
0.157148
0.1527908
0.1758269
0.1440456
0.1635638
0.1570678
0.1669403
0.1671966
0.1647088
0.1781041
0.151424
0.1531765
0.1654441
0.1494344
0.1446804
0.1693809
0.1905087
0.1488321
0.1287726
0.1133694
0.1213247
0.1275264
0.1422769
0.1338666
0.1371155
0.1204717
0.1413723
0.1517608
0.1297152
0.1480811
0.1544137
0.1497348
0.1431338
0.1176766
0.1277437
0.133992
0.153443
0.1404143
0.1221502
0.156342
0.1401042
0.1268399
0.1448103
0.1506394
0.1309394
0.1199345
0.1381577
0.1365996
0.1347482
0.1470774
0.1286951
0.1200385
0.1230543
0.121012
0.1335632
0.1196591
0.1277282
0.1268656
0.1409909
0.1296682
0.1303177
0.129079
0.1241806
0.1419969
0.1455717
0.1508929
0.1299078
0.1471123
0.1310387
0.127691
0.134003
0.1460392
0.1356775
0.1391701
0.1424717
0.1405308
0.1474832
0.1378937
0.1435305
0.153432
0.1206961
0.1454352
0.1609221
0.152548
0.1460706
0.1428759
0.1435475
0.1639604
0.1600099
0.1218224
0.1376003
0.1136081
0.137296
0.1334354
0.1307502
0.1330952
0.1351533
0.1335945
0.1603729
0.1389623
0.1399581
0.1517632
0.1509897
0.1438189
0.115208
0.1507125
0.1557906
0.1520765
0.1439238
0.1401454
0.1490076
0.1226434
0.1334735
0.1362151
0.1413727
0.1268974
0.1400372
0.1295729
0.135592
0.1400622
0.1549921
0.1238358
0.141291
0.1283027
0.1245621
0.1580346
0.1791021
0.1406482
0.1283472
0.1669026
0.1532508
0.126929
0.1572283
0.1449704
0.1372288
0.1271251
0.1311813
0.1418696
0.1316151
0.1222215
0.1212546
0.1373979
0.1192207
0.123922
0.143587
0.1137932
0.1335096
0.1458696
0.1361708
0.1393141
0.1332489
0.1204614
0.1374932
0.1451331
0.1436083
0.127771
0.1340324
0.1246063
0.1392721
0.1268512
0.1520703
0.1423257
0.1567499
0.1237115
0.1324521
0.1350324
0.1371066
0.1573103
0.1450354
0.1003856
0.1267671
0.13693
0.1093303
0.1325604
0.1402342
0.1477155
0.1256
0.1171695
0.1193501
0.1191107
0.1329672
0.1198384
0.1108743
0.1011266
0.0995052
0.1096078
0.1012457
0.1054146
0.1159171
0.1141974
0.1089264
0.1249887
0.1019649
0.1132362
0.1068879
0.1100976
0.1169411
0.1158977
0.1094994
0.1182718
0.1086319
0.1151278
0.1166921
0.1103808
0.1264861
0.1085076
0.120749
0.1184502
0.1134565
0.0999522
0.1131975
0.0958695
0.1167015
0.1249636
0.1088601
0.1145393
0.1186836
0.1176181
0.0966239
0.1022003
0.1124911
0.1300001
0.1249511
0.1050349
0.1106722
0.1179485
0.1149929
0.1160755
0.1168267
0.11491
0.1195326
0.1318475
0.1509684
0.1245069
0.1393587
0.1153191
0.1222486
0.1284567
0.1093722
0.0978508
0.1104946
0.1259252
0.1371105
0.1392882
0.1022741
0.1170638
0.1072832
0.1348826
0.131024
0.1305217
0.1216655
0.1330522
0.1206648
0.1478557
0.1267787
0.1444245
0.1358564
0.1405293
0.1502107
0.1160355
0.1223564
0.1350793
0.1281032
0.1679371
0.1438543
0.1442895
0.1673171
0.1508108
0.174541
0.1370478
0.1234885
0.1336791
0.1620037
0.1557927
0.1313572
0.1256852
0.1456953
0.1503545
0.1349697
0.1453991
0.1543002
0.1453126
0.134697
0.1517221
0.1474989
0.1295456
0.1270825
0.1281164
0.1352376
0.13346
0.1869569
0.1402657
0.1257126
0.1378579
0.1498782
0.1362217
0.1485445
0.1663567
0.1918208
0.1902803
0.1627649
0.1582005
0.1736989
0.1773199
0.1502143
0.1515298
0.1575607
0.1592661
0.1697417
0.1663164
0.1641555
0.1746123
0.1852011
0.1732656
0.1651334
0.1510435
0.1574501
0.1510853
0.1487084
0.1586262
0.1513922
0.1362904
0.1427873
0.1495856
0.1423116
0.1647729
0.1688445
0.1459032
0.1426873
0.1567849
0.1579027
0.1549243
0.1380015
0.1463214
0.1502236
0.1631759
0.1331855
0.1102733
0.1215092
0.147051
0.1260951
0.1507452
0.1487023
0.1564237
0.1378257
0.1525448
0.1530032
0.1666683
0.1684426
0.1373246
0.1311679
0.1289601
0.144997
0.1608157
0.1467974
0.150717
0.1555034
0.1470138
0.1559041
0.1470452
0.1704361
0.1556993
0.1292703
0.1400974
0.1413272
0.1517525
0.1472611
0.1386859
0.1198557
0.1488884
0.1411214
0.1665834
0.1187386
0.1577419
0.1315018
0.1589517
0.1241787
0.1582928
0.1547371
0.1349767
0.1459445
0.1499949
0.1446741
0.1475273
0.1572119
0.1260208
0.1260955
0.1139968
0.1292434
0.1287052
0.1574632
0.1317703
0.1205737
0.1619155
0.1424079
0.1429013
0.124763
0.1484397
0.1294626
0.1394305
0.1149342
0.1017754
0.1040538
0.1325502
0.1313517
0.1302058
0.1209324
0.1372267
0.1088966
0.1127269
0.1074389
0.1188917
0.0954414
0.1555361
0.1392269
0.121424
0.1427405
0.147667
0.1477059
0.1221973
0.135986
0.1314975
0.1314482
0.1339684
0.1177239
0.1377446
0.1155432
0.1462138
0.1367693
0.1580295
0.1337109
0.1247332
0.1224307
0.1340867
0.1229251
0.1316105
0.1391697
0.1357605
0.1209449
0.1126915
0.1518082
0.1501223
0.147798
0.1343013
0.1273911
0.117703
0.1579959
0.1520654
0.1516932
0.128664
0.140489
0.1105191
0.1526399
0.1133369
0.118829
0.1217183
0.1445479
0.1444184
0.1255923
0.1667994
0.1481649
0.1595282
0.1597867
0.1610343
0.162186
0.1561894
0.1576612
0.1639044
0.155514
0.1675852
0.1500434
0.1583731
0.1411733
0.1685732
0.1766964
0.1652681
0.169412
0.1404374
0.1667965
0.170993
0.1519067
0.1618783
0.1591817
0.1671254
0.1699951
0.1699118
0.1618661
0.1685818
0.164609
0.1931456
0.1766497
0.167118
0.1626223
0.1723829
0.1726818
0.1660428
0.1750976
0.1717914
0.1549788
0.1166122
0.1147895
0.1137129
0.1041743
0.1280543
0.1166397
0.1115285
0.1034355
0.1052325
0.1128163
0.1021405
0.1123761
0.0878108
0.1042026
0.1031445
0.1450446
0.0944496
0.0947772
0.1028356
0.1153405
0.0970745
0.106424
0.1401193
0.1457649
0.1110493
0.1284254
0.1449241
0.1453429
0.124636
0.1411852
0.1532518
0.1371161
0.1216511
0.1382072
0.1313437
0.1122684
0.1284667
0.1388898
0.108165
0.1255497
0.1314339
0.1247504
0.1137413
0.1006927
0.1206019
0.1267694
0.1348535
0.1462214
0.1192663
0.1382341
0.1373177
0.1143115
0.1027154
0.0999711
0.1091335
0.1297314
0.101138
0.1184917
0.1121061
0.1067593
0.1290878
0.098792
0.0884549
0.0958813
0.0982284
0.1126755
0.1766644
0.1410775
0.1554328
0.1472362
0.1363032
0.1339703
0.1665475
0.1532464
0.1608822
0.1613753
0.1262479
0.1459666
0.1481748
0.1426107
0.1601155
0.1653318
0.1580155
0.1553106
0.1620124
0.1724313
0.1360783
0.1504444
0.1532931
0.1509542
0.1588755
0.1690812
0.1763553
0.1819088
0.1622012
0.1677009
0.1587715
0.161246
0.182476
0.1866398
0.1561009
0.1572124
0.1574489
0.1468251
0.1497333
0.1713017
0.151935
0.1430963
0.1478902
0.1479959
0.1543542
0.1525876
0.1571305
0.1712902
0.162645
0.1592908
0.1397563
0.1569123
0.1487138
0.1719567
0.1537029
0.1870889
0.1733636
0.1632263
0.1490707
0.1342341
0.1404749
0.1675899
0.1420061
0.1426696
0.143688
0.1683256
0.1503671
0.1596281
0.1545359
0.1511749
0.1432659
0.1583041
0.133584
0.183472
0.1703195
0.1378817
0.1624431
0.1572867
0.166258
0.1656165
0.1639029
0.1423919
0.1584107
0.1728994
0.1664158
0.172375
0.1350945
0.1684437
0.1528997
0.1589555
0.1754144
0.1546143
0.1628825
0.1815891
0.1659044
0.1905236
0.1720227
0.1429889
0.1705965
0.1820165
0.1431786
0.1721652
0.1724015
0.1762516
0.1616435
0.15601
0.1466492
0.1307836
0.152945
0.1588429
0.1582001
0.1556278
0.1502795
0.1384482
0.1332911
0.1418214
0.1501168
0.1612116
0.1380357
0.1306417
0.152839
0.2132849
0.1827973
0.2018664
0.1981013
0.1872859
0.2082379
0.1610888
0.1808145
0.2120117
0.19155
0.1825662
0.1662115
0.1775519
0.1893953
0.2050205
0.1928475
0.1939446
0.1881594
0.1609446
0.1590188
0.1699242
0.1709048
0.1991006
0.1658933
0.1591945
0.172686
0.1457813
0.1180043
0.1488196
0.1386869
0.1268356
0.1373871
0.1427842
0.155254
0.1586897
0.1446488
0.1665775
0.1613029
0.1648908
0.1644317
0.1655803
0.176449
0.1773801
0.173251
0.1519043
0.1710703
0.1874059
0.1670821
0.1586614
0.1589059
0.166669
0.1376173
0.1668064
0.1825043
0.1686842
0.1689749
0.1594221
0.1651369
0.1857193
0.152705
0.1519383
0.1955387
0.1720966
0.1611959
0.1560794
0.1487173
0.1634911
0.1754697
0.1700702
0.1722051
0.1582662
0.1679303
0.1832663
0.1538226
0.1769169
0.1716225
0.1514149
0.1796781
0.184858
0.1665418
0.1696234
0.1596292
0.1762857
0.1600097
0.1804059
0.1790774
0.1583377
0.1623352
0.158434
0.1766426
0.1201999
0.1494898
0.1614786
0.1660353
0.157854
0.144048
0.1397957
0.1720251
0.119707
0.156036
0.1584078
0.1526033
0.1709754
0.1394234
0.1478767
0.1480521
0.1377682
0.1443529
0.1609401
0.1812974
0.1570315
0.1861023
0.1417177
0.1359631
0.1540931
0.1662477
0.1651166
0.1377066
0.1438534
0.1389317
0.1381024
0.1542159
0.1387925
0.1428703
0.1408669
0.1539034
0.1637411
0.1427616
0.1371753
0.1536507
0.1323175
0.162564
0.1277679
0.1280159
0.145409
0.1582385
0.1607405
0.1507868
0.1662204
0.1521788
0.1512121
0.1528144
0.1721726
0.1772596
0.1503985
0.1717446
0.1616197
0.1685985
0.1601963
0.1648462
0.1686269
0.1692569
0.1445646
0.1533819
0.1708733
0.1641714
0.1709378
0.1799211
0.1536845
0.1681672
0.1460715
0.1722686
0.2140339
0.1864366
0.162769
0.1657958
0.1754167
0.178613
0.1609975
0.1883653
0.1804659
0.1685341
0.1621353
0.2006711
0.1894134
0.1681519
0.15226
0.1651183
0.1514171
0.1630309
0.1630284
0.1377845
0.1687339
0.1587446
0.163552
0.160498
0.1564188
0.1440869
0.1594589
0.1490265
0.1342839
0.1514593
0.1403611
0.1225376
0.1677665
0.1449687
0.1794136
0.1604219
0.1528213
0.1453834
0.17803
0.17992
0.1782354
0.1720713
0.1530142
0.1688797
0.1687073
0.1736199
0.1757259
0.1599741
0.1733035
0.152734
0.1622774
0.1803384
0.1502144
0.1889206
0.1668398
0.1621224
0.1689827
0.1693561
0.1597475
0.154957
0.1713067
0.1821138
0.1840088
0.1858968
0.1715214
0.1791754
0.1750214
0.1682978
0.1730466
0.1646911
0.1612242
0.1672937
0.1641979
0.1877864
0.1744168
0.1794285
0.1659424
0.1794513
0.1837097
0.1950459
0.1781378
0.1998153
0.1897927
0.1585902
0.1799
0.1821336
0.1556583
0.1729255
0.1708405
0.1778935
0.1656933
0.1657292
0.1571417
0.1610546
0.1743271
0.1645815
0.1693305
0.1694252
0.1748399
0.1726898
0.1614074
0.1545691
0.179231
0.1978342
0.1818699
0.1624086
0.1548578
0.1753047
0.1987638
0.2318379
0.2212103
0.2016064
0.1826135
0.1587975
0.1615639
0.168829
0.2016766
0.1929504
0.1767226
0.1716507
0.1498094
0.1573296
0.1682992
0.1805581
0.1531108
0.1524316
0.1496203
0.1432973
0.1652279
0.1506293
0.1676009
0.1706261
0.1541129
0.1525319
0.1637022
0.1725693
0.1753683
0.1751217
0.1600859
0.1691958
0.1788826
0.1511573
0.1697493
0.1718112
0.1666743
0.1790172
0.1884416
0.1774608
0.1775263
0.1785149
0.174191
0.1826951
0.1481975
0.1459553
0.1477517
0.1556539
0.1542097
0.1127394
0.1360455
0.1729962
0.1142833
0.1273237
0.1476324
0.1640643
0.1670067
0.1685714
0.1678572
0.1470781
0.1543001
0.1551596
0.1952336
0.1633223
0.1702815
0.175238
0.1902742
0.1774995
0.1835655
0.166015
0.1716899
0.2040029
0.214998
0.1455118
0.1568654
0.1749094
0.1674848
0.1739753
0.1714814
0.185698
0.1913315
0.1634452
0.167296
0.1631655
0.181029
0.1596881
0.1224932
0.1356766
0.1755846
0.1467229
0.1606293
0.1668606
0.1624316
0.1582676
0.1764983
0.1682272
0.1728907
0.1977894
0.1585449
0.1720032
0.1552045
0.1367276
0.1512942
0.1551937
0.1677109
0.1449358
0.1516305
0.1660701
0.165258
0.1460964
0.1724848
0.1588726
0.15888
0.1846698
0.1325189
0.1499761
0.164661
0.1806767
0.1791974
0.1552611
0.16426
0.1844126
0.1587519
0.2016368
0.2026486
0.1811701
0.1658983
0.1849884
0.1753367
0.1687484
0.1785794
0.1655687
0.1686233
0.1686547
0.171636
0.1713342
0.184798
0.1872549
0.1832168
0.1637541
0.1449732
0.1671459
0.1712674
0.1437695
0.1852728
0.1681471
0.1608957
0.1559794
0.1371899
0.1420319
0.1543654
0.1402268
0.1466402
0.185819
0.2016168
0.1811874
0.1642518
0.1618099
0.1357824
0.1403562
0.1684187
0.1619552
0.1849242
0.1827299
0.1774224
0.1643803
0.167134
0.1896643
0.1630582
0.1430904
0.1588269
0.1524521
0.2064847
0.1987843
0.1696673
0.1496585
0.1841853
0.1925558
0.1734357
0.1995214
0.1775189
0.1638716
0.1457709
0.1567028
0.1356101
0.161595
0.1561032
0.1635271
0.1735881
0.1670843
0.1559892
0.1184681
0.1699284
0.1705747
0.1595064
0.1521851
0.1561978
0.1582156
0.138656
0.1518879
0.1458116
0.1585831
0.159959
0.1401718
0.1882809
0.1721688
0.1796875
0.1791835
0.1656183
0.1621466
0.1404852
0.1541172
0.1935643
0.1534199
0.1762662
0.1577328
0.1708572
0.1835234
0.187139
0.1620637
0.1741276
0.1869486
0.1938467
0.1887121
0.1672422
0.1882437
0.1595402
0.1748299
0.169074
0.1677201
0.1863899
0.1666695
0.1564809
0.1414092
0.1498018
0.1459867
0.1672419
0.1292644
0.1689352
0.1542432
0.1517183
0.1393811
0.1477115
0.1704861
0.1923409
0.1918418
0.1322264
0.1983399
0.1908145
0.1647617
0.1915976
0.1751746
0.1629051
0.1790568
0.1436599
0.1569452
0.1778235
0.1976231
0.2093689
0.179954
0.197929
0.2299918
0.1820925
0.2217311
0.1712035
0.1839205
0.1687088
0.1845437
0.1833931
0.159146
0.1686417
0.1683792
0.2033196
0.2069291
0.1717911
0.1935087
0.1854689
0.1554291
0.1678426
0.201832
0.1779273
0.1712382
0.1645473
0.1969761
0.1865551
0.1711157
0.1840813
0.1543523
0.157799
0.1452816
0.1434968
0.1545556
0.1444303
0.1428194
0.1644206
0.1646766
0.1498541
0.1935154
0.1646807
0.1553581
0.1615252
0.1721411
0.1408172
0.1416621
0.133972
0.1550495
0.1368674
0.1823913
0.1862336
0.1899363
0.1540443
0.1640878
0.1380065
0.1403168
0.1517452
0.1602019
0.1675955
0.1727989
0.1500004
0.1633866
0.166122
0.1545229
0.1534812
0.1764766
0.1654432
0.1887807
0.1687931
0.1878294
0.1932348
0.169721
0.1804899
0.1788064
0.1750562
0.1840039
0.1828627
0.1715535
0.1546106
0.1600515
0.1957296
0.1827759
0.1620558
0.214206
0.1618859
0.1762823
0.1462921
0.1667318
0.1694185
0.1659168
0.1652219
0.1790777
0.1793366
0.1842045
0.1323834
0.1688859
0.169439
0.1460184
0.1453786
0.1374283
0.1389119
0.1660502
0.1586475
0.1666367
0.1361567
0.162202
0.1429538
0.1677602
0.1572867
0.1620075
0.1347797
0.140415
0.1554885
0.1605169
0.1692419
0.17925
0.1625139
0.1711274
0.1838386
0.1670579
0.157417
0.1489099
0.1513707
0.1409266
0.1571507
0.141903
0.1802897
0.1414976
0.1474773
0.1363264
0.15209
0.1552918
0.1457962
0.1643026
0.1185714
0.1539225
0.1680024
0.1544167
0.1375953
0.1356459
0.1455303
0.1524399
0.1275413
0.1332886
0.1454049
0.1378625
0.1568467
0.141399
0.1454662
0.1437152
0.1349325
0.1593672
0.1637903
0.1509144
0.1633458
0.1805326
0.167286
0.1692117
0.1620288
0.1384914
0.1700914
0.1868722
0.1985712
0.1824958
0.1963176
0.1765264
0.2048714
0.2026059
0.1904975
0.1784718
0.1905757
0.1856871
0.1882303
0.1724289
0.1771641
0.184903
0.1816119
0.180753
0.178865
0.1923999
0.1834801
0.1949033
0.1711575
0.1638118
0.1797048
0.2008971
0.181005
0.1918981
0.180549
0.1832433
0.1894131
0.1925386
0.1532344
0.1820242
0.1871161
0.1794924
0.1876265
0.1703407
0.1689031
0.1646213
0.1615227
0.1605359
0.1716004
0.1734861
0.1668237
0.1652105
0.16062
0.1519436
0.145211
0.1670136
0.1611236
0.1674772
0.1881164
0.1738064
0.1940431
0.1834886
0.1593174
0.1531757
0.1390602
0.1576592
0.1566395
0.1565127
0.1822644
0.1566514
0.1724856
0.1584077
0.1800245
0.1604776
0.1449751
0.1607806
0.1508127
0.1693921
0.1431426
0.1476479
0.148259
0.1620687
0.1512344
0.1520086
0.1436335
0.1466156
0.146385
0.1635097
0.1573487
0.1621197
0.1631971
0.167363
0.1575272
0.1496257
0.1629733
0.1321392
0.1405855
0.1342957
0.145813
0.152694
0.1423546
0.1629391
0.1565504
0.1325693
0.1427032
0.1465145
0.1734172
0.1564064
0.1890116
0.1515755
0.1549098
0.1709243
0.1531422
0.1487673
0.1502813
0.1688456
0.158122
0.1378425
0.1533621
0.1400616
0.1493886
0.1627869
0.1662847
0.1625135
0.16933
0.1631915
0.1806804
0.1694781
0.1550895
0.1607716
0.1723576
0.1563492
0.1749992
0.1787981
0.1577752
0.1465834
0.1624711
0.1462733
0.1521095
0.1449884
0.1375754
0.1622743
0.1415114
0.1277609
0.1643995
0.1395527
0.1455791
0.1621068
0.1695614
0.13639
0.1436543
0.1316544
0.1340637
0.1381484
0.1418205
0.1416775
0.1245747
0.1619982
0.1634206
0.1510583
0.1634888
0.1343531
0.1363015
0.1522028
0.1573544
0.1652348
0.1322757
0.159146
0.1602304
0.1466415
0.1539688
0.1899041
0.1492425
0.1277105
0.149049
0.1439601
0.1560454
0.1753058
0.1399192
0.1551886
0.1373888
0.1438589
0.1544424
0.1585006
0.1518361
0.1448326
0.1474209
0.1268736
0.1769634
0.1343828
0.1587771
0.1598147
0.155442
0.157246
0.1484666
0.1572075
0.1564888
0.1614791
0.1500614
0.1331168
0.1594352
0.158862
0.1716666
0.1390913
0.1546798
0.1435663
0.1483229
0.1221789
0.1520124
0.1496458
0.1529272
0.1491408
0.1734197
0.1472194
0.1497907
0.1639513
0.1827736
0.1360562
0.1597432
0.1468906
0.1570566
0.1712737
0.1508357
0.1627894
0.1600035
0.1600453
0.1547085
0.1698916
0.1412875
0.1473504
0.1832125
0.1716763
0.1655396
0.1662737
0.1715516
0.1587666
0.1532771
0.1660737
0.1703127
0.187082
0.1975447
0.1816933
0.1598507
0.2072353
0.1713537
0.1635423
0.1779358
0.1760499
0.1733442
0.1821822
0.1810451
0.1686452
0.163219
0.1747812
0.1940705
0.1688149
0.1968292
0.2058654
0.1834566
0.1955508
0.1967911
0.1647432
0.1341525
0.1427926
0.1413351
0.1394671
0.1329697
0.1522705
0.1547265
0.1679858
0.1532257
0.1381804
0.1461625
0.1647014
0.1478839
0.1602914
0.1528908
0.1673965
0.1622384
0.1689985
0.1999154
0.1606731
0.1728316
0.1658731
0.1690532
0.1666606
0.1818167
0.1765674
0.1752945
0.1815857
0.1844443
0.1584741
0.1603451
0.1679437
0.1571752
0.1606517
0.1686527
0.1609381
0.1608557
0.1422822
0.1499096
0.1756434
0.1409739
0.1521711
0.1490432
0.1561605
0.1210831
0.1416195
0.1367291
0.1410213
0.1441848
0.1303283
0.1193502
0.1171195
0.1497114
0.125613
0.1464473
0.1479887
0.132539
0.1373936
0.1427468
0.1252843
0.138437
0.1489303
0.1356397
0.1499704
0.1370374
0.1256102
0.1198692
0.1334055
0.1338714
0.1509319
0.1456549
0.1370649
0.1357176
0.1530477
0.1449499
0.1459248
0.1323139
0.1519537
0.1619846
0.1904125
0.1599151
0.1635647
0.1469596
0.1552244
0.1809741
0.1705638
0.1723545
0.1641293
0.1682068
0.1459244
0.1602794
0.1673936
0.1577682
0.1610178
0.1520753
0.1431852
0.1547149
0.1854022
0.1640943
0.1496451
0.1788652
0.1266087
0.1580144
0.147824
0.154966
0.1664733
0.1749806
0.1750166
0.1653551
0.1659597
0.1774953
0.1831757
0.1665347
0.1749649
0.1765726
0.1811094
0.1639185
0.1635846
0.1696785
0.1975348
0.1522478
0.1623672
0.1842951
0.1610865
0.181604
0.1803208
0.1613086
0.1482162
0.146131
0.1497772
0.1726783
0.1571723
0.1593816
0.1616405
0.1671159
0.1628392
0.1661938
0.1597214
0.1639551
0.1753338
0.1708635
0.1850601
0.1656004
0.1537672
0.1580023
0.178025
0.1668461
0.1626753
0.1679382
0.174318
0.160576
0.149783
0.1692156
0.1683775
0.1842289
0.1754039
0.1536268
0.1752518
0.1721195
0.2007666
0.1839609
0.1706564
0.1922679
0.163657
0.2060773
0.1953534
0.1734743
0.1842199
0.193919
0.1982758
0.1914109
0.1794274
0.1922916
0.1990942
0.2002119
0.195521
0.1890967
0.1963531
0.2053844
0.2003444
0.1660402
0.1743626
0.164758
0.1796663
0.171321
0.1500634
0.1656065
0.1825976
0.1766242
0.1547755
0.1793467
0.193852
0.1541103
0.175884
0.183198
0.1502986
0.1799023
0.1411123
0.1522945
0.1777741
0.1743807
0.1758275
0.1785583
0.1853546
0.1624995
0.1732723
0.1621628
0.1644554
0.1738926
0.1631953
0.1682719
0.1791781
0.1648177
0.1731255
0.1959934
0.1564757
0.1902327
0.1868867
0.1885635
0.1944317
0.1868176
0.1726772
0.1559171
0.1739047
0.1719504
0.1671046
0.1783796
0.1532122
0.1719468
0.1771361
0.1839566
0.1755008
0.1645099
0.1905077
0.1882565
0.1696087
0.1597325
0.1940041
0.1743741
0.1782135
0.1885943
0.1919389
0.1782356
0.1702814
0.1723057
0.1943502
0.2031874
0.1904096
0.206913
0.167371
0.1672666
0.1621845
0.1759819
0.1888432
0.1715776
0.1661896
0.1569031
0.1723195
0.1783199
0.1628893
0.1611803
0.1745431
0.1510639
0.1708628
0.1671716
0.1946621
0.1628931
0.1449356
0.1712105
0.180074
0.1707497
0.1904414
0.1658798
0.1660167
0.16766
0.1852736
0.1520694
0.1502331
0.1327878
0.154196
0.1260447
0.1275939
0.1540534
0.1609771
0.162143
0.1897038
0.1510366
0.1338648
0.1488144
0.1520355
0.1449968
0.13038
0.1526819
0.1543142
0.1728308
0.1652205
0.2115496
0.1878755
0.175147
0.1729943
0.191409
0.1898078
0.1809688
0.1724511
0.1821383
0.1559749
0.2022509
0.169273
0.1733753
0.1874115
0.1840827
0.1826385
0.1786526
0.1627359
0.1714652
0.1733155
0.1914369
0.1869771
0.1809436
0.183334
0.192959
0.203419
0.1831077
0.1765627
0.1539776
0.1766926
0.1676992
0.175621
0.1744359
0.1515958
0.1574729
0.166677
0.1720871
0.1874275
0.1797125
0.1757457
0.1930132
0.1746666
0.1707347
0.1564957
0.1631915
0.1651869
0.1677755
0.1760883
0.1477638
0.1593818
0.1838301
0.1279614
0.1781087
0.1629486
0.1671158
0.1422671
0.1544416
0.1760433
0.1461857
0.159064
0.1587631
0.1427651
0.1651229
0.1612237
0.1506801
0.1369345
0.1512753
0.1401262
0.1464364
0.1724128
0.1668227
0.186392
0.1466446
0.1541396
0.152521
0.1460813
0.1539963
0.1496135
0.1650495
0.1406129
0.1465034
0.1609641
0.1463569
0.1354489
0.1385011
0.1541571
0.1303632
0.1732836
0.1466156
0.1685796
0.1612943
0.156965
0.1457534
0.1461051
0.1426998
0.1486258
0.1476189
0.1588366
0.1540527
0.158257
0.1493486
0.1602457
0.1686691
0.1526022
0.1364659
0.1354913
0.133908
0.1323653
0.143783
0.157323
0.1634359
0.1502705
0.1409534
0.1733573
0.1732949
0.160286
0.1746148
0.1435582
0.1728763
0.175628
0.1683736
0.2082826
0.1942371
0.1945883
0.2062576
0.1884836
0.1868027
0.183517
0.1916556
0.1753749
0.1918378
0.179029
0.2093822
0.1818779
0.1818933
0.1845279
0.184543
0.20245
0.2109728
0.213093
0.198376
0.2103284
0.2407697
0.2344014
0.1832615
0.2362218
0.2228079
0.1971431
0.1935254
0.1932446
0.2121811
0.1934959
0.2130258
0.208255
0.2409054
0.2327884
0.2290745
0.2122436
0.2189091
0.1974793
0.1957832
0.2106872
0.2007712
0.2145467
0.2399939
0.1864691
0.1787841
0.2173944
0.2355731
0.2097573
0.2265948
0.1874764
0.2173563
0.2114567
0.2161074
0.1959793
0.2184521
0.2109126
0.2030953
0.2155647
0.2096337
0.1930993
0.2229452
0.2203059
0.2343491
0.2086884
0.2163095
0.2036874
0.1758345
0.2239686
0.2028624
0.1922029
0.2196232
0.2038708
0.1866925
0.1984961
0.2188935
0.1872803
0.2018455
0.1863265
0.2099133
0.1991773
0.2072452
0.1932767
0.1858593
0.1999372
0.2220297
0.2123319
0.2056474
0.1893796
0.1843555
0.1792109
0.2071537
0.1756469
0.1921088
0.200104
0.1967328
0.2028431
0.2187299
0.1599813
0.1822788
0.1735997
0.1746826
0.1852177
0.175548
0.2044039
0.1853347
0.1895236
0.2300102
0.2199746
0.2055395
0.2094804
0.2271071
0.2253272
0.2303555
0.2354107
0.2215303
0.208351
0.1991443
0.2349617
0.203191
0.1914147
0.2106324
0.2064473
0.1997346
0.2294045
0.2172792
0.2359424
0.2177339
0.2276611
0.2185691
0.1912731
0.2085388
0.2358093
0.2199834
0.1906582
0.1789521
0.1937742
0.1937683
0.1630455
0.1777313
0.183674
0.187636
0.1819424
0.1573945
0.1758189
0.1795446
0.139391
0.1661219
0.1561885
0.176936
0.1671211
0.1746861
0.1840965
0.1862284
0.1552809
0.192657
0.1794792
0.193789
0.205689
0.1986782
0.1908848
0.1733343
0.2238994
0.2166289
0.1917004
0.1581929
0.1705577
0.15761
0.1831399
0.1963939
0.1704373
0.1572334
0.1868979
0.1750417
0.1577612
0.140715
0.1637195
0.143754
0.2089169
0.2087661
0.1894127
0.1701226
0.1754497
0.1718321
0.1710923
0.1565228
0.1724936
0.1598926
0.1832259
0.1569911
0.176189
0.1443627
0.1562448
0.148382
0.1633239
0.1691892
0.1770648
0.1531177
0.1616398
0.1589021
0.1202921
0.1544268
0.1803164
0.1654683
0.1577892
0.1576597
0.1540383
0.1458729
0.1509123
0.1539782
0.1377482
0.1752534
0.1466765
0.1656653
0.1522578
0.148111
0.1313232
0.1306138
0.1461607
0.160363
0.143509
0.1823035
0.1542948
0.1303499
0.1314017
0.1528252
0.1713641
0.1465367
0.1412906
0.1416723
0.163249
0.1544383
0.1481333
0.1615865
0.1739734
0.1347685
0.1269499
0.1366923
0.1601782
0.1477436
0.1626435
0.131909
