0.1448443
0.1651932
0.1630818
0.1628181
0.2002051
0.1712244
0.174488
0.1726392
0.1754376
0.1531464
0.1926424
0.1693677
0.1658793
0.1917198
0.1661278
0.1572578
0.1608838
0.1585117
0.1740897
0.127984
0.1687237
0.18031
0.1678952
0.1487877
0.1570111
0.1366575
0.1347559
0.1451498
0.1371465
0.1270954
0.1575782
0.1443325
0.1535739
0.1543656
0.1387836
0.1657591
0.1559089
0.1836599
0.1846502
0.1773299
0.1509155
0.159292
0.1631317
0.1760611
0.1999805
0.1837587
0.1628025
0.1890308
0.1667895
0.1674183
0.1542714
0.1543765
0.1659928
0.146357
0.147356
0.1630597
0.1451549
0.1499791
0.2171496
0.2037505
0.1594292
0.1977552
0.2059124
0.1846209
0.1816913
0.1895744
0.1883107
0.201559
0.2058529
0.1794313
0.1507613
0.2022434
0.1958538
0.1478918
0.1551864
0.1280235
0.1649791
0.149683
0.1443262
0.1759928
0.1620912
0.1975381
0.179244
0.1846429
0.1872913
0.1898498
0.2234346
0.2055302
0.1835252
0.2028217
0.2461021
0.2001257
0.2155088
0.2176127
0.2282443
0.2455968
0.2389583
0.2229615
0.214993
0.2208858
0.2063381
0.2701156
0.2391891
0.2292681
0.2176811
0.2410777
0.1983354
0.2492339
0.2206594
0.2050929
0.2328187
0.2141213
0.2423313
0.1935207
0.2107303
0.1810927
0.2324823
0.1922263
0.2146456
0.2240158
0.2199076
0.2338505
0.2495286
0.2407403
0.2240155
0.241908
0.2462219
0.2165368
0.1596277
0.154221
0.1478527
0.1659515
0.1910761
0.20579
0.1911542
0.1809293
0.147502
0.1687483
0.1423395
0.1668193
0.1692952
0.1528304
0.1929467
0.1870402
0.1530925
0.1396384
0.1412926
0.1407633
0.148998
0.1427857
0.1718738
0.1861923
0.1369916
0.1411095
0.169651
0.1457957
0.2182491
0.1524346
0.1605964
0.1547024
0.1387799
0.1383321
0.1733958
0.1723031
0.1860795
0.2195218
0.2055259
0.2065805
0.1843943
0.227948
0.22429
0.147407
0.1747156
0.1685408
0.180594
0.2290628
0.2226109
0.2130253
0.2124709
0.2193359
0.2242236
0.1814582
0.2197495
0.2147215
0.2521672
0.2085908
0.2617116
0.2087844
0.2232233
0.2767161
0.2918234
0.2444905
0.2140402
0.280625
0.2565044
0.215883
0.2046426
0.2090235
0.1919851
0.2215472
0.1728193
0.1963518
0.1962126
0.1866206
0.21338
0.1935649
0.1608312
0.1791182
0.2015963
0.1626858
0.2093122
0.2035221
0.174259
0.1735696
0.1993656
0.2505754
0.2094418
0.203258
0.2351561
0.2072373
0.2122535
0.2199668
0.2277915
0.1855692
0.1862209
0.2262916
0.2311985
0.1984988
0.2212341
0.21781
0.1980672
0.2306573
0.2332411
0.1922855
0.2091178
0.1939391
0.1982735
0.1670519
0.229935
0.1908208
0.2022437
0.1801258
0.207185
0.1962568
0.2347755
0.205674
0.2076736
0.1958365
0.179195
0.1487186
0.1755071
0.1700035
0.1727808
0.1790983
0.1854188
0.1784626
0.1571448
0.2450888
0.1928446
0.1852577
0.2010282
0.2158364
0.2355489
0.1835119
0.2295961
0.2337745
0.1688761
0.2004314
0.1886835
0.1914909
0.1735033
0.172475
0.1807304
0.2218246
0.2156285
0.1819716
0.2090584
0.1744591
0.1913816
0.1853233
0.188359
0.1706743
0.201194
0.1953295
0.1694821
0.1800436
0.2043139
0.2067801
0.2101655
0.2207151
0.1794546
0.1896994
0.1748926
0.1718907
0.1504467
0.2100466
0.1752295
0.1826607
0.1565855
0.1488964
0.2027871
0.1992782
0.2324182
0.1687632
0.1896266
0.1538039
0.1715982
0.1531767
0.1750314
0.1396986
0.1672909
0.1383495
0.1641816
0.1712838
0.1751533
0.1981659
0.1401827
0.1743174
0.1172322
0.144249
0.1827079
0.1881166
0.1825014
0.1678556
0.1796077
0.1866635
0.18478
0.1427598
0.1963678
0.1903302
0.190964
0.2109926
0.1823206
0.163756
0.1892057
0.1724607
0.1533491
0.1423365
0.1584961
0.1237545
0.1371922
0.1246193
0.1267177
0.139463
0.1230784
0.135516
0.1208571
0.1838952
0.1459529
0.1619252
0.1584786
0.1535164
0.1638112
0.145505
0.1497249
0.1265686
0.1296953
0.178115
0.1476177
0.1912017
0.1778713
0.1759256
0.1911815
0.2019351
0.2348772
0.2474348
0.1973923
0.1785241
0.2442547
0.2117945
0.2001825
0.2359137
0.2449955
0.2664663
0.2107555
0.175831
0.1915992
0.1646034
0.1696222
0.1468406
0.1402222
0.1308741
0.1532245
0.126786
0.1344994
0.1962414
0.1673516
0.2068129
0.1831191
0.1712893
0.1631499
0.1798687
0.1631087
0.1577813
0.1654067
0.1557255
0.1391999
0.1701038
0.1623623
0.146596
0.1481914
0.150993
0.1756657
0.1931812
0.1998726
0.2030983
0.2060373
0.204813
0.1985005
0.1742102
0.1698149
0.1805326
0.1344997
0.1407423
0.1544497
0.1451542
0.1419588
0.1461895
0.1775789
0.1854453
0.1632219
0.1647813
0.1654704
0.1631258
0.1751798
0.1685454
0.1717477
0.1444153
0.1683481
0.1607422
0.2012124
0.144734
0.1626321
0.1696157
0.1872423
0.173692
0.1380388
0.1579043
0.1773956
0.1798866
0.205015
0.1476144
0.1366041
0.1477078
0.1625962
0.1827151
0.1426496
0.1455324
0.1304855
0.133796
0.1288542
0.1419218
0.1449409
0.1656093
0.1534009
0.1463407
0.1361392
0.1589935
0.1561791
0.1423168
0.1665175
0.1694845
0.1632496
0.1616405
0.1734212
0.1450996
0.1413514
0.1603088
0.1584074
0.168202
0.1444031
0.1634821
0.1547382
0.1607718
0.1508445
0.2037837
0.163476
0.1559015
0.1613218
0.1721355
0.1655714
0.2368791
0.1941461
0.1869242
0.253807
0.2315597
0.2421969
0.2134842
0.1952091
0.2299448
0.2068259
0.176807
0.1772227
0.1993543
0.1601308
0.1487795
0.1500437
0.1406278
0.181798
0.1877795
0.1733236
0.1826036
0.1770624
0.1792851
0.1696332
0.1804969
0.1761135
0.1559019
0.1805227
0.1850305
0.2227887
0.1630778
0.1959979
0.1886355
0.2032948
0.1951365
0.2127151
0.1857204
0.1697999
0.1603761
0.1984975
0.1853307
0.1947479
0.1805381
0.2094022
0.1739165
0.1869411
0.2188921
0.1871046
0.1702324
0.1794416
0.1737838
0.1862555
0.1565293
0.2007916
0.1566914
0.1336036
0.1679109
0.1558791
0.1499735
0.1729196
0.1719448
0.2127873
0.215303
0.1975464
0.2039316
0.2223063
0.2134919
0.1946682
0.1756945
0.2093233
0.201642
0.1717693
0.1936938
0.1959929
0.1988407
0.2095939
0.1845297
0.1483948
0.1641149
0.2261563
0.177901
0.1707044
0.1628938
0.132457
0.1758965
0.1769345
0.2407605
0.2393582
0.221742
0.1666861
0.1727446
0.1885789
0.2024664
0.1818811
0.1389726
0.1671207
0.1923078
0.2070971
0.2085883
0.1825967
0.1546053
0.1958377
0.2068297
0.1824297
0.1829716
0.1665749
0.1914936
0.1902052
0.2198994
0.1818357
0.1509877
0.1377607
0.1878538
0.1770922
0.152549
0.165853
0.1783835
0.1840592
0.1953495
0.1876629
0.2177485
0.2063144
0.2461494
0.1671208
0.1945597
0.2011761
0.1601132
0.1711156
0.14892
0.1735705
0.1669746
0.1611714
0.1504361
0.1637893
0.1658992
0.1442962
0.1560836
0.1608179
0.1479113
0.1529667
0.1626698
0.164627
0.1418813
0.1599102
0.130593
0.1952399
0.1580825
0.1561393
0.1478718
0.1455527
0.1732457
0.1499982
0.1432576
0.1465289
0.1612031
0.1725754
0.157877
0.1905103
0.1784235
0.1924295
0.1803874
0.1469432
0.1639957
0.1703067
0.1392733
0.1511842
0.1339265
0.197748
0.1809212
0.1906767
0.200351
0.2221721
0.1633544
0.2206112
0.1751651
0.1772079
0.1728408
0.1651421
0.1756007
0.1763465
0.2034222
0.1727408
0.2241349
0.189312
0.1789712
0.1910766
0.2243827
0.1692617
0.182352
0.1611635
0.1691815
0.1336887
0.1656611
0.1588689
0.158783
0.1559832
0.1397113
0.1645076
0.1345267
0.1439296
0.1390288
0.1435671
0.1544538
0.18742
0.1620346
0.1675111
0.1447297
0.1585954
0.1526184
0.164372
0.1447583
0.1593077
0.1550809
0.1509254
0.1637031
0.1791178
0.1737364
0.1613382
0.1474329
0.1576189
0.1670062
0.1663515
0.1458741
0.1551267
0.1506259
0.1626374
0.1790006
0.1334948
0.1624384
0.1420671
0.167266
0.1247162
0.1669004
0.1590304
0.1572851
0.1414315
0.1601028
0.1478359
0.1224495
0.1635107
0.1540744
0.1466144
0.1443694
0.1939692
0.1732364
0.1219299
0.1334984
0.138573
0.163658
0.1439628
0.1703137
0.1493068
0.1319374
0.1343221
0.1699301
0.2076222
0.2506506
0.188571
0.2232326
0.246007
0.207205
0.2135385
0.2526657
0.301198
0.2351524
0.242144
0.2385481
0.1925829
0.2073574
0.2197893
0.253027
0.2557301
0.2073183
0.2177215
0.2436268
0.2266846
0.2316656
0.2289741
0.2240302
0.2254009
0.2210084
0.2287495
0.2096384
0.2135672
0.1955603
0.2278566
0.2297163
0.2398005
0.2113518
0.1862661
0.1799648
0.176959
0.1514144
0.1999221
0.1740436
0.1930449
0.1968077
0.1672795
0.1503636
0.1757895
0.1899251
0.1908445
0.1888448
0.2415316
0.2158599
0.2404329
0.234514
0.2500543
0.2379999
0.2571799
0.2012945
0.204691
0.2349574
0.2104966
0.2317771
0.2280011
0.2574634
0.2117299
0.2290689
0.2214544
0.2490226
0.2502737
0.2406975
0.2206589
0.2290667
0.2351957
0.2393249
0.2500242
0.2253666
0.2223556
0.2501579
0.2606861
0.2495518
0.242679
0.269547
0.2332253
0.2545115
0.2427294
0.2427152
0.2222613
0.2340971
0.2740701
0.2469202
0.2512656
0.2477234
0.2568918
0.2513194
0.2507926
0.2226753
0.207501
0.2441285
0.2136289
0.2328543
0.2574581
0.2372338
0.2330923
0.2365073
0.2306657
0.2562963
0.2290484
0.2439894
0.2155587
0.2899608
0.2488741
0.2587576
0.2496647
0.2449175
0.2126967
0.2420203
0.2900588
0.277369
0.259771
0.2478558
0.2051099
0.2408626
0.1855704
0.223082
0.2224718
0.2299835
0.230343
0.2768569
0.2738139
0.2412369
0.3177727
0.2574992
0.2796321
0.2907111
0.3195999
0.2647863
0.3007353
0.2554445
0.2125734
0.2342734
0.256478
0.2978365
0.28054
0.2810846
0.2387136
0.1976021
0.2287361
0.2821853
0.2647867
0.2468969
0.2379077
0.244745
0.2067547
0.2176264
0.257354
0.2451468
0.2257734
0.2806569
0.2434821
0.2621301
0.2355704
0.2233694
0.2303648
0.218087
0.2030581
0.1954101
0.2082793
0.1712456
0.2125798
0.2242385
0.2190521
0.2478289
0.255735
0.2438864
0.223933
0.2385154
0.2400427
0.1890889
0.2641293
0.2786725
0.2479147
0.2458234
0.2720886
0.2502037
0.258958
0.258889
0.2068596
0.290885
0.219915
0.2645316
0.2374223
0.2468801
0.2375973
0.2396818
0.244655
0.2620544
0.2465766
0.2559545
0.2337367
0.2283142
0.2078413
0.2576472
0.2304675
0.256283
0.2135585
0.2374649
0.2658513
0.2628227
0.295944
0.2764053
0.2737809
0.2557659
0.247504
0.2616854
0.227196
0.2433502
0.2274939
0.2665885
0.2730599
0.287265
0.2650244
0.2215689
0.2222657
0.2315897
0.2027763
0.2857954
0.2505045
0.2689278
0.2299356
0.2240318
0.2364993
0.2113989
0.2324487
0.2322049
0.2123084
0.2268328
0.2650466
0.2527998
0.2539234
0.2229317
0.2521643
0.3077931
0.2728581
0.2500075
0.2338183
0.2432919
0.2484429
0.234025
0.2375923
0.1696549
0.2379401
0.2238748
0.2484766
0.2528716
0.2393208
0.2422601
0.2388778
0.245912
0.1965164
0.2167137
0.2630082
0.2564375
0.2321253
0.2300763
0.2532673
0.233618
0.2588685
0.2418171
0.2447328
0.2599681
0.2208617
0.199999
0.2269849
0.2149931
0.2461046
0.2521212
0.2519085
0.2347918
0.2531644
0.2294665
0.1908917
0.2236332
0.2058173
0.2100165
0.1949541
0.218378
0.2278493
0.2013123
0.1738571
0.2354917
0.2051389
0.2213814
0.2048338
0.2216624
0.2146661
0.2445402
0.2184976
0.2251398
0.2098529
0.1850508
0.2007071
0.2369
0.2311696
0.2310842
0.1961902
0.2513028
0.2094084
0.2262103
0.1944457
0.2301309
0.2146685
0.2332453
0.2284495
0.1716983
0.2502941
0.2400812
0.2314127
0.2502752
0.2375756
0.2482061
0.2267411
0.2418557
0.1964578
0.2172967
0.2497603
0.2541575
0.2270017
0.2377048
0.2330726
0.2093638
0.2213167
0.2035364
0.1940355
0.1945247
0.2228519
0.2104656
0.2329478
0.2364455
0.2418624
0.2362628
0.2250145
0.200707
0.1984683
0.2171677
0.1841162
0.1910987
0.2132099
0.2508269
0.2039563
0.205031
0.2264638
0.2829708
0.2367646
0.1744315
0.2342035
0.2199385
0.2192135
0.2049106
0.2154774
0.1703256
0.1969901
0.1964171
0.2171037
0.1916193
0.1716067
0.1957248
0.178701
0.2111086
0.1984879
0.2077171
0.1962912
0.1981473
0.256336
0.2001561
0.1931316
0.1915658
0.2155419
0.2106639
0.2095369
0.1814521
0.1792961
0.194301
0.1744254
0.2208838
0.2003952
0.1874502
0.1716311
0.1593956
0.2009407
0.1951358
0.2059776
0.2266084
0.2046876
0.1994502
0.223633
0.1932449
0.181012
0.1849996
0.1868052
0.1712778
0.201636
0.2018359
0.1969992
0.1912247
0.1714
0.1563067
0.2125895
0.1870591
0.1724521
0.1721892
0.188866
0.1615802
0.1438608
0.1551687
0.1863384
0.2124811
0.2197662
0.2010535
0.2127383
0.1824885
0.1801951
0.1887154
0.235394
0.1963559
0.1811666
0.1804981
0.2058929
0.1668983
0.2003578
0.1975465
0.1866456
0.1894393
0.1872224
0.1907137
0.2105307
0.1843236
0.2156798
0.1996493
0.1877094
0.1903807
0.2065059
0.2068211
0.1776409
0.1798605
0.1734286
0.2051359
0.1809429
0.1941563
0.2380026
0.2292089
0.1833539
0.1855958
0.1886025
0.1835241
0.1862576
0.2169955
0.2166806
0.1963094
0.1886068
0.1582215
0.1601807
0.1794855
0.1841407
0.1892088
0.1981607
0.1857713
0.1894396
0.1917163
0.1933081
0.1869408
0.224305
0.1777046
0.2107648
0.1928985
0.1889592
0.1760413
0.185022
0.2041234
0.1630256
0.1985988
0.2354607
0.2560762
0.2322225
0.2267831
0.2429956
0.2139928
0.1878201
0.1956866
0.1680208
0.2014672
0.158719
0.1743034
0.1397761
0.1579464
0.1422949
0.194944
0.1502892
0.1724411
0.1697173
0.1525311
0.1586586
0.1958339
0.222991
0.1913995
0.1713113
0.1853355
0.1748913
0.1670288
0.1939645
0.1637449
0.1553464
0.1554217
0.1757201
0.1893321
0.2015923
0.2099316
0.2285731
0.2041131
0.1511939
0.1816782
0.1867949
0.1956767
0.1763872
0.1711161
0.1681282
0.1643102
0.1373561
0.1604018
0.1568545
0.2008989
0.1697645
0.16135
0.1684947
0.161655
0.1436416
0.1588948
0.1552982
0.161758
0.1578111
0.1572408
0.1567402
0.1473777
0.1905544
0.1917985
0.2028873
0.1947331
0.1715689
0.185421
0.188319
0.1719531
0.1698492
0.1735681
0.2137171
0.2190801
0.1992831
0.1722444
0.1744185
0.1567755
0.1747714
0.1642889
0.1786181
0.2055601
0.1987421
0.174159
0.178706
0.1256709
0.1688846
0.131566
0.1806601
0.1625399
0.163461
0.1478381
0.1706365
0.1632913
0.1497699
0.1569961
0.161921
0.15709
0.1752127
0.1422847
0.1613202
0.157132
0.1860827
0.1580085
0.1442901
0.1560477
0.1605012
0.159347
0.145633
0.1431209
0.1498088
0.1747183
0.145441
0.19062
0.2059472
0.1987037
0.165198
0.2273159
0.2385507
0.2442355
0.2260768
0.2006796
0.2373134
0.2041065
0.1833203
0.2070969
0.1796279
0.1797958
0.2334734
0.1460264
0.2376249
0.1686572
0.1505148
0.1558867
0.197869
0.1919713
0.2208631
0.193337
0.2044386
0.1753953
0.1750367
0.1867937
0.2132818
0.188814
0.1829398
0.1553781
0.1829036
0.1778522
0.1980063
0.1943678
0.1879096
0.1836168
0.2114363
0.2315679
0.1811844
0.2211571
0.2040552
0.2392153
0.1980079
0.2143553
0.1623459
0.160376
0.1849135
0.171302
0.1987424
0.1981886
0.1955757
0.2208341
0.2128653
0.1870541
0.1910251
0.1909699
0.18257
0.1846059
0.2176684
0.1794504
0.1731405
0.172622
0.2051123
0.2011603
0.184411
0.216971
0.2026618
0.1982566
0.2008158
0.2030026
0.186332
0.2180417
0.2242427
0.2236276
0.2197503
0.2231408
0.2317278
0.2113475
0.1532008
0.2290466
0.2124092
0.2275125
0.2144923
0.1739476
0.2049798
0.2117005
0.2602454
0.2306825
0.2461566
0.266741
0.2795332
0.2410021
0.2247556
0.2392264
0.209115
0.2420999
0.2152512
0.1984507
0.2260748
0.2395927
0.2108191
0.2426025
0.2534979
0.2650297
0.2879061
0.2438696
0.3074802
0.2853422
0.2522801
0.2618797
0.2184842
0.2439571
0.2050446
0.2456553
0.2419609
0.2027395
0.2454586
0.2635918
0.2185107
0.2430257
0.2065048
0.2595817
0.2331708
0.2398239
0.2535876
0.3066353
0.2281751
0.217487
0.1654205
0.1701104
0.2006934
0.1844118
0.1523143
0.1736953
0.1645846
0.1367315
0.1360798
0.140354
0.1397922
0.1880824
0.1800472
0.1491123
0.1499535
0.1358157
0.1543184
0.1460173
0.1414375
0.1482771
0.1292809
0.1343495
0.1120148
0.1379504
0.1108276
0.1201609
0.1527726
0.1441579
0.1447781
0.1343492
0.1814901
0.1543049
0.1305502
0.1433006
0.1556113
0.1475695
0.1380465
0.119162
0.1549963
0.1460497
0.1399558
0.1432587
0.1502577
0.1936466
0.1716846
0.2243807
0.2206435
0.191964
0.1702079
0.147178
0.150407
0.1778205
0.1343329
0.1639096
0.194512
0.1663351
0.1521191
0.1836623
0.1845655
0.1484763
0.1291138
0.1380574
0.1574873
0.1579858
0.1540753
0.1336876
0.1719764
0.1453659
0.1338551
0.1414723
0.1198122
0.1433667
0.1694113
0.16925
0.1258293
0.1514857
0.1487295
0.1585298
0.1760823
0.1483451
0.1688852
0.1517492
0.1431221
0.1832609
0.2053064
0.2082579
0.1757057
0.1587157
0.1753871
0.1481912
0.164729
0.1651366
0.1396481
0.1597758
0.1307266
0.1389533
0.1523178
0.1375547
0.2065811
0.1767478
0.2057505
0.1817614
0.1960124
0.1650726
0.1538007
0.1686766
0.1466706
0.144735
0.1430607
0.1306558
0.1613164
0.1942344
0.17641
0.1985415
0.1729813
0.1644246
0.1558242
0.1330605
0.1334171
0.1538001
0.1476233
0.1497384
0.1402891
0.1663161
0.1661652
0.1288586
0.1725893
0.1522001
0.156257
0.1602095
0.161978
0.1416313
0.1457796
0.150089
0.1505162
0.1404561
0.1482273
0.1510995
0.1731116
0.1917533
0.1829291
0.1753538
0.1664039
0.1462144
0.1543775
0.1629783
0.1631019
0.1707519
0.191598
0.1645159
0.1777903
0.1778838
0.1709145
0.1559118
0.1405745
0.1523622
0.1472885
0.1349916
0.1283011
0.1226472
0.1284349
0.1259942
0.1311294
0.1312862
0.1313682
0.1656498
0.1294247
0.1520569
0.1372644
0.1645923
0.1331982
0.1281422
0.1152032
0.1311801
0.1413577
0.1321878
0.1310414
0.1378513
0.131744
0.1212151
0.1293288
0.1477058
0.1486182
0.128773
0.1387867
0.1280534
0.1234323
0.1407591
0.1578255
0.1502311
0.1711031
0.1625135
0.1631307
0.1571671
0.1633791
0.1831896
0.1679781
0.1389576
0.1694387
0.1625013
0.1438613
0.1623328
0.149905
0.143383
0.1471372
0.1602794
0.1456797
0.1406691
0.1611742
0.1556829
0.1331293
0.145925
0.1232752
0.1613535
0.1350925
0.1454159
0.1619322
0.1881516
0.1521595
0.148937
0.1411819
0.1476274
0.1378033
0.1560581
0.1694117
0.1682075
0.1762442
0.1633947
0.1953663
0.163083
0.1564392
0.1961231
0.1383696
0.1831231
0.1939784
0.1514057
0.1752263
0.1942292
0.1637973
0.1634025
0.19995
0.1486265
0.1885727
0.19046
0.1916396
0.1673903
0.1534135
0.1470246
0.162155
0.1631257
0.181554
0.1862829
0.2131504
0.2162997
0.1495809
0.1622213
0.1579388
0.1797073
0.2116238
0.1416107
0.183404
0.1938932
0.2167208
0.1763296
0.1963689
0.2018361
0.1968077
0.19614
0.1598906
0.1582212
0.1472149
0.1526215
0.1859037
0.1873157
0.1881898
0.1528179
0.1929805
0.1882365
0.1911339
0.1884813
0.1823942
0.1784322
0.1962546
0.211594
0.1880902
0.1867854
0.1565984
0.1929424
0.1729014
0.1638853
0.1696658
0.1535407
0.170832
0.1777454
0.1741395
0.1796898
0.1835148
0.1796856
0.2006676
0.1815797
0.1711286
0.2160625
0.2158284
0.2009946
0.1851768
0.1809149
0.177598
0.1804083
0.1734286
0.1918917
0.1611902
0.1694385
0.1689583
0.1753866
0.1921092
0.1802339
0.1953258
0.1922504
0.1883788
0.1992585
0.1575744
0.1921584
0.2022818
0.196044
0.2040878
0.2056507
0.1903798
0.2050301
0.1799535
0.1496355
0.1483975
0.1453047
0.1653353
0.1439945
0.163356
0.1764136
0.1653185
0.1730621
0.170227
0.165945
0.2113616
0.1817424
0.159311
0.1594896
0.1682569
0.1564791
0.1583118
0.1570775
0.1483094
0.1680772
0.1521052
0.1451476
0.1705988
0.1469759
0.177499
0.1675949
0.1694505
0.1576608
0.1624759
0.1906296
0.1621169
0.1407381
0.1660331
0.1466284
0.1585818
0.134805
0.1393551
0.1811324
0.1417713
0.182579
0.1664806
0.1705988
0.1681661
0.1640758
0.1804474
0.1802762
0.1626898
0.1679022
0.1756205
0.219045
0.1648226
0.1813944
0.1537313
0.1722039
0.1718559
0.1576882
0.1739019
0.1577454
0.1734004
0.177185
0.1637513
0.1608318
0.1776358
0.1504666
0.1657165
0.1579359
0.157213
0.168599
0.1849971
0.1840169
0.1727738
0.1763112
0.1525343
0.1580033
0.1659604
0.1379308
0.1561106
0.158141
0.1451861
0.167154
0.1382718
0.1614525
0.159185
0.1744906
0.1538787
0.1574604
0.1882851
0.1621874
0.1706576
0.1606634
0.1609976
0.1804393
0.1547149
0.1565558
0.1647425
0.2003711
0.159069
0.1810749
0.1600444
0.1464761
0.150805
0.1610152
0.16409
0.1623248
0.1816314
0.1319229
0.1309285
0.1392419
0.1457485
0.144517
0.1295228
0.1413299
0.1410849
0.1592099
0.131725
0.1256659
0.1476191
0.1364858
0.1300795
0.1385683
0.1692685
0.1474592
0.1445643
0.1530133
0.1693626
0.1669602
0.1567064
0.1414354
0.1550129
0.1376764
0.16166
0.1437004
0.1576823
0.1407476
0.1342547
0.1612464
0.1355151
0.1440764
0.1580456
0.1596376
0.1587952
0.1695922
0.1452705
0.1445894
0.1621404
0.1506499
0.1459034
0.1365426
0.1483877
0.1728466
0.1510847
0.1260121
0.1439452
0.1522424
0.1631519
0.1733605
0.1723518
0.1647747
0.1700309
0.2000927
0.202002
0.169714
0.1767825
0.1594796
0.170731
0.1619134
0.1638305
0.147033
0.1428727
0.151461
0.130516
0.1383658
0.1594595
0.1637209
0.128513
0.1381727
0.174346
0.1579692
0.166022
0.1449099
0.1735894
0.1510043
0.163934
0.1462457
0.1514271
0.1512721
0.1451741
0.1579576
0.1660615
0.1525342
0.1663732
0.1671497
0.1702053
0.1671688
0.1474348
0.2190819
0.1610797
0.1881988
0.197697
0.1744086
0.1808101
0.1753847
0.1576739
0.1774603
0.18638
0.1784604
0.1699551
0.1702834
0.1652781
0.1397397
0.1638318
0.1635701
0.1557092
0.1432864
0.1763692
0.1451457
0.1771353
0.1750398
0.1864398
0.1852053
0.1480554
0.154379
0.1416377
0.1487695
0.1458721
0.1557257
0.1504874
0.1914503
0.1441203
0.1335061
0.1393005
0.158277
0.1720621
0.1425244
0.1420103
0.1553352
0.158882
0.1976521
0.1668222
0.1691325
0.1523884
0.1609936
0.1527199
0.1890505
0.1838327
0.18048
0.1817783
0.1561386
0.1604686
0.1794946
0.139954
0.1594246
0.1444067
0.172701
0.1676857
0.1309919
0.157951
0.1447201
0.1439828
0.1549187
0.1516648
0.1476456
0.1543805
0.1525544
0.1738236
0.1693513
0.1518396
0.1390865
0.1618694
0.1715469
0.1756322
0.1545755
0.1467641
0.1679205
0.1809699
0.1980619
0.1770221
0.2146376
0.1998551
0.1478637
0.1717609
0.1857642
0.1715514
0.1938943
0.1537616
0.1470071
0.1772594
0.1864752
0.19353
0.2113477
0.1775483
0.1771753
0.1631625
0.1970925
0.206963
0.2256792
0.2108184
0.2043821
0.2276898
0.1855765
0.1946847
0.1948409
0.1840173
0.1737034
0.2017026
0.1905215
0.2108948
0.2384246
0.1904461
0.1587726
0.1783
0.1970029
0.2124607
0.2025821
0.2118409
0.1888825
0.1822777
0.1750235
0.1996561
0.1977073
0.1646583
0.1941078
0.1560562
0.1691356
0.1696232
0.1576798
0.2006532
0.2059959
0.1532985
0.183894
0.2044927
0.1485282
0.1592129
0.1796302
0.1816952
0.2104867
0.2022448
0.1894363
0.1947161
0.2030392
0.1861288
0.2195003
0.2311319
0.2105654
0.2100736
0.2063242
0.1780841
0.178031
0.1733834
0.2171553
0.1627941
0.1823447
0.1752542
0.2031256
0.1824163
0.2024752
0.1279228
0.157345
0.1703737
0.1616829
0.1719722
0.1720009
0.1562246
0.1546798
0.199717
0.1958532
0.1965775
0.1647142
0.1803072
0.1573681
0.1653197
0.1741601
0.1638277
0.1906161
0.1519987
0.1537936
0.1618955
0.1691802
0.1613791
0.1560457
0.1554491
0.1481113
0.1528238
0.1552182
0.1439711
0.1886074
0.1383741
0.1769343
0.1822203
0.1593861
0.1403774
0.1414206
0.1388193
0.1461297
0.1370434
0.1574143
0.1673502
0.1448556
0.1704606
0.140131
0.192893
0.1687263
0.1753093
0.1506242
0.1453608
0.1691602
0.1456429
0.1887531
0.1718899
0.1592579
0.1632328
0.1452102
0.1526952
0.1742948
0.1536952
0.1587777
0.1593909
0.1656997
0.1768186
0.1732078
0.1680764
0.1738537
0.1703794
0.1650627
0.1988289
0.1916576
0.1711258
0.1706096
0.1693931
0.184072
0.1809382
0.1794773
0.1747843
0.1969887
0.1592934
0.1634807
0.1774796
0.2050599
0.2002649
0.1888938
0.1982901
0.1725927
0.1656105
0.1986865
0.1732618
0.1644042
0.1582236
0.1719922
0.1741657
0.1745128
0.1556793
0.1739016
0.1670656
0.175387
0.1671857
0.1704339
0.208206
0.1847607
0.2041417
0.1837278
0.17067
0.2213258
0.1968448
0.185747
0.1646205
0.1719037
0.1922022
0.1996031
0.2126025
0.2056055
0.2102235
0.2092714
0.2031434
0.2028252
0.1857533
0.216758
0.189254
0.1929842
0.1705238
0.2077825
0.1689491
0.2088865
0.159878
0.1843344
0.1590011
0.1764802
0.2101664
0.2014227
0.176342
0.2100523
0.2020695
0.2200337
0.2225762
0.2448018
0.2170664
0.1792715
0.1435529
0.1853595
0.1967711
0.160632
0.1578578
0.1852218
0.1817166
0.1414039
0.2159299
0.1989154
0.1990615
0.1841567
0.1650168
0.1942452
0.2142069
0.1761352
0.1698527
0.1494161
0.1897933
0.2027454
0.1746273
0.1711213
0.189162
0.1964914
0.1728426
0.1795071
0.2271726
0.2252622
0.1881595
0.2351229
0.2290116
0.1958774
0.1915433
0.184181
0.2019132
0.1670546
0.2025768
0.2387322
0.1958823
0.1978183
0.1615872
0.2018012
0.1776858
0.1824123
0.1559275
0.1580282
0.1548925
0.1901665
0.1854314
0.162959
0.1579121
0.1686044
0.1830204
0.172365
0.1776984
0.1783521
0.1668904
0.1889944
0.1740468
0.1738859
0.1534237
0.1855202
0.1988711
0.1772566
0.1611951
0.1653376
0.1718028
0.153979
0.1657041
0.1725052
0.1742302
0.1468684
0.1549496
0.1460209
0.1759881
0.1611227
0.1874595
0.1863284
0.1982069
0.1540516
0.164706
0.1478396
0.1669424
0.1635129
0.1832115
0.1749763
0.1553256
0.1723977
0.1608308
0.1668885
0.1894358
0.165859
0.1949849
0.1782478
0.1613404
0.1637266
0.1660787
0.1735285
0.1545999
0.1682464
0.1736173
0.19221
0.1828701
0.179863
0.1653444
0.1806929
0.1989975
0.1723936
0.1969355
0.2106343
0.1970393
0.2096208
0.1785542
0.1989636
0.1445652
0.1528089
0.1582915
0.1595758
0.170735
0.1743654
0.1887778
0.1472625
0.173021
0.1847566
0.1522355
0.1784402
0.1584152
0.1876689
0.1648258
0.1488457
0.1580851
0.1423468
0.1605287
0.168857
0.1730504
0.180411
0.1818999
0.1790712
0.1905052
0.1731952
0.1868563
0.1741907
0.1554185
0.1867529
0.1598475
0.2003587
0.1940774
0.1907391
0.1792089
0.1773325
0.17144
0.1450748
0.1422976
0.1509965
0.1522155
0.1498296
0.1732257
0.1383524
0.176368
0.1891552
0.1622932
0.1517457
0.1467628
0.1579361
0.1465181
0.1660774
0.1629241
0.1692581
0.1683898
0.1976656
0.1550517
0.1697345
0.1707272
0.1763155
0.162461
0.1686767
0.1634147
0.1591077
0.1748199
0.1554626
0.1975037
0.154959
0.1785317
0.1640286
0.1573659
0.1799724
0.1671036
0.1700373
0.1842172
0.1723649
0.1733014
0.1572708
0.1919245
0.1782246
0.2046243
0.1850598
0.1821803
0.20183
0.1864992
0.1648501
0.185754
0.1889234
0.188198
0.1778782
0.1709449
0.1870708
0.1594399
0.1946685
0.1771462
0.1731676
0.1621928
0.1582285
0.1576378
0.1726112
0.1491197
0.153163
0.1278852
0.161685
0.1472948
0.1602298
0.1490917
0.1663828
0.162576
0.1438689
0.1380159
0.1318611
0.1372786
0.1627455
0.1366868
0.1483508
0.1531846
0.1579315
0.1478585
0.1647201
0.1480732
0.1549246
0.1290854
0.1197051
0.1440366
0.1312924
0.1451924
0.1679969
0.1408313
0.121993
0.1343976
0.1339126
0.1466673
0.1550773
0.1270652
0.1356642
0.1507525
0.136176
0.1378457
0.1239062
0.1513685
0.1442556
0.174206
0.1447591
0.1986115
0.1662634
0.1635393
0.1852181
0.1456957
0.1544884
0.1711742
0.1481111
0.1659641
0.1590395
0.181898
0.1527893
0.1357682
0.1471061
0.13993
0.1550926
0.159568
0.1446249
0.1541637
0.1402009
0.1438883
0.122761
0.1453151
0.1384068
0.1297306
0.1312263
0.1617579
0.1442563
0.1555768
0.1520784
0.1585837
0.15304
0.1588061
0.142483
0.1333836
0.1425666
0.1571497
0.1718576
0.19221
0.1609139
0.1739118
0.1560188
0.1584197
0.1666036
0.1354164
0.1386274
0.1717662
0.1814039
0.145487
0.1293373
0.1585837
0.1899651
0.1698343
0.1598145
0.2053465
0.199489
0.1600453
0.1720162
0.191778
0.1872025
0.1869502
0.2032679
0.2545581
0.2145057
0.1602795
0.1590945
0.1480189
0.1511918
0.1433821
0.148104
0.1263667
0.145784
0.1547565
0.1644893
0.1414001
0.1615507
0.1262759
0.1494945
0.148706
0.1469654
0.1194782
0.1401742
0.1480421
0.1557813
0.1584208
0.1406983
0.1455154
0.153454
0.1267564
0.130529
0.1617043
0.1428451
0.1379386
0.1303762
0.153094
0.1569268
0.1444052
0.1594428
0.1494418
0.1627314
0.1409555
0.1400777
0.1373326
0.150447
0.1519722
0.1392815
0.1436421
0.153484
0.135644
0.1459741
0.1525421
0.1465865
0.1421696
0.141692
0.169905
0.1293887
0.1533263
0.1339558
0.1466569
0.1472259
0.1303093
0.147659
0.161206
0.1534821
0.1500844
0.145794
0.162268
0.1712316
0.1425135
0.1533695
0.1767132
0.1428105
0.160162
0.1443491
0.1763622
0.1478483
0.1413883
0.1602567
0.1679717
0.1526762
0.1427113
0.1584574
0.1852183
0.1618501
0.1830328
0.175804
0.1665232
0.1580036
0.1467126
0.1468499
0.1677643
0.1760759
0.1630344
0.1646448
0.1852808
0.1643016
0.1673901
0.1916875
0.1908371
0.1811894
0.1741712
0.1522687
0.1727211
0.1639713
0.1680457
0.1661876
0.132579
0.1567094
0.1434003
0.1453745
0.2172192
0.1735901
0.1593102
0.1901818
0.1746587
0.1707463
0.1963517
0.1321224
0.1461408
0.1575853
0.1478507
0.1598999
0.1496025
0.1702229
0.1596418
0.1480863
0.1699302
0.1948255
0.1406053
0.1255506
0.1909965
0.1505254
0.1621541
0.1928116
0.1802806
0.1837878
0.1395383
0.133889
0.1413456
0.1384458
0.148654
0.1762207
0.146073
0.1848934
0.1972648
0.1548321
0.1781531
0.1782313
0.1648401
0.1758721
0.1757325
0.1628044
0.1300831
0.1253089
0.1745685
0.1780672
0.1929182
0.1425307
0.1751443
0.14153
0.1456795
0.1662065
0.1790584
0.1844513
0.153172
0.1945827
0.1773439
0.141694
0.1555832
0.1537186
0.1561735
0.1639814
0.1730016
0.1464263
0.1567475
0.1600852
0.1659277
0.1398659
0.146318
0.1242427
0.1372239
0.1593539
0.1659841
0.1405389
0.1296198
0.1317951
0.1440653
0.1380799
0.1226175
0.1227131
0.1536375
0.1310728
0.1295758
0.1426572
0.1430678
0.1260813
0.1338645
0.1287564
0.1433954
0.1531179
0.1512483
0.1428674
0.1681072
0.163183
0.1444194
0.1663468
0.1521728
0.133797
0.1433825
0.1860534
0.1509457
0.157119
0.1791347
0.1693911
0.1491477
0.1646839
0.1619522
0.171594
0.1843192
0.1770873
0.1496895
0.1757604
0.1461212
0.1374822
0.1561764
0.1580939
0.1540261
0.189918
0.1623031
0.1758487
0.1685453
0.1675765
0.1966674
0.1637306
0.154676
0.1510606
0.162389
0.1533026
0.1650076
0.148989
0.1443781
0.1602217
0.1555559
0.151988
0.1798173
0.190219
0.1591557
0.1357303
0.1475726
0.1592544
0.145307
0.1203811
0.1570008
0.1547775
0.1462371
0.1579711
0.1512997
0.14994
0.1695336
0.1534325
0.1425454
0.1495063
0.1469599
0.1677288
0.1685552
0.18871
0.1754933
0.1929318
0.187279
0.159771
0.1346286
0.1351848
0.12529
0.1240644
0.1526047
0.1803385
0.1326797
0.1535674
0.1503323
0.1756665
0.1432106
0.1666523
0.1627138
0.1455851
0.1678632
0.1570352
0.1758807
0.1504445
0.1505047
0.1779801
0.1750351
0.1439918
0.1616105
0.166772
0.1701309
0.1746391
0.200032
0.1766464
0.1762496
0.179154
