0.1561336
0.123141
0.1491321
0.1748092
0.1756579
0.1815137
0.1805815
0.145151
0.1446173
0.1611558
0.1679306
0.1519821
0.1336828
0.1937095
0.1603465
0.1621839
0.1582441
0.1536864
0.1673711
0.1798537
0.1393657
0.1601439
0.1838077
0.1570781
0.184594
0.1971617
0.1642818
0.2616198
0.2015605
0.2115968
0.2180045
0.1821077
0.1381974
0.1629215
0.1641295
0.173488
0.1868254
0.1785148
0.1350962
0.1398927
0.1766197
0.132325
0.1773965
0.1900864
0.1854852
0.1734413
0.1927544
0.2269955
0.2171228
0.214028
0.2497746
0.2242387
0.1701816
0.1959799
0.1947944
0.2161448
0.1635211
0.1546496
0.1223867
0.164908
0.1604995
0.2203967
0.1817593
0.193247
0.1919575
0.1969308
0.1771877
0.2248658
0.20035
0.1788483
0.2604319
0.2671818
0.1618327
0.2161105
0.2033374
0.2079858
0.1878375
0.2045086
0.2015866
0.1399603
0.1634487
0.1810535
0.1650251
0.1854504
0.1611471
0.1833175
0.1632875
0.1814247
0.1810287
0.1422776
0.1406115
0.147214
0.1718707
0.2084176
0.1921924
0.1552271
0.221793
0.2157502
0.1386991
0.1709948
0.1771507
0.1532748
0.177745
0.1713857
0.1880571
0.2144261
0.2209455
0.2340538
0.2084299
0.2223013
0.2332333
0.2165564
0.2180273
0.2160057
0.245693
0.2950226
0.2993935
0.277327
0.2723439
0.3005795
0.2095964
0.2673034
0.2620609
0.2514476
0.2434996
0.2276173
0.2591937
0.2736267
0.2921075
0.2128775
0.2610561
0.2867634
0.270472
0.2541925
0.2553321
0.1902648
0.2456802
0.2549373
0.2104401
0.243606
0.2500301
0.2419402
0.2348527
0.2674631
0.2378435
0.2523815
0.2022559
0.1850307
0.1833179
0.1760598
0.1695971
0.2057842
0.2538785
0.1999222
0.2425185
0.1997993
0.2026687
0.186609
0.1816136
0.1873418
0.207682
0.1772881
0.2337494
0.1934532
0.2074388
0.1745337
0.1806729
0.1411963
0.2038389
0.1751525
0.2057982
0.1874322
0.1840378
0.1907809
0.1640592
0.172685
0.1500689
0.1716722
0.1772026
0.1691143
0.165756
0.1677328
0.1472002
0.1620032
0.1587594
0.1689929
0.1785173
0.1821578
0.2129497
0.17264
0.1872749
0.1586453
0.1559675
0.1976467
0.180039
0.1628303
0.1566072
0.1727914
0.1440436
0.1837347
0.1951236
0.1578652
0.1639299
0.1825076
0.154886
0.1728618
0.1558102
0.1578175
0.1501569
0.1413473
0.1734956
0.1796732
0.1661141
0.1563839
0.1468096
0.1774378
0.1769749
0.180628
0.1572702
0.1543206
0.1730357
0.1629193
0.1588521
0.1607813
0.14832
0.1613844
0.165745
0.1797033
0.1614864
0.1695239
0.1672034
0.1456003
0.1457879
0.1711911
0.1576138
0.1648321
0.1884315
0.1472357
0.123902
0.1434095
0.1661837
0.1410294
0.1450031
0.1711204
0.1309761
0.1440041
0.1625395
0.1196953
0.1342683
0.1309347
0.1592354
0.1335034
0.170501
0.1696536
0.135677
0.1318272
0.1674053
0.1438081
0.1574373
0.1990224
0.1625897
0.1249889
0.1427471
0.1490003
0.1502244
0.1217278
0.1590149
0.1540532
0.1531115
0.1748884
0.1599612
0.1515079
0.1886204
0.1899624
0.1605881
0.1626111
0.1647783
0.1704921
0.1840468
0.1410627
0.1562347
0.1530606
0.1641817
0.1604553
0.1786358
0.1602825
0.191943
0.1432693
0.180111
0.1618528
0.1771435
0.1725734
0.1641951
0.1838516
0.1666879
0.1330899
0.1772967
0.168134
0.1524803
0.1740968
0.1512459
0.1473185
0.1845182
0.1774232
0.1598422
0.1539109
0.1407279
0.1857725
0.1686937
0.1784809
0.1645094
0.1568528
0.1897632
0.1832635
0.1520041
0.1559466
0.1339985
0.1697105
0.1236618
0.1398919
0.1392993
0.137934
0.1388123
0.1311024
0.1512406
0.1782702
0.1561511
0.1707764
0.1510396
0.1335945
0.1511343
0.1779685
0.2199387
0.1970762
0.177891
0.1758243
0.1792935
0.1280439
0.1418013
0.1484248
0.184488
0.1412067
0.1526698
0.1322668
0.1793371
0.1729591
0.1872035
0.1487717
0.1472763
0.1467976
0.1580071
0.1729802
0.1186269
0.1572526
0.193397
0.1940094
0.1937383
0.1552442
0.156847
0.1772719
0.1335341
0.1482955
0.1293201
0.1836848
0.1631389
0.1908595
0.1562064
0.1398722
0.1443036
0.1607231
0.1556304
0.1490503
0.1565982
0.1553203
0.1510543
0.1335257
0.1511147
0.1380901
0.151822
0.1585627
0.1569319
0.1603107
0.163644
0.1873191
0.1510059
0.1650186
0.2020612
0.1754155
0.1849299
0.1902234
0.1689022
0.1476696
0.1831079
0.2283872
0.1930826
0.2456395
0.1752667
0.1799979
0.1754543
0.1862767
0.1492122
0.1596317
0.1634882
0.1651714
0.1536618
0.1558383
0.1578217
0.1503703
0.1420451
0.1561802
0.1472804
0.1399237
0.1536381
0.1237257
0.1387112
0.1250102
0.1111105
0.1283927
0.1218978
0.1312009
0.1399437
0.1123938
0.1304218
0.1173338
0.1504756
0.1474297
0.1461132
0.1664465
0.1354758
0.1465825
0.1458075
0.1192048
0.1143187
0.1187314
0.1287109
0.1015389
0.1223133
0.1180045
0.1232319
0.1313798
0.1328538
0.1062629
0.1263712
0.1142629
0.1206718
0.1139371
0.1181057
0.0820418
0.114589
0.1133535
0.1081439
0.1463566
0.1410802
0.148535
0.1542337
0.1559739
0.1423962
0.119928
0.1416603
0.1596566
0.1578158
0.1591829
0.1568366
0.160183
0.1697371
0.1606328
0.1605818
0.1575858
0.1625403
0.1483336
0.1701572
0.1658512
0.1412436
0.1288522
0.1432191
0.1522765
0.1328699
0.1365773
0.1464614
0.1543938
0.1493841
0.1436851
0.1606323
0.1221982
0.151211
0.1456443
0.143212
0.1408563
0.1763233
0.1470227
0.1961132
0.1701421
0.1793078
0.1785457
0.1646767
0.1541148
0.1598175
0.1535847
0.1833145
0.1811233
0.1816868
0.1457882
0.1438808
0.1625023
0.1434004
0.1611961
0.1547886
0.1187644
0.1468488
0.1742363
0.1582412
0.1699962
0.1744267
0.1961398
0.1785031
0.1825432
0.1599679
0.1957067
0.1618242
0.1961622
0.1907088
0.1727995
0.1878995
0.177884
0.1865071
0.1573475
0.1825135
0.1978059
0.1700271
0.1914462
0.1702223
0.1791549
0.142865
0.1697496
0.1893862
0.2114153
0.2041163
0.2206461
0.1961278
0.1834027
0.1338817
0.177965
0.1738643
0.1880924
0.158133
0.1778411
0.183496
0.1499611
0.2134714
0.1756382
0.1770816
0.1830113
0.1728074
0.1896073
0.1882156
0.1629639
0.197975
0.1753053
0.1787202
0.1994507
0.1928118
0.1849205
0.1818081
0.1924419
0.1648438
0.197983
0.1998816
0.1985888
0.1960691
0.1949607
0.2059132
0.1959134
0.1768733
0.1940355
0.2062963
0.1862735
0.1755335
0.1651225
0.1548455
0.1627387
0.1237385
0.1403424
0.1523296
0.1301795
0.1160622
0.1285681
0.1286618
0.1229257
0.1235416
0.1192666
0.1066836
0.1360558
0.1726814
0.1862034
0.1717588
0.1468505
0.1664872
0.1806831
0.1693962
0.1774023
0.1750954
0.1805806
0.1782393
0.1691266
0.1701693
0.2170015
0.206402
0.1868802
0.1668502
0.1763365
0.1936656
0.197216
0.1576079
0.153762
0.1720688
0.201129
0.1647343
0.2113504
0.1811821
0.1657524
0.1712304
0.1694196
0.161849
0.1809618
0.16927
0.1790581
0.1433454
0.1884843
0.1800897
0.172461
0.1484076
0.1358417
0.1430389
0.1581046
0.1388639
0.1603618
0.1904767
0.1660377
0.1744939
0.1967659
0.160738
0.1669308
0.1600583
0.1809225
0.1779416
0.1557662
0.1502542
0.1737113
0.1703879
0.1442039
0.1767024
0.149693
0.1808705
0.1576501
0.1502373
0.1636987
0.1698497
0.1497879
0.1749452
0.1706056
0.1628993
0.18846
0.1622687
0.1829496
0.1669175
0.1777122
0.1722063
0.16723
0.1575025
0.1314725
0.1566753
0.191101
0.1867073
0.1639968
0.1281319
0.1109027
0.112185
0.1071243
0.1091914
0.135565
0.1323238
0.1191319
0.1601683
0.1903568
0.1157418
0.1398357
0.1263892
0.1366602
0.144678
0.1430915
0.1614859
0.1430167
0.1294979
0.1505621
0.1552308
0.1754305
0.1886793
0.1660264
0.163432
0.2005789
0.1923452
0.1731323
0.165823
0.1842391
0.1629407
0.1592874
0.1301864
0.157512
0.1165311
0.1331045
0.1153974
0.1585371
0.158225
0.1385428
0.1275602
0.1797684
0.127071
0.1224444
0.1289518
0.1361828
0.167097
0.1454853
0.1379526
0.1209309
0.1044588
0.109543
0.1052855
0.1348336
0.1440185
0.1060805
0.1013613
0.1073534
0.1385909
0.1187322
0.1331393
0.1524353
0.141181
0.1156926
0.1408486
0.1812865
0.1518086
0.1342451
0.1446149
0.1394602
0.1295772
0.127695
0.1480086
0.130998
0.1328259
0.1514538
0.1324647
0.1309682
0.1303299
0.1134266
0.1329246
0.1390779
0.1195532
0.13492
0.1174538
0.1461656
0.1416988
0.1125552
0.1167302
0.1014397
0.1327136
0.1374801
0.1191458
0.12227
0.1061672
0.1236406
0.119867
0.132217
0.1473121
0.12878
0.1250174
0.1354323
0.1241145
0.1196225
0.1432386
0.1425995
0.1487174
0.1440897
0.1396556
0.1325945
0.1219559
0.1234298
0.1509814
0.1422752
0.1527801
0.1147672
0.133217
0.1179613
0.1258146
0.1469819
0.126336
0.100523
0.1473267
0.1230306
0.1113252
0.1083432
0.1320803
0.1640811
0.1710679
0.160133
0.1234286
0.1307024
0.1292373
0.1110782
0.1200659
0.1285236
0.123979
0.1206925
0.1152377
0.1134754
0.1290302
0.1332027
0.1826483
0.1773017
0.1587256
0.1924477
0.1452778
0.164655
0.107178
0.1384
0.1176247
0.1174688
0.1103083
0.1217851
0.1464627
0.1129776
0.1214143
0.1192284
0.1475631
0.1480527
0.1181015
0.1301261
0.1496862
0.1323779
0.1384866
0.1109164
0.1216146
0.1272696
0.1279078
0.1345655
0.1469418
0.1202062
0.1079624
0.1190861
0.1107678
0.1295813
0.1222603
0.159428
0.1308013
0.1209463
0.1121436
0.1263671
0.155613
0.1079877
0.1208797
0.1134687
0.1140559
0.115255
0.113221
0.1098386
0.1093059
0.1195147
0.1359104
0.1243226
0.1203982
0.1240995
0.1199073
0.118686
0.1249038
0.1063073
0.115575
0.1203471
0.136758
0.1346694
0.1491775
0.1663869
0.1630873
0.1835092
0.1316746
0.1334357
0.1224833
0.1521633
0.1137031
0.110719
0.1323854
0.1311402
0.1317126
0.1531584
0.130559
0.1583843
0.1206803
0.1213441
0.1515397
0.1399382
0.1221539
0.1276316
0.1225132
0.10944
0.1373583
0.2027804
0.1399903
0.121642
0.1412325
0.1281688
0.1432694
0.1425535
0.1468371
0.1914642
0.1953668
0.1556744
0.1662056
0.1603284
0.1782145
0.1382814
0.1172447
0.1448774
0.1430367
0.1456993
0.1387546
0.1508425
0.1296438
0.1574089
0.1512809
0.1529723
0.1410053
0.1234185
0.1344243
0.132535
0.1423711
0.1307753
0.1401095
0.1435245
0.1417458
0.1580965
0.1649964
0.1497705
0.1233284
0.1171774
0.1349193
0.1429766
0.1416356
0.09158
0.0850566
0.128063
0.1130179
0.0944326
0.0739557
0.0738479
0.0921536
0.093151
0.1258348
0.0952143
0.1355538
0.1129034
0.1136367
0.0996236
0.152664
0.15843
0.1229002
0.1032866
0.1217678
0.1016832
0.1107664
0.1145796
0.1374998
0.1184354
0.1140665
0.1578157
0.1199831
0.1638595
0.124417
0.1761352
0.171381
0.1422495
0.1418135
0.1578543
0.1719449
0.1428399
0.168621
0.1451389
0.1864397
0.1374881
0.1462713
0.1461369
0.1594161
0.1568169
0.1480977
0.1713054
0.152826
0.1569952
0.1528866
0.1966344
0.1505032
0.1515486
0.1149538
0.1649204
0.1396514
0.1656853
0.1444385
0.14776
0.1597981
0.1483273
0.1673518
0.1541058
0.1504283
0.1488025
0.1689554
0.1249152
0.154377
0.1448481
0.1544877
0.167454
0.1510675
0.1612874
0.1494087
0.1416695
0.1734792
0.1710721
0.1611533
0.1323345
0.1337505
0.1212405
0.1520438
0.1562032
0.1468727
0.1517601
0.1676411
0.1838814
0.1612445
0.1805191
0.146307
0.1484347
0.184853
0.1903309
0.1600588
0.1664672
0.1834097
0.1736561
0.2016418
0.1889025
0.1462616
0.1838509
0.1344011
0.164196
0.1414983
0.1974491
0.1523744
0.1607013
0.1533647
0.2178045
0.1628406
0.1830847
0.1721792
0.1886089
0.1586123
0.2189569
0.2334042
0.1921804
0.1837417
0.1940298
0.1731186
0.1497335
0.1689272
0.1622914
0.169515
0.1853402
0.1510305
0.1643153
0.1421753
0.1557293
0.1567227
0.1621866
0.1684612
0.1726441
0.163898
0.1758806
0.1633416
0.1534386
0.1691186
0.1589779
0.1765615
0.1525038
0.1643077
0.1752101
0.1646665
0.1646146
0.1845395
0.2029498
0.1970849
0.1646114
0.1888564
0.1435506
0.1690282
0.1516057
0.1339843
0.1901162
0.1727506
0.1595052
0.1777412
0.1609649
0.2121315
0.157202
0.1529391
0.195979
0.1800662
0.1971735
0.213389
0.1454964
0.1244675
0.1662928
0.1257071
0.1338895
0.1535956
0.1736991
0.1453574
0.1152335
0.1092835
0.1133707
0.1264883
0.1428062
0.1291167
0.1621775
0.1320878
0.134502
0.1363559
0.1357814
0.1346323
0.1630681
0.1308303
0.1323124
0.1271273
0.1524676
0.143569
0.1371089
0.1618586
0.1332829
0.1498383
0.1712622
0.1605777
0.1956236
0.1488766
0.1622354
0.1695818
0.1753884
0.1631801
0.1873583
0.1685888
0.1904986
0.1745871
0.1661373
0.159463
0.1637168
0.1565391
0.1723524
0.1480153
0.1782094
0.1566936
0.1356998
0.1795454
0.1350468
0.1135931
0.1224588
0.1324577
0.1425471
0.1340809
0.1409172
0.1279798
0.1504795
0.1483295
0.1435065
0.120281
0.1492073
0.1349598
0.1468071
0.2288387
0.2027774
0.1930368
0.1823245
0.1936017
0.1639114
0.1531257
0.2086189
0.1729425
0.1411493
0.2072967
0.1978653
0.1706012
0.1641164
0.1910154
0.1907229
0.1926936
0.1574724
0.1881001
0.1521569
0.1401046
0.130597
0.1583601
0.1302615
0.1575366
0.1729343
0.146213
0.1847572
0.1652376
0.1873172
0.168081
0.14315
0.1665921
0.1647342
0.1736858
0.1592767
0.1469391
0.1616836
0.1755419
0.1746804
0.1600994
0.1625631
0.1720315
0.1656036
0.2167146
0.1783254
0.1683159
0.1979526
0.1550648
0.1430837
0.1400018
0.1961294
0.1905726
0.1379168
0.1993431
0.1910164
0.1550767
0.1722524
0.1909247
0.1660824
0.1701757
0.192396
0.1665286
0.1756281
0.1571907
0.1954823
0.172976
0.1360791
0.186919
0.189351
0.1533187
0.1501665
0.1463155
0.1543958
0.132558
0.1427959
0.1896804
0.1884558
0.19274
0.1623601
0.1499793
0.1243686
0.1745912
0.1734117
0.165596
0.1819889
0.1454054
0.1161802
0.1527897
0.1578986
0.1571631
0.1558437
0.1388979
0.1661763
0.140761
0.1677944
0.1508209
0.1585296
0.1413975
0.1495165
0.1483038
0.1857266
0.1844105
0.1814832
0.190641
0.1465366
0.1952832
0.1438181
0.1405334
0.1603125
0.1358138
0.133253
0.1183668
0.1177924
0.126469
0.1155847
0.1299825
0.1455471
0.129726
0.1320152
0.153064
0.1774662
0.1461556
0.142401
0.1386278
0.1404825
0.1299973
0.1464815
0.1412176
0.1708502
0.1401371
0.1632239
0.1372487
0.1464315
0.1357546
0.16706
0.1497185
0.1538548
0.1436966
0.1468945
0.1536057
0.1487724
0.1354264
0.1535248
0.1281881
0.1436078
0.1508689
0.1318886
0.1229243
0.1657515
0.1524347
0.1308466
0.1266385
0.1151231
0.1271743
0.1171771
0.1145045
0.1291778
0.1216958
0.1292111
0.1263392
0.1383279
0.1475833
0.1392971
0.1051996
0.1528539
0.1285429
0.1729995
0.1457394
0.1147857
0.1325948
0.1064324
0.1704065
0.1559303
0.140533
0.1246346
0.1276103
0.1353608
0.1080397
0.1360846
0.1395961
0.1156386
0.1383954
0.1381634
0.1337904
0.1333163
0.1331326
0.1169493
0.1534532
0.1966874
0.1863316
0.1314331
0.1480635
0.1544307
0.1508957
0.1806806
0.1943925
0.1534964
0.1905371
0.163928
0.1543125
0.1673163
0.1896738
0.1318316
0.1508184
0.1376973
0.1526033
0.1709299
0.1589548
0.1343752
0.1452746
0.1100599
0.1541683
0.18356
0.1638705
0.1167244
0.1471448
0.1582372
0.1650054
0.1374487
0.1551664
0.170472
0.1519012
0.1799286
0.1472672
0.1451055
0.149781
0.1574853
0.1697476
0.1495465
0.1884991
0.1565418
0.1589084
0.15073
0.1638283
0.1520452
0.147448
0.1701307
0.1613887
0.1606353
0.1723885
0.1427472
0.1774325
0.1700698
0.1432483
0.1747544
0.1729131
0.1511651
0.1436093
0.1648139
0.1572244
0.1991503
0.1611908
0.1263023
0.1312862
0.1733676
0.1830123
0.1688712
0.2007565
0.134448
0.1728616
0.1744511
0.1495894
0.1431455
0.1536469
0.1609521
0.1913952
0.148541
0.1545847
0.1316994
0.1402441
0.1533786
0.131544
0.1223028
0.1299012
0.1187691
0.1688755
0.1688397
0.2159855
0.1796874
0.1685156
0.1411612
0.1488717
0.2046778
0.1795056
0.1817219
0.1516115
0.134743
0.1525028
0.1349486
0.1712358
0.1545379
0.1349526
0.140533
0.1399812
0.1608669
0.1472268
0.1650474
0.1601211
0.1533336
0.141896
0.1389012
0.1191696
0.138408
0.1811685
0.1373422
0.1256617
0.1256634
0.1218719
0.1295519
0.1238997
0.1190105
0.1255841
0.1315889
0.1309432
0.1696332
0.127827
0.1496417
0.139551
0.1510989
0.1392889
0.1680063
0.1669075
0.1680143
0.1791603
0.1607835
0.1834622
0.1680176
0.1749529
0.1509973
0.1824459
0.1466756
0.1369252
0.1500846
0.184282
0.1276342
0.1842481
0.1628052
0.1731626
0.151263
0.1762279
0.1618786
0.1501073
0.1512348
0.1601778
0.14621
0.1509843
0.1603191
0.1768736
0.1532557
0.186135
0.1377867
0.1655777
0.1608949
0.1921988
0.196337
0.1372123
0.1467153
0.1594581
0.177879
0.1859891
0.1841285
0.2038668
0.194721
0.2127032
0.1747497
0.1765555
0.1677855
0.1681045
0.1733018
0.158079
0.1712125
0.1613988
0.1726793
0.1740844
0.1947643
0.1632825
0.1808821
0.1563251
0.1580193
0.1790948
0.1696467
0.1756274
0.1644957
0.1429252
0.1580077
0.1776857
0.166974
0.1574205
0.1423655
0.1583849
0.2040578
0.2303295
0.2173171
0.1571335
0.1585597
0.1734701
0.1160171
0.1762028
0.1830231
0.1819717
0.1721637
0.1806762
0.1539203
0.1709163
0.1644659
0.1679903
0.1625884
0.1439203
0.172014
0.158227
0.1648674
0.1563031
0.1805138
0.1874875
0.1712909
0.1676136
0.1684644
0.174583
0.1687965
0.1712137
0.1594588
0.1972102
0.2149711
0.1639885
0.1716237
0.184768
0.1763838
0.15833
0.1771191
0.164281
0.1886521
0.1635598
0.1673386
0.1686991
0.1639198
0.1500828
0.1702038
0.1637073
0.1535534
0.1377013
0.1725216
0.1632523
0.1515833
0.157357
0.1411486
0.1542752
0.1536405
0.1583651
0.1468749
0.1426856
0.1295877
0.1370991
0.1769709
0.1587545
0.1758089
0.1794689
0.1638253
0.1881023
0.1794491
0.1685256
0.1853293
0.1795227
0.1813669
0.1811636
0.1607809
0.1434936
0.1503487
0.1601418
0.1653733
0.1693704
0.1820745
0.189401
0.1846479
0.188049
0.2074825
0.1972435
0.1624407
0.1831965
0.1730362
0.2022695
0.1863268
0.2017073
0.2148091
0.1982625
0.2138098
0.1828512
0.1727139
0.2074495
0.1668456
0.1992735
0.1669004
0.1538794
0.1648023
0.1510279
0.1588913
0.1518827
0.1520782
0.1613977
0.1706074
0.1763833
0.1605021
0.2071373
0.1763799
0.1963042
0.162358
0.1753619
0.1881139
0.1895921
0.1655114
0.1914774
0.1692592
0.1892244
0.1653969
0.168598
0.1756552
0.1530784
0.2171699
0.1885473
0.1782905
0.190698
0.1820068
0.2006216
0.1908513
0.2088446
0.1939241
0.1625203
0.1874969
0.1972914
0.1866843
0.1851652
0.1454473
0.1440413
0.1415037
0.1466756
0.1240969
0.1360392
0.1565984
0.128461
0.1262718
0.1309197
0.1289166
0.1267685
0.1335329
0.1867859
0.200486
0.1388981
0.1605144
0.1659894
0.1734866
0.1603272
0.1915246
0.1723076
0.1522481
0.1624563
0.1623757
0.1343645
0.1496573
0.1454668
0.1385417
0.1468948
0.1401678
0.1643415
0.2113864
0.2169889
0.2133467
0.2023826
0.2130656
0.1801223
0.1699101
0.1962539
0.1605239
0.1893952
0.1729307
0.1727029
0.1549642
0.1905909
0.1642921
0.1536061
0.2057264
0.1712255
0.2130812
0.142797
0.1665765
0.1736769
0.1479027
0.1530868
0.1813358
0.1666007
0.1410653
0.1783601
0.1714087
0.1897685
0.2131294
0.1830367
0.2143839
0.2156956
0.2264024
0.1973314
0.1684544
0.190337
0.218358
0.1698523
0.1641547
0.1968171
0.1876672
0.1828778
0.2011598
0.2226216
0.2388969
0.1968732
0.1836149
0.217273
0.235074
0.2246272
0.1942715
0.2506227
0.2215739
0.2392381
0.1758363
0.1874513
0.2541308
0.1738615
0.2027539
0.1447078
0.1463125
0.1597432
0.1501689
0.1634568
0.1625748
0.1533243
0.1821933
0.1686597
0.1810459
0.1755852
0.1816366
0.2051583
0.2054547
0.2422151
0.2033822
0.2257601
0.2074382
0.1443114
0.1471501
0.2446713
0.188042
0.1677984
0.1692715
0.1593778
0.2398356
0.245336
0.2574218
0.2325436
0.2012054
0.2472516
0.1919026
0.266671
0.2310287
0.2482112
0.2169262
0.1898491
0.235962
0.218464
0.2027547
0.2167629
0.2129766
0.2511343
0.1891754
0.2037118
0.2402382
0.1985047
0.2115774
0.1891334
0.1789777
0.1908687
0.2265192
0.1856419
0.2024416
0.1497462
0.2157746
0.1659779
0.130202
0.1225496
0.1460546
0.1329866
0.1372341
0.1453474
0.1389852
0.1490024
0.1408638
0.1446747
0.1559375
0.1386026
0.1344502
0.13866
0.163701
0.1677819
0.1510751
0.2038821
0.2139575
0.2046349
0.1480726
0.1577174
0.1570739
0.1820028
0.1885073
0.2037622
0.1678768
0.2122354
0.2054096
0.1865527
0.2118343
0.2252722
0.1621889
0.1707528
0.1791274
0.1552817
0.1262477
0.1401471
0.1349274
0.1625664
0.1581571
0.1513974
0.1579074
0.1460605
0.1307663
0.1515697
0.1596012
0.1643265
0.1929842
0.1715254
0.1747797
0.2070628
0.1621466
0.1588371
0.1517048
0.1911706
0.1820708
0.1763861
0.1897712
0.2327674
0.2219949
0.222482
0.2041611
0.1888937
0.2020998
0.184405
0.1798128
0.1647809
0.1927514
0.1779142
0.1933075
0.185791
0.2069329
0.2007234
0.1812835
0.1661271
0.1585446
0.1707407
0.1644857
0.1634036
0.1772853
0.1619641
0.1633988
0.1701024
0.1499813
0.1546196
0.1543271
0.1682463
0.1682076
0.1695607
0.1660859
0.1438918
0.1339979
0.1361102
0.1874439
0.1894599
0.1682284
0.1834104
0.1998817
0.1856449
0.2117929
0.2286981
0.1671319
0.1566316
0.1543536
0.1515108
0.1822865
0.180925
0.1736113
0.159822
0.1589197
0.1544348
0.1697664
0.1650107
0.1580283
0.1560277
0.1790193
0.1617867
0.1776632
0.1558543
0.1478164
0.1527551
0.1589355
0.1676653
0.1655317
0.1516243
0.1571826
0.1298712
0.1884469
0.1752541
0.1684801
0.1581666
0.1760767
0.1512229
0.1671589
0.1652509
0.1706736
0.1613303
0.1751284
0.1503678
0.1303748
0.1890337
0.1576874
0.1855773
0.1832906
0.1711589
0.1699108
0.15933
0.1621313
0.1623016
0.1459236
0.1657059
0.1768834
0.1651497
0.1464716
0.1787891
0.1883976
0.2023048
0.1644214
0.1937166
0.2098511
0.1715212
0.1958547
0.1433244
0.1494785
0.1491496
0.1744921
0.1503149
0.1630652
0.1821611
0.1446444
0.1802527
0.1572315
0.1603454
0.1221738
0.1537269
0.1660642
0.1617456
0.1767722
0.1660165
0.1788881
0.1605795
0.1693705
0.1897425
0.1743414
0.1680942
0.1611799
0.1663072
0.1551671
0.130131
0.1691887
0.1409544
0.1650887
0.1584512
0.1384743
0.149688
0.1505731
0.1564904
0.1518533
0.1549551
0.1405751
0.1563361
0.1419422
0.1830193
0.1587411
0.1637293
0.1663923
0.1736173
0.156728
0.1622348
0.1785482
0.157502
0.1463084
0.1600359
0.1384624
0.138783
0.1334497
0.1311685
0.1340416
0.1399002
0.1163748
0.1120139
0.1425667
0.1196293
0.1410752
0.1374237
0.1279778
0.1472562
0.1498553
0.1475019
0.1692137
0.1463767
0.1377103
0.1466642
0.1282488
0.1140875
0.1246451
0.1184243
0.1273635
0.1300431
0.1386254
0.1142743
0.1654698
0.1306337
0.1613791
0.122514
0.1402322
0.133221
0.1240803
0.1389651
0.1264844
0.1247636
0.1360293
0.1060207
0.1028027
0.1161876
0.1221645
0.1165538
0.118893
0.1136169
0.1097033
0.1281179
0.1046627
0.1751244
0.1452608
0.1350513
0.147149
0.1254031
0.1149297
0.1431025
0.1600166
0.1376234
0.1444412
0.1459247
0.149766
0.1698049
0.1638837
0.1514556
0.1551779
0.1590097
0.1750248
0.1540049
0.145482
0.1547238
0.1830368
0.1563171
0.1586148
0.1766039
0.1917403
0.1884658
0.1914526
0.1892408
0.1550074
0.1721212
0.1461482
0.1373195
0.114121
0.1510641
0.1439673
0.1512529
0.1508589
0.115875
0.116309
0.1371699
0.129391
0.1507959
0.1627166
0.1316777
0.137449
0.1204461
0.1281447
0.1291279
0.1253541
0.1642457
0.148349
0.1403466
0.1535117
0.1795003
0.1546279
0.135517
0.1290377
0.1358421
0.1498034
0.1325858
0.1460569
0.1419576
0.1277135
0.1319793
0.14612
0.1450955
0.1234996
0.1223385
0.1499125
0.1439195
0.1453266
0.1503952
0.1466922
0.1712839
0.1572468
0.18551
0.1577447
0.1554832
0.1601582
0.1417255
0.1530364
0.1386972
0.1454712
0.1508593
0.1808849
0.1523681
0.1394908
0.1433116
0.1617296
0.1692432
0.1418412
0.155894
0.1652932
0.1681215
0.1570521
0.1427045
0.1763531
0.1427318
0.1833001
0.1632269
0.1292847
0.1806965
0.1451314
0.1668944
0.1247095
0.1116923
0.1163801
0.1652106
0.1378742
0.130064
0.1606629
0.1581189
0.135278
0.1394917
0.1331517
0.1329716
0.1403234
0.1343942
0.1395918
0.1341425
0.152466
0.1379918
0.1260415
0.1251767
0.1231503
0.1444801
0.1337389
0.1468635
0.1277945
0.1244946
0.1256312
0.1334486
0.1224818
0.1455043
0.1583695
0.1462328
0.1810297
0.1607268
0.1671581
0.1333099
0.1294469
0.1393774
0.1224686
0.1411042
0.1403636
0.1541694
0.1412746
0.1459877
0.1787734
0.1836287
0.1921615
0.192995
0.1809644
0.2051947
0.2067964
0.2065013
0.2012817
0.2015072
0.1986452
0.1980321
0.206707
0.205366
0.1863142
0.1990268
0.1907795
0.202105
0.2147349
0.1529174
0.1617374
0.1528498
0.1569633
0.1599616
0.1463819
0.1473318
0.1341489
0.1238909
0.1868585
0.2031207
0.1728772
0.1563749
0.1475621
0.1604978
0.1624908
0.1689169
0.1887665
0.1723271
0.1648274
0.1877092
0.1768873
0.1520865
0.1692066
0.1450455
0.1691131
0.1939428
0.1717777
0.1503019
0.1861336
0.1696171
0.1531283
0.1896696
0.1944449
0.2340202
0.1829837
0.1685462
0.1488048
0.1774922
0.1774483
0.1695246
0.1697534
0.1634573
0.1808658
0.1397266
0.1923977
0.1623644
0.1536574
0.1698502
0.1549313
0.1611458
0.1590782
0.1899255
0.178747
0.1626056
0.1637952
0.1650606
0.162226
0.1807685
0.1658049
0.1799998
0.145622
0.1629454
0.1531134
0.1835494
0.1662391
0.2021471
0.1737221
0.195063
0.1798405
0.1749199
0.1854321
0.202223
0.1660525
0.1346387
0.1498905
0.1352495
0.1199589
0.1405345
0.1326419
0.1351916
0.1194739
0.1374564
0.1375382
0.1940872
0.2088154
0.1903394
0.219053
0.2001428
0.1759852
0.1729763
0.1928233
0.1722987
0.1942937
0.1939813
0.133179
0.1511216
0.1841254
0.1831358
0.2053153
0.166727
0.2055005
0.1732911
0.2182038
0.1577025
0.1503431
0.1680863
0.191454
0.1729081
0.1952239
0.1722713
0.2035113
0.1898564
0.2094529
0.194612
0.2300857
0.1950044
0.1957902
0.2113975
0.177793
0.185811
0.1656525
0.1806947
0.204439
0.1990284
0.1923136
0.1779851
0.1904603
0.1921991
0.1536043
0.1641116
0.1921031
0.1900133
0.1414192
0.1594919
0.1331737
0.1435605
0.141303
0.1423786
0.1433102
0.1459247
0.1349239
0.1438425
0.1563885
0.1559432
0.1557548
0.1678004
0.1773754
0.1202129
0.1616187
0.1453812
0.1555682
0.1644854
0.1716235
0.1350519
0.1359687
0.1479417
0.1568101
0.133189
0.1293322
0.1323029
0.1268878
0.1644348
0.1426073
0.1499254
0.1345579
0.1320938
0.1640783
0.1321625
0.1798314
0.1595388
0.1487533
0.1524884
0.1470124
0.1564361
0.1388649
0.1627478
0.1596648
0.1452486
0.1600981
0.1516465
0.1510568
0.1475758
0.1404968
0.1626844
0.1501581
0.1723105
0.1673382
0.1589286
0.1842338
0.1807199
0.1670868
0.1601919
0.1647412
0.1811175
0.1518259
0.1574156
0.1549861
0.183065
0.1518084
0.2051327
0.1817074
0.1538815
0.1591588
0.1573627
0.1499048
0.1553675
0.1625255
0.1480519
0.1569637
0.1663144
0.1419571
0.1526531
0.165056
0.1628398
0.1701737
0.1516418
0.1594702
0.1500885
0.1523229
0.168716
0.1621566
0.1587582
0.1682803
0.1640895
0.1696071
0.1749226
0.1538538
0.1669448
0.1680325
0.1662204
0.1620143
0.1500441
0.1485784
0.1661354
0.1407265
0.1201625
0.1280971
0.1540904
0.1541044
0.1329449
0.1410021
0.167567
0.1595632
0.1363798
0.1460587
0.1428326
0.1299949
0.1587819
0.1497605
0.1547096
0.1667689
0.1625271
0.1663372
0.1584245
0.157593
0.1639879
0.1676445
0.1306863
0.165502
0.1635794
0.155956
0.1670158
0.1617405
0.1778799
0.1391608
0.1482568
0.1452588
0.1473055
0.1680033
0.1543811
0.1343905
0.1561484
0.1428456
0.1544569
0.1515376
0.1432175
0.1341618
0.1510382
0.1466552
0.1519591
0.1479526
0.1409803
0.1398923
0.1595697
0.1667726
0.135758
0.1500342
0.1552322
0.1389047
0.1517513
0.1479896
0.1605745
0.1508113
0.1709508
0.1517038
0.1518742
0.1376684
0.1613611
0.1719297
0.165346
0.1514179
0.153845
0.1521686
0.131323
0.1430502
0.1279008
0.1032695
0.1290421
0.1248305
0.1168753
0.1344987
0.1557755
0.1448492
0.1182013
0.1343529
0.1246422
0.1247429
0.1303361
0.1161709
0.1216275
0.1255143
0.1415601
0.1567982
0.1391079
0.129378
0.1368294
0.1529601
0.122703
0.1312902
0.1353754
0.130146
0.1370743
0.1559233
0.1486981
0.1475258
0.1575125
0.114134
0.1266234
0.1259867
0.1329609
0.1077746
0.1182396
0.1788453
0.1800463
0.1326206
0.1443485
0.1354967
0.1490548
0.1386594
0.135131
0.1559455
0.1453357
0.1497909
0.1623205
0.1503417
0.1408627
0.1401477
0.1440114
0.1477662
0.1273844
0.1449568
0.1466512
0.1558258
0.1336533
0.1402888
0.127414
0.1692648
0.1887381
0.162479
0.2089223
0.2068819
0.1901071
0.1967182
0.1742324
0.1545418
0.1502564
0.1867829
0.1756705
0.1885684
0.1545703
0.2076114
0.1883732
0.2005676
0.1874287
0.180285
0.1845961
0.17724
0.1542671
0.1980368
0.1934263
0.1991619
0.1783974
0.1686959
0.1838826
0.1803145
0.1946535
0.1746125
0.158339
0.1717376
0.1904664
0.1794654
0.1668802
0.1916834
0.1690078
0.1798488
0.1700156
0.1851791
0.1570851
0.1629431
0.1768672
0.178573
0.1662581
0.1799288
0.1346786
0.1743104
0.1676506
0.1634605
0.1886226
0.1785607
0.1399688
0.1878077
0.1710755
0.1997253
0.1990979
0.2103165
0.1945522
0.1580992
0.1610795
0.1573045
0.1575043
0.1929719
0.1811252
0.2048661
0.2004696
0.1796393
0.1937054
0.1562593
0.1951898
0.1496649
0.1588017
0.1836392
0.1870258
0.1990825
0.2314149
0.206613
0.2042421
0.2049858
0.1848008
0.1714292
0.1730773
0.1731624
0.1618967
0.1435907
0.1830863
0.1874272
0.1826155
0.187156
0.1704861
0.1687094
0.1729387
0.1681283
0.1711745
0.1761009
0.1770812
0.2140644
0.2003736
0.2005934
0.1390035
0.1507125
0.1488181
0.1409937
0.156514
0.1546906
0.1842078
0.1856469
0.1820896
0.1932271
0.176843
0.2164479
0.1715049
0.1816916
0.2007228
0.1878256
0.1889877
0.1640348
0.1833431
0.1753582
0.1906203
0.1681719
0.1315943
0.1607777
0.1809522
0.1978701
0.1957751
0.1917028
0.1692127
0.1707689
0.1810273
0.1849013
0.1910093
0.2030575
0.231948
0.1771478
0.170392
0.1832294
0.1545191
0.1619117
0.1750804
0.1957838
0.1671049
0.1898351
0.1672152
0.1796178
0.1865698
0.181106
0.1516566
0.1532583
0.1384568
0.1693719
0.1429519
0.1719148
0.17873
0.178653
0.1677711
0.1836499
0.1643706
0.173404
0.1790202
0.1718998
0.1852034
0.1833094
0.2231783
0.1856521
0.1974898
0.1745625
0.1670423
0.1588802
0.1806844
0.1718471
0.1766846
0.178125
0.1458303
0.1550851
0.169153
0.1674449
0.151326
0.1684705
0.1574009
0.177576
0.1689555
0.1528336
0.1628554
0.1408718
0.1425475
0.1918421
0.1458409
0.1502382
0.1666878
0.1426427
0.171736
0.1676571
0.1452907
0.1116775
0.1607483
0.1360483
0.1403657
0.1244028
0.1428695
0.1341003
0.113043
0.1323725
0.1348454
0.1443882
0.1438917
0.1491652
0.1304788
0.1250673
0.1354478
0.1472969
0.1463841
0.1348717
0.1414504
0.1490015
0.1469276
0.138902
0.1302657
0.1272548
0.128367
0.1626095
0.1537418
0.1752685
0.1532393
0.127783
0.1599905
0.1627337
0.1614207
0.1486602
0.1479336
0.1304342
0.1358828
0.139527
0.1672101
0.1638718
0.1543126
0.1399148
0.1353472
0.1434301
0.148513
0.1415809
0.1306745
0.142048
