0.1977801
0.1863579
0.2160025
0.1898029
0.1541275
0.2160921
0.22057
0.2047713
0.1958123
0.2000183
0.1976287
0.2274242
0.1802835
0.201875
0.2100841
0.2076876
0.2178088
0.2126083
0.2077083
0.2064937
0.2280543
0.2523453
0.2236343
0.1959044
0.1901939
0.1836342
0.1983723
0.1686627
0.194641
0.163751
0.1638924
0.1867516
0.1955695
0.1843946
0.2051779
0.2216926
0.2070041
0.1911466
0.211343
0.2005607
0.1868673
0.2397111
0.2159984
0.1957163
0.2056985
0.2475078
0.1998068
0.1595731
0.1962336
0.182368
0.2018734
0.2358783
0.2073978
0.1918729
0.2218291
0.2048138
0.2367542
0.209207
0.2322291
0.1892436
0.1879368
0.1860429
0.1987001
0.2221881
0.1892393
0.2033902
0.193494
0.1758887
0.1899207
0.2062938
0.1762876
0.1581277
0.1695469
0.1731763
0.1689065
0.1647303
0.1605503
0.1797123
0.1655636
0.1681492
0.1338231
0.1455677
0.1489664
0.133192
0.127343
0.1350265
0.1274198
0.1259442
0.1351833
0.1212503
0.1307047
0.130412
0.1372529
0.151014
0.1299077
0.1156413
0.1407235
0.1712741
0.1757046
0.1260304
0.1446542
0.1392268
0.1161491
0.1371681
0.1367399
0.1601843
0.1305286
0.1350259
0.1443003
0.1347779
0.1438636
0.1518538
0.1328587
0.1714252
0.1537508
0.13431
0.1026345
0.1047583
0.1369423
0.1232082
0.1474266
0.1530517
0.1782567
0.1748064
0.1739596
0.1816864
0.1805094
0.1767571
0.1923295
0.1855507
0.1836031
0.1322957
0.1783132
0.1654765
0.1967696
0.1953541
0.1746082
0.1721524
0.1530197
0.1764001
0.18743
0.1932589
0.176725
0.1919916
0.189743
0.1938422
0.2015789
0.1837503
0.1729124
0.146477
0.1754582
0.1638647
0.1910692
0.1841673
0.1478982
0.1774735
0.1506725
0.1709397
0.1775435
0.1806781
0.1756696
0.2020045
0.2048546
0.1774011
0.1844251
0.1942038
0.2045332
0.2036022
0.2037303
0.2096093
0.171204
0.1502153
0.1554202
0.2080201
0.1750582
0.1704171
0.1724214
0.164397
0.1658088
0.1624152
0.1938627
0.16029
0.161141
0.1670853
0.1698328
0.1978647
0.1831575
0.1701233
0.1550769
0.1555083
0.1807882
0.1754198
0.1728758
0.1836208
0.166015
0.1769852
0.1769142
0.1762263
0.1619233
0.1813486
0.1425052
0.1695435
0.157132
0.1801608
0.1381308
0.1455615
0.1562477
0.1592642
0.1546302
0.1431774
0.1496491
0.1721752
0.2082657
0.1171058
0.1894339
0.1352162
0.1660544
0.1639321
0.1622124
0.170661
0.1603509
0.1786691
0.200597
0.1589228
0.1921975
0.1561337
0.162981
0.1681763
0.1706879
0.1605825
0.1469133
0.1701078
0.1879742
0.1935211
0.1924242
0.1689163
0.169996
0.1536287
0.1633842
0.1867835
0.1753686
0.166658
0.2033744
0.1974275
0.1669484
0.1930692
0.1987422
0.1581377
0.2063411
0.2401077
0.215769
0.2128004
0.1767886
0.20301
0.2221586
0.2058334
0.1977683
0.1762958
0.1521993
0.1712872
0.1784253
0.1463483
0.1567841
0.1637869
0.1874881
0.1873335
0.1591061
0.1764008
0.1537637
0.1676706
0.1687162
0.1472717
0.1687624
0.172275
0.1582979
0.1543239
0.1455696
0.1675363
0.1559355
0.1677345
0.1646097
0.1572877
0.158019
0.1614701
0.1637715
0.1566813
0.1494473
0.159342
0.1554975
0.1294143
0.1390891
0.1438279
0.1370913
0.1401007
0.1353069
0.1347671
0.148088
0.1464508
0.157345
0.1353821
0.1313801
0.107158
0.1398691
0.1402658
0.1260201
0.114383
0.1699986
0.1266791
0.1186265
0.1238844
0.1212189
0.1198716
0.1443832
0.1248628
0.1208552
0.1256272
0.1132829
0.1349401
0.1669398
0.1332801
0.1518154
0.1567833
0.1512352
0.1410618
0.1533787
0.1464492
0.1611502
0.1472216
0.1914214
0.1516123
0.1162437
0.1121547
0.1293669
0.1226564
0.1419686
0.1525386
0.1018453
0.1505319
0.1467151
0.1507391
0.1151249
0.1541068
0.1350889
0.1605553
0.1603257
0.1428527
0.1521064
0.1550647
0.137231
0.139936
0.1365747
0.1464152
0.1594553
0.1049637
0.137126
0.1426395
0.1632382
0.1798522
0.1361905
0.1333993
0.112938
0.1083177
0.1456426
0.1151209
0.13177
0.1550914
0.158056
0.1456847
0.1527841
0.1593141
0.1323847
0.1301319
0.1273646
0.1318658
0.143976
0.1413964
0.1372943
0.140534
0.127259
0.1221419
0.1604062
0.1476703
0.1209929
0.1717172
0.1344231
0.1420526
0.1565456
0.1829325
0.1523106
0.1512113
0.1597524
0.1466684
0.1403678
0.1079394
0.1398002
0.1455101
0.1580158
0.1596327
0.1538634
0.1810883
0.159353
0.1539645
0.1583794
0.1393334
0.1318653
0.1538366
0.1487897
0.135526
0.1490434
0.1462417
0.1490894
0.1312595
0.1519656
0.1367478
0.1237056
0.1439523
0.14592
0.1495035
0.1394987
0.1334481
0.138052
0.1510812
0.1269837
0.1575935
0.1512205
0.153019
0.1658085
0.1646039
0.1596361
0.1595552
0.1354707
0.1339657
0.1511454
0.1372696
0.1089827
0.1347124
0.1545664
0.113705
0.1611807
0.1231162
0.132907
0.1289282
0.1264659
0.1327891
0.1375379
0.1512365
0.1170283
0.1532288
0.1218063
0.1447138
0.1535561
0.1376487
0.1711757
0.141487
0.1521871
0.1316459
0.143788
0.1376902
0.1304755
0.1370455
0.1565534
0.1247738
0.1317208
0.1484228
0.1621476
0.1376962
0.131177
0.1422168
0.1397772
0.129728
0.129125
0.129857
0.1335885
0.1694188
0.1404653
0.1301932
0.1376234
0.13995
0.1300511
0.1305221
0.141205
0.1252074
0.1408632
0.1114
0.0921118
0.1409524
0.1089448
0.1212613
0.1352983
0.1354803
0.1447183
0.1376157
0.1307897
0.1331851
0.1607268
0.1322016
0.1317726
0.1347859
0.151694
0.1407153
0.1483634
0.1259778
0.144881
0.1260621
0.134566
0.1459304
0.1288206
0.1448503
0.1353138
0.1360608
0.1454316
0.1585218
0.1605712
0.1819275
0.1367246
0.1510776
0.1366857
0.1828095
0.1870856
0.1830769
0.1808531
0.1577115
0.1591577
0.1278351
0.1753047
0.167374
0.1241805
0.1274431
0.1241303
0.1348688
0.1372705
0.1377264
0.1743552
0.1636021
0.1877723
0.1525676
0.1311494
0.1471979
0.1976902
0.1430403
0.1562034
0.1500184
0.1435966
0.1321035
0.1676819
0.1773345
0.1904754
0.1487091
0.1391886
0.1786406
0.1688107
0.1806743
0.1413236
0.1606306
0.1425445
0.1327876
0.1227542
0.1550689
0.12604
0.1126624
0.1140752
0.1259299
0.1723031
0.1384181
0.1671299
0.1376864
0.1520964
0.139538
0.1327618
0.131427
0.1079039
0.1255164
0.1135106
0.1208324
0.1254018
0.1435764
0.1443391
0.1418414
0.1484998
0.1260756
0.1375665
0.1440406
0.1333243
0.1638495
0.1685058
0.1909355
0.1247551
0.138232
0.1296358
0.1551731
0.1666614
0.143412
0.1823323
0.1553177
0.1401511
0.1305234
0.1221009
0.1397851
0.1125323
0.1384908
0.1533793
0.1270667
0.1283236
0.1358474
0.1231239
0.1477268
0.1413454
0.1457702
0.1560543
0.1461145
0.1272248
0.1605506
0.1723427
0.1688689
0.2307687
0.2057948
0.1658821
0.1833827
0.205846
0.1956691
0.1883556
0.1561602
0.1819156
0.1779082
0.2098273
0.1911563
0.1889389
0.1971438
0.2081848
0.2002993
0.1589702
0.1860743
0.1959001
0.2245491
0.2186989
0.2225157
0.1500642
0.1781867
0.1571072
0.1942909
0.1832384
0.1632506
0.1495172
0.1660685
0.1763767
0.1683582
0.170349
0.1610036
0.1578783
0.1557333
0.1496246
0.1587278
0.1603693
0.1603429
0.1627441
0.1588904
0.1418554
0.1587562
0.1604422
0.1609827
0.1572923
0.1638522
0.163553
0.1494664
0.1331381
0.1370509
0.1507004
0.1431125
0.1373488
0.1646647
0.1601793
0.1652711
0.1661511
0.1946905
0.206302
0.1763823
0.1613982
0.1878065
0.1644688
0.1792343
0.1763227
0.1688267
0.1605732
0.1561186
0.1643787
0.2048397
0.1657526
0.2105832
0.1851253
0.1671953
0.1704287
0.1899215
0.184518
0.1559751
0.1792213
0.1921956
0.1662622
0.1831072
0.17329
0.1922298
0.1785167
0.1384637
0.1439226
0.1816439
0.1653528
0.1569424
0.1824703
0.1745442
0.1707033
0.1688192
0.1483201
0.1605736
0.1844304
0.1576919
0.2080285
0.1686264
0.1673021
0.1694
0.2097452
0.2217423
0.2096153
0.2120016
0.1928571
0.1928788
0.2026888
0.1763042
0.1830096
0.1670322
0.178171
0.1587655
0.1820349
0.1698447
0.1637794
0.1416023
0.1778833
0.147401
0.1397501
0.1469294
0.140159
0.1373726
0.1414442
0.1663243
0.1874533
0.1620752
0.1709724
0.1686096
0.1620764
0.1247924
0.1562198
0.1566208
0.187972
0.1803795
0.1806935
0.1480362
0.1509694
0.1477734
0.1541215
0.1517569
0.1651587
0.1717804
0.1867764
0.1694219
0.1934682
0.2030071
0.2142974
0.2541226
0.2614712
0.2650943
0.3037469
0.2750335
0.2818528
0.2907263
0.3000224
0.3042081
0.2848238
0.2625918
0.2773027
0.2985211
0.2611283
0.2537398
0.2594755
0.2551546
0.2383714
0.2476324
0.2408968
0.2248328
0.2377657
0.2505385
0.2487205
0.2555158
0.2721843
0.2481358
0.2487635
0.2933261
0.2125461
0.2261921
0.254424
0.2344284
0.2583886
0.2569017
0.2520874
0.2467554
0.2160954
0.2492278
0.2719323
0.2642507
0.2297003
0.2338693
0.2110923
0.2045914
0.2015466
0.1959003
0.2083103
0.24735
0.2009461
0.2348409
0.2482394
0.2222536
0.253462
0.213986
0.2283259
0.235153
0.2388149
0.2352484
0.2774638
0.2361458
0.2033224
0.2101376
0.2145942
0.2252937
0.2014372
0.2378821
0.2040095
0.2155668
0.2245044
0.2248157
0.2261529
0.2047526
0.204317
0.2238424
0.2145082
0.2098982
0.2030897
0.2124382
0.2117496
0.1996915
0.2290498
0.2354425
0.2120457
0.2150463
0.2691984
0.2378744
0.2391746
0.2237148
0.2359511
0.2152801
0.2113667
0.1679128
0.1810138
0.1798984
0.2271845
0.2325225
0.2786379
0.2571729
0.2339621
0.2341289
0.2489121
0.229612
0.2640159
0.2626057
0.2781944
0.2496147
0.2319444
0.2488743
0.2463957
0.2206361
0.2234041
0.2477427
0.2241044
0.2425462
0.2413259
0.229967
0.2424105
0.2506103
0.2422194
0.2510527
0.2336305
0.2561612
0.2589459
0.2618591
0.2469142
0.2454204
0.2378058
0.2588157
0.2477753
0.2551886
0.2682334
0.2790853
0.2621665
0.2416467
0.2468328
0.2602416
0.2439982
0.2393943
0.2516417
0.2460399
0.2382198
0.2279307
0.2569462
0.2370198
0.2591776
0.2688285
0.2288525
0.2698388
0.2785797
0.2515272
0.2454522
0.2553882
0.2577294
0.2451026
0.2511145
0.24022
0.2146591
0.2495821
0.2538379
0.2493984
0.2700695
0.2460353
0.245771
0.2738039
0.2487722
0.2684866
0.2382782
0.2592936
0.2405914
0.2483111
0.2541657
0.2527219
0.2467625
0.2637767
0.2591532
0.2619749
0.2451165
0.2338604
0.2397587
0.2658814
0.2533912
0.2410865
0.2349437
0.274837
0.2247345
0.2509052
0.2456537
0.2486366
0.2494636
0.2437055
0.2539307
0.2718848
0.2597629
0.228459
0.2499848
0.2619936
0.24484
0.2660941
0.236162
0.2374282
0.2380032
0.2408791
0.2419539
0.2280605
0.2444916
0.2359859
0.2589489
0.262695
0.2580407
0.2488794
0.2504663
0.2581016
0.2830338
0.2759261
0.2640376
0.2737343
0.2555847
0.2753949
0.2256512
0.2490917
0.2424619
0.2288821
0.2500203
0.2344122
0.2348645
0.2524693
0.2566864
0.2349566
0.2347089
0.2481101
0.2604753
0.2380787
0.2489468
0.2618112
0.2635195
0.2464991
0.2538958
0.2515466
0.3028811
0.2703364
0.2683396
0.2635686
0.2644136
0.2698697
0.2963263
0.2608198
0.2494301
0.2420146
0.2429834
0.2073338
0.2489216
0.2238319
0.2313113
0.1984672
0.2437919
0.2279351
0.2391741
0.2146856
0.2345651
0.2507339
0.2393021
0.2596385
0.2226084
0.2006248
0.2365355
0.2240092
0.2303523
0.2125699
0.2504896
0.2464824
0.2176934
0.2546499
0.2512816
0.2698205
0.2598296
0.2522657
0.2063936
0.2613494
0.2481493
0.2438276
0.236646
0.2450519
0.2444471
0.2508858
0.2207758
0.2258635
0.2407235
0.2461957
0.2387322
0.2311484
0.2325168
0.2253353
0.230017
0.2418003
0.239393
0.245906
0.2385656
0.2611687
0.2137939
0.2311267
0.2265984
0.229708
0.232949
0.2417074
0.2304337
0.2212473
0.229189
0.2300059
0.2104031
0.2399606
0.2385486
0.2126843
0.2231887
0.2418238
0.2343866
0.2572511
0.2361077
0.2339398
0.2175188
0.2293187
0.230306
0.2613779
0.2342899
0.21959
0.2245489
0.2254867
0.2286583
0.2184676
0.2266165
0.2452275
0.2397944
0.1887173
0.2487835
0.2305623
0.2295341
0.2433405
0.2544057
0.2144776
0.1865294
0.214919
0.2221789
0.2418824
0.2363316
0.2277785
0.2469483
0.2459039
0.2339418
0.2317972
0.236476
0.2593308
0.2295439
0.235921
0.2194183
0.2408567
0.2158975
0.2092056
0.2356242
0.2125005
0.2196248
0.2172507
0.2187921
0.2078099
0.1877351
0.2155887
0.2443064
0.1898842
0.2332862
0.2022699
0.2206945
0.2004743
0.1921977
0.1722164
0.1882287
0.1962217
0.1964136
0.1908145
0.1890568
0.2150524
0.2450247
0.204139
0.2280833
0.2558501
0.2356805
0.2597407
0.2240688
0.2259304
0.2379477
0.2247224
0.2651305
0.2377069
0.2192312
0.220096
0.2358754
0.2371435
0.2526269
0.2617911
0.2271327
0.2245864
0.2388392
0.2404137
0.2232104
0.2429237
0.243778
0.2188724
0.2117021
0.1969033
0.1945638
0.1956753
0.2155238
0.2169942
0.2144286
0.2050202
0.227457
0.2261147
0.1968171
0.2444746
0.2443512
0.2391551
0.2205028
0.2019228
0.223293
0.2107916
0.2169437
0.2229419
0.2153715
0.2279083
0.238563
0.2438804
0.2168745
0.2322115
0.2170208
0.2344701
0.2582722
0.2427626
0.2283549
0.2460222
0.2532053
0.2476645
0.24745
0.2524069
0.2559951
0.2194933
0.2353353
0.2278248
0.2153842
0.2546923
0.2678469
0.2271819
0.2316067
0.2541606
0.2734112
0.2663881
0.2407525
0.2803467
0.2626233
0.2389233
0.2536743
0.2474096
0.2682728
0.2526509
0.2826396
0.2598174
0.2479339
0.2600427
0.2356564
0.2425868
0.2079372
0.2449238
0.2377718
0.1925001
0.2684038
0.240403
0.2502786
0.2431212
0.2430369
0.2361594
0.2299668
0.2139857
0.2258218
0.2411267
0.2374403
0.2440447
0.2390002
0.2229655
0.2619005
0.2574286
0.2694601
0.2474248
0.2688198
0.2644588
0.2888632
0.2942777
0.3151598
0.2991998
0.279265
0.2691153
0.275664
0.2864638
0.2924658
0.2679198
0.2755693
0.2740481
0.2707045
0.2553209
0.2615836
0.2445079
0.2541637
0.2536179
0.2476539
0.257972
0.2641605
0.2623918
0.2663157
0.2745529
0.2732258
0.2791628
0.2712366
0.2805539
0.249515
0.2301408
0.236796
0.2554423
0.2358654
0.2440535
0.2382882
0.235892
0.2697762
0.2591223
0.2439015
0.2692691
0.2066051
0.2245099
0.2577965
0.235888
0.2720555
0.2482238
0.2073379
0.2350786
0.1978208
0.2032727
0.2196618
0.2666398
0.2354558
0.2680377
0.2565162
0.281304
0.2454674
0.2523049
0.260689
0.2447577
0.2306681
0.2732519
0.2577564
0.262844
0.2557422
0.2326138
0.2689663
0.2676179
0.247181
0.2671629
0.2825063
0.2713454
0.2491663
0.2569268
0.2414086
0.2698037
0.2724803
0.2469444
0.2542698
0.2579259
0.2627867
0.2844851
0.2428492
0.2751475
0.2947128
0.2716099
0.2379227
0.2291043
0.2588332
0.2415927
0.2586841
0.2775429
0.2878778
0.2396369
0.2644787
0.2715618
0.2608387
0.265204
0.2543163
0.2666633
0.2876928
0.2587556
0.2897738
0.2871411
0.2325966
0.2478728
0.2901304
0.2629049
0.2364127
0.2621484
0.2371315
0.2477788
0.2872354
0.2541942
0.2610074
0.2530476
0.2333951
0.2422117
0.2608377
0.2498596
0.2763602
0.2397261
0.2632321
0.2456357
0.2615935
0.2791857
0.2625195
0.2599497
0.2853519
0.2800219
0.2427182
0.2382405
0.2652308
0.2532446
0.2500362
0.235957
0.2668907
0.2637022
0.2482483
0.2234372
0.2474011
0.2365304
0.2501631
0.2514409
0.2330528
0.2461646
0.2748611
0.2282402
0.2184197
0.2309281
0.238389
0.2043077
0.2507693
0.2390274
0.2258884
0.2781663
0.2602087
0.242153
0.2294249
0.2485408
0.2317617
0.2496236
0.2302027
0.2318361
0.250641
0.2549228
0.2508968
0.2374351
0.2459024
0.256962
0.2535878
0.2572969
0.2317604
0.2574016
0.2482781
0.2559961
0.2516159
0.2644234
0.2593895
0.2437181
0.286615
0.2590935
0.2719916
0.2673206
0.2754428
0.2876864
0.2788294
0.2854711
0.2394488
0.2502431
0.278012
0.2521438
0.2405244
0.2478266
0.270871
0.2348801
0.2661726
0.257998
0.2603891
0.2494819
0.2466966
0.2500917
0.2460912
0.2812205
0.2277352
0.2285192
0.2293112
0.2387395
0.241117
0.25533
0.2896478
0.2497484
0.2442359
0.2725619
0.236299
0.2246059
0.2598542
0.247483
0.2120346
0.2345263
0.2321586
0.2195649
0.2690355
0.2474868
0.2215802
0.2506285
0.2399285
0.2280897
0.2197449
0.2302397
0.2254815
0.2708082
0.2342877
0.2441982
0.2353019
0.2413212
0.2190312
0.2443847
0.2317645
0.2278552
0.1997534
0.2307537
0.2167886
0.1971644
0.2431806
0.2313079
0.2503971
0.2223089
0.2234063
0.2271287
0.2402733
0.2527054
0.2562916
0.2446368
0.2557654
0.2142851
0.2278817
0.222406
0.2307452
0.2463472
0.2596655
0.2529632
0.2808041
0.2919502
0.2710624
0.2812559
0.2553995
0.2806864
0.2868213
0.2745957
0.2193183
0.2590895
0.2494165
0.2452133
0.2641053
0.2580382
0.2460051
0.2660983
0.2305926
0.2163032
0.2549583
0.2253156
0.2518531
0.2570706
0.255053
0.2405276
0.2313602
0.2030145
0.243781
0.2446309
0.2675115
0.2591802
0.2648359
0.2788456
0.2762566
0.2844604
0.263826
0.2826765
0.2793869
0.2757691
0.3058924
0.2908845
0.2842008
0.2574679
0.2784096
0.2675356
0.2389545
0.281108
0.2567543
0.2695727
0.2342824
0.2652753
0.237147
0.2283659
0.2308476
0.2707482
0.2658308
0.2620815
0.2515269
0.2571132
0.243539
0.2501346
0.2440398
0.2346169
0.2281182
0.2336984
0.237978
0.2503728
0.2635739
0.2623993
0.2702792
0.2283016
0.2324734
0.2660871
0.2379937
0.2112755
0.2424352
0.2367968
0.24743
0.2536494
0.2590377
0.2503913
0.2486449
0.2242201
0.2302021
0.2431403
0.2125292
0.2462503
0.2640691
0.235089
0.2271142
0.2514423
0.2658567
0.2469877
0.2177264
0.2160621
0.2462921
0.2498534
0.2484294
0.2499647
0.2523066
0.2783639
0.2489452
0.2540338
0.2363544
0.2577498
0.2374621
0.2437102
0.225353
0.2406484
0.214325
0.2095884
0.2093899
0.240942
0.243623
0.2434121
0.2390494
0.2342287
0.2149458
0.2283862
0.2296442
0.2667766
0.2706514
0.2644727
0.2501731
0.2317736
0.2833025
0.2372251
0.2388855
0.233242
0.2432297
0.2486948
0.2391341
0.2326904
0.2432178
0.2604652
0.2153612
0.2403985
0.2519093
0.2891515
0.2444307
0.252986
0.2618967
0.2193784
0.2591549
0.2631053
0.2120074
0.2498499
0.236434
0.271892
0.2426057
0.2783296
0.2673496
0.2526014
0.271312
0.2575594
0.2776248
0.2720667
0.282043
0.3044437
0.2488666
0.2604704
0.2747364
0.2674496
0.3185369
0.2735336
0.2759216
0.2597422
0.2747159
0.2938862
0.2837519
0.2657998
0.3140226
0.2602476
0.2650425
0.3383717
0.3067426
0.3078224
0.2823898
0.3090396
0.3134636
0.2893263
0.2551203
0.2771581
0.2485929
0.2746867
0.2513398
0.2866387
0.3096029
0.3069196
0.3067736
0.2500809
0.2475252
0.2549579
0.257378
0.2876777
0.2651763
0.2764004
0.2549774
0.277923
0.2951449
0.2499064
0.2992409
0.296728
0.2960267
0.274686
0.2571265
0.2157307
0.2395627
0.2425182
0.2177735
0.24913
0.2308725
0.2236653
0.2124048
0.2263649
0.2586609
0.279333
0.2411271
0.2595652
0.2481896
0.299773
0.224078
0.2478974
0.2779264
0.2397733
0.2169906
0.2369818
0.2121699
0.2391968
0.2756016
0.2723365
0.2617156
0.2454941
0.2145388
0.2315989
0.2718474
0.2161071
0.2629901
0.2564107
0.2721073
0.2526547
0.2650298
0.3154827
0.2879136
0.2887496
0.2668143
0.263475
0.2803615
0.2444001
0.2561432
0.2608319
0.2359748
0.257116
0.2537539
0.2386029
0.2292116
0.2581899
0.2476023
0.2176236
0.237992
0.252966
0.2722738
0.2746318
0.259
0.2825617
0.2384235
0.2457903
0.1800315
0.1913699
0.22927
0.2327758
0.2317993
0.221338
0.2117116
0.2360254
0.2604428
0.2257847
0.2122439
0.2252724
0.2278185
0.2491064
0.2355183
0.210172
0.2119865
0.2170783
0.2169599
0.1979814
0.2052534
0.213288
0.2443609
0.1947241
0.2052283
0.1990307
0.1958636
0.1945585
0.221939
0.2187245
0.2357742
0.216895
0.250285
0.2206519
0.1996001
0.208472
0.2073212
0.2403364
0.2073704
0.2325206
0.2244377
0.2366024
0.1931408
0.2510418
0.2507848
0.2738072
0.2714902
0.1867769
0.2264222
0.2138252
0.2166116
0.2005646
0.1805036
0.2068059
0.2182438
0.2084929
0.2417768
0.2123543
0.2088011
0.2232659
0.2372897
0.1948888
0.2286341
0.2387154
0.213802
0.2215927
0.1997409
0.1988677
0.2124873
0.1976031
0.175146
0.1992295
0.1593633
0.2254167
0.225891
0.2339839
0.2175735
0.1916194
0.2022318
0.1942452
0.2243866
0.1978562
0.1916879
0.2237565
0.2131734
0.2095438
0.2082028
0.1964638
0.2061062
0.1982588
0.2059778
0.2173018
0.1989326
0.1826454
0.1801343
0.1855685
0.175119
0.2458813
0.2082659
0.1942877
0.1935945
0.1894827
0.1886107
0.1823701
0.2029529
0.1513159
0.1826794
0.1794183
0.1906342
0.1826217
0.1699228
0.2206038
0.1523571
0.1746324
0.1999323
0.1710238
0.1506925
0.1764053
0.1894875
0.2160674
0.2006606
0.2121579
0.195563
0.2013543
0.1983782
0.1883388
0.2021545
0.1929418
0.1911551
0.1820117
0.1888762
0.1784296
0.1742592
0.1835538
0.2028286
0.1778077
0.1822016
0.1857499
0.2186809
0.1956432
0.1960745
0.2095344
0.21582
0.1925852
0.1941724
0.2007274
0.1926871
0.2234759
0.2386715
0.2064269
0.2458763
0.2302765
0.2348363
0.2123349
0.18941
0.1946109
0.1974571
0.2072498
0.2021518
0.1834224
0.2054543
0.1892526
0.191624
0.2011809
0.1848389
0.1971901
0.174882
0.1884572
0.180616
0.1776383
0.1783677
0.2013898
0.2076916
0.182481
0.1882751
0.1800266
0.1890476
0.183594
0.2691353
0.2634055
0.2790977
0.2572035
0.23583
0.2489619
0.2343464
0.2403326
0.1715539
0.1635263
0.1439815
0.1621169
0.1964771
0.1749845
0.2076477
0.2171613
0.2212513
0.2049713
0.2328195
0.2115363
0.1983577
0.1867499
0.2302304
0.1632257
0.1871922
0.1921924
0.1935953
0.2010456
0.191163
0.2023236
0.1923855
0.242403
0.2641822
0.2674115
0.2325285
0.2234478
0.2219168
0.3068165
0.2791645
0.2515424
0.278047
0.2491399
0.2377782
0.2441356
0.3065412
0.2881541
0.3217934
0.3267384
0.2677799
0.2907788
0.2514612
0.2759587
0.2987468
0.3057877
0.2703303
0.2634119
0.2649551
0.2332746
0.2502579
0.2637686
0.2387488
0.2582474
0.2747427
0.2416344
0.2404015
0.2406934
0.2527076
0.2811483
0.2632973
0.2503923
0.2212376
0.2579333
0.2924096
0.2511286
0.2725429
0.2715933
0.2816773
0.2734508
0.2920498
0.2840339
0.3461746
0.3322447
0.2830065
0.2709345
0.292087
0.2912174
0.2732756
0.2920634
0.2888559
0.2603876
0.2124531
0.2210859
0.17619
0.1518547
0.178537
0.206769
0.2027602
0.1919451
0.2233885
0.2508956
0.2078093
0.2187311
0.2020788
0.2564193
0.2756483
0.256872
0.288855
0.2913583
0.2627301
0.2535945
0.3087976
0.2558479
0.2647339
0.2594407
0.2737184
0.3108273
0.2766747
0.2803034
0.2915868
0.2971624
0.2397733
0.2749037
0.2725975
0.3050479
0.2768111
0.2560355
0.2602902
0.2826018
0.3036624
0.3162725
0.3337904
0.3112624
0.350145
0.3741777
0.4096123
0.3689714
0.3589087
0.401595
0.3537935
0.3666148
0.3480775
0.3591916
0.3111961
0.3537189
0.3796946
0.3864563
0.2991922
0.3212729
0.3258194
0.3250001
0.312283
0.2876255
0.3091708
0.3739772
0.3017818
0.3505225
0.3744541
0.3253034
0.3656722
0.3189284
0.3142631
0.3047419
0.3071791
0.3252053
0.2524213
0.2135642
0.2673994
0.2593413
0.2845595
0.3055889
0.3024271
0.3300257
0.2855024
0.3291694
0.2924402
0.3154078
0.2712851
0.2969452
0.30667
0.3018516
0.2943115
0.2464263
0.2643003
0.3015388
0.2710252
0.2753861
0.27632
0.2889243
0.2682913
0.3366477
0.3389328
0.2483311
0.2699177
0.27963
0.2877172
0.2820924
0.2739992
0.2629245
0.248867
0.2784291
0.2609707
0.2723857
0.3026135
0.3173967
0.2800831
0.2687832
0.2917968
0.2866415
0.2878743
0.2747827
0.3122732
0.2819178
0.2730645
0.2872286
0.2364406
0.2874686
0.238233
0.2535152
0.2849754
0.2468252
0.2366254
0.2492219
0.2445181
0.2529567
0.2244035
0.2822152
0.2431248
0.2602543
0.2577528
0.2468289
0.2609926
0.2703406
0.2500203
0.2483466
0.2469221
0.2861434
0.2581836
0.2328251
0.2655991
0.2734253
0.2843181
0.2532922
0.23167
0.2422401
0.2637096
0.2110759
0.2243252
0.2211653
0.2456411
0.2360458
0.2525746
0.2606379
0.2179143
0.2373711
0.2217843
0.2084011
0.2493909
0.2132742
0.2374794
0.2323272
0.2540447
0.2541747
0.2464831
0.2486762
0.2307322
0.2705666
0.2575669
0.2369571
0.2282011
0.2409108
0.239751
0.2703395
0.274963
0.2764574
0.2703645
0.2788418
0.2830553
0.2738844
0.3049897
0.2611756
0.2742305
0.2797724
0.2497406
0.2672012
0.2903301
0.2843967
0.2967155
0.2773278
0.2810262
0.3238302
0.2890755
0.2738416
0.2609272
0.2354754
0.2553289
0.267844
0.2579019
0.3005003
0.2864632
0.2504131
0.2533488
0.2353427
0.2492434
0.2990853
0.2836571
0.2670652
0.2728135
0.2827088
0.253761
0.266088
0.2221459
0.2868038
0.2374717
0.2445359
0.2457108
0.237436
0.2689763
0.2648273
0.2703758
0.2658436
0.2421661
0.2246318
0.2325254
0.2373373
0.2543959
0.242937
0.2639136
0.2929184
0.2559675
0.2442892
0.2330504
0.2550536
0.2512844
0.2346555
0.2528121
0.2813915
0.2578516
0.2559604
0.237009
0.2721007
0.2625927
0.2341772
0.2637866
0.2446586
0.2510509
0.2439965
0.2318036
0.2393341
0.2063173
0.2435936
0.2360305
0.2548841
0.250192
0.2484392
0.2525718
0.20668
0.2758534
0.2716817
0.2728402
0.2691511
0.2690622
0.2965262
0.265117
0.2856575
0.2687044
0.2435757
0.2611622
0.2690332
0.2312631
0.2501253
0.2721313
0.255011
0.2754255
0.2498872
0.2864259
0.2808237
0.2671845
0.2919977
0.2232292
0.2191879
0.2320524
0.2458204
0.23573
0.2082968
0.2326669
0.2383297
0.2322694
0.2219962
0.2099258
0.2255554
0.2503943
0.2758262
0.2609128
0.2527231
0.2447654
0.2162295
0.2330277
0.2288351
0.25427
0.2564304
0.2142504
0.2310754
0.2510705
0.2573467
0.2322185
0.2096968
0.2414531
0.2298666
0.2724944
0.2443862
0.208962
0.1998985
0.2165139
0.2565089
0.2622012
0.2618804
0.2722366
0.2783295
0.2529918
0.2675794
0.2590236
0.2983058
0.3030477
0.3030513
0.2808899
0.2917757
0.2680837
0.2831553
0.2496076
0.2760722
0.2223403
0.2647315
0.2628381
0.2817138
0.2713924
0.259093
0.2682053
0.3018587
0.2973909
0.2648857
0.270063
0.2756662
0.257372
0.2793946
0.2515185
0.278654
0.2693156
0.276281
0.2643584
0.2436748
0.2717816
0.2486111
0.2784779
0.2624625
0.2557247
0.247914
0.2383913
0.2632397
0.2594267
0.2980121
0.2938743
0.3005184
0.2975216
0.2942481
0.271192
0.277653
0.2939156
0.2431138
0.263044
0.3071059
0.2980302
0.2919958
0.2754665
0.2843802
0.2659683
0.2962976
0.2671348
0.2552502
0.2562224
0.2774436
0.2395602
0.2753642
0.2223543
0.2599329
0.2358271
0.245095
0.2633131
0.2769224
0.2503443
0.262653
0.248441
0.2813409
0.2722144
0.2837601
0.2624511
0.2716673
0.2679552
0.3024129
0.2676014
0.2538987
0.299012
0.3183149
0.260558
0.2730054
0.2608542
0.2476149
0.2089802
0.2398642
0.2600896
0.2755237
0.2797879
0.2634363
0.2671611
0.2232361
0.2212387
0.2107208
0.2451109
0.2401354
0.2279299
0.2142557
0.2528926
0.2449667
0.2581424
0.2347799
0.2395105
0.2565695
0.2563858
0.2361742
0.2421763
0.2669632
0.2423458
0.2404556
0.23573
0.2299436
0.2090981
0.2423179
0.2772065
0.2511308
0.323693
0.3188368
0.33861
0.3158705
0.283614
0.3020684
0.2991637
0.3310455
0.3110124
0.3326195
0.3232211
0.3157946
0.3529063
0.3050973
0.2705681
0.319608
0.3332759
0.2810686
0.3029273
0.3490651
0.3374398
0.3233496
0.3252751
0.2953484
0.3021166
0.3197755
0.3356292
0.3269982
0.3022568
0.3221427
0.2781944
0.3426873
0.3435237
0.3503261
0.3340342
0.3295593
0.3112194
0.3335258
0.3454237
0.3290993
0.3168455
0.3059502
0.3500929
0.3782693
0.3325995
0.3597715
0.3672901
0.3748022
0.3274875
0.3187785
0.3298598
0.3288996
0.2991487
0.3375654
0.273371
0.308075
0.3426737
0.3411256
0.3105674
0.3145963
0.3387412
0.3231849
0.3250866
0.3302636
0.3217646
0.3074079
0.3115689
0.2892542
0.3093341
0.2947963
0.3194214
0.3077397
0.3108586
0.2798041
0.289786
0.2903362
0.3251589
0.2751136
0.2669778
0.2836359
0.2972329
0.3271835
0.3194906
0.2910451
0.292417
0.2944556
0.2839152
0.2894652
0.2791038
0.3234524
0.2457104
0.2776958
0.3187523
0.2949237
0.3447888
0.2797248
0.3188637
0.2992382
0.2947581
0.2900204
0.2627065
0.2938309
0.2903333
0.2896328
0.2681948
0.3302767
0.3018079
0.2970865
0.2776009
0.2837539
0.3070586
0.2822139
0.2652819
0.2859135
0.2934616
0.2359833
0.2854769
0.2687125
0.2740052
0.3048289
0.2769792
0.2772644
0.2784234
0.2976427
0.3018408
0.2852908
0.2980789
0.3049424
0.3092705
0.3031185
0.3250467
0.3340438
0.284799
0.3391961
0.3420577
0.289177
0.3135842
0.2741869
0.2993356
0.2962274
0.3441648
0.3346944
0.3151177
0.2992658
0.3195957
0.2997718
0.2879952
0.2860615
0.2993884
0.2677553
0.293032
0.3157569
0.3013056
0.3119908
0.3205318
0.2924048
0.264255
0.278448
0.2780985
0.2584306
0.3096101
0.2871633
0.2892185
0.2581793
0.3013684
0.2785105
0.287642
0.2632067
0.2565101
0.2601775
0.295533
0.2848417
0.2767999
0.2913637
0.2982459
0.2812892
0.2794718
0.2903336
0.2923965
0.3306495
0.3121327
0.3179372
0.2714349
0.2904364
0.2802155
0.2801111
0.2877572
0.2741738
0.2924463
0.3028341
0.2982723
0.2894945
0.3132951
0.2892381
0.2746624
0.3044072
0.3085014
0.3111656
0.297874
0.3372478
0.2542823
0.2976489
0.3084795
0.3065709
0.3249133
0.3003722
0.3223232
0.3164512
0.2938755
0.3212452
0.3118034
0.3050782
0.3165671
0.3141295
0.309553
0.3089845
0.3063667
0.299657
0.3134653
0.3116357
0.291662
0.2694234
0.3097796
0.2898561
0.2926885
0.26024
0.2630022
0.2895624
0.3164385
0.3197939
0.3227402
0.3265353
0.3328773
0.3382393
0.3263432
0.3344277
0.3586444
0.3220104
0.3478447
0.3474136
0.298422
0.3080432
0.3053575
0.3432142
0.3270981
0.31376
0.329345
0.3313493
0.3509982
0.3308024
0.3267682
0.3247011
0.32415
0.30615
0.3153304
0.3358949
0.3014007
0.2872301
0.2822371
0.3104688
0.3016141
0.3076839
0.324946
0.2703996
0.3112818
0.2906198
0.2847639
0.3100851
0.3063641
0.2941571
0.2906323
0.280746
0.3216035
0.2811032
0.292019
0.3203075
0.303174
0.2785211
0.2949785
0.2989653
0.3310285
0.3083703
0.2704376
0.3066396
0.2845613
0.2819385
0.2908444
0.2872754
0.2374888
0.2421629
0.2872837
0.3122442
0.3083352
0.2731514
0.3213429
0.3125226
0.2397676
0.2923051
0.2734349
0.2945868
0.2926352
0.2969061
0.3256758
0.3082544
0.3135288
0.2793911
0.3088743
0.3199579
0.3231775
0.302705
0.2530689
0.2895844
0.2959819
0.2934039
0.2963203
0.2868195
0.2907161
0.2854154
0.281164
0.2784902
0.2588821
0.2753859
0.300438
0.2956378
0.2693953
0.258664
0.2773548
0.2885571
0.2736374
0.3083278
0.307769
0.3470267
0.360601
0.2726992
0.2453
0.2620991
0.2827608
0.2671418
0.2550498
0.2682128
0.252919
0.2398631
0.2464106
0.2901208
0.2617058
0.2610188
0.2688658
0.2636477
0.2614009
0.2477076
0.2460908
0.2763952
0.282333
0.2834852
0.2716154
0.2662016
0.2978025
0.2857246
0.2155069
0.2513965
0.2456285
0.2486515
0.2826833
0.2960728
0.271257
0.2480929
0.2766817
0.2507657
0.3017073
0.289114
0.2504636
0.2631326
0.2453606
0.2819506
0.2912532
0.2577882
0.2644251
0.2549966
0.2503671
0.2465038
0.2633452
0.2528583
0.2407282
0.2340031
0.2555258
0.2597812
0.2363651
0.225458
0.2407502
0.2240557
0.2195123
0.239068
0.2335733
0.237927
0.2937642
0.2449021
0.2111836
0.2250568
0.2431831
0.2314906
0.2341334
0.230474
