0.1843214
0.1892045
0.1736415
0.2007805
0.1942568
0.1865126
0.1626517
0.1707298
0.1944355
0.1687083
0.1775027
0.1682277
0.1672978
0.1600223
0.177085
0.1857198
0.1778944
0.1894418
0.1710233
0.1818652
0.1547311
0.1570511
0.1731661
0.1681653
0.1449759
0.1565428
0.181882
0.169443
0.1604699
0.1752897
0.1629014
0.1701489
0.1777028
0.1751938
0.1622641
0.1630238
0.1613462
0.1699642
0.1232572
0.1779361
0.1694312
0.1511307
0.1561
0.1563415
0.1695536
0.1642536
0.14451
0.1466331
0.1685736
0.1652517
0.1550554
0.1589174
0.1691883
0.1621564
0.1499467
0.1600052
0.1649009
0.154047
0.1602954
0.1500813
0.1650067
0.156825
0.1492357
0.1555304
0.1580337
0.176511
0.1603907
0.1743964
0.1633576
0.1634363
0.1566649
0.1685463
0.1678867
0.1518769
0.1580945
0.1426309
0.1572567
0.1567677
0.1559364
0.1644652
0.1580799
0.1594751
0.1669941
0.1765861
0.1680646
0.1816128
0.1688255
0.1579312
0.1775616
0.1715867
0.1567498
0.1625492
0.1678338
0.1627543
0.1568196
0.1567035
0.160386
0.159293
0.1617715
0.1550812
0.1540627
0.1598004
0.1595256
0.1740912
0.1623116
0.1607635
0.1985966
0.2129454
0.2006522
0.2066141
0.2128582
0.1681709
0.1544253
0.148105
0.1591379
0.1638395
0.1544328
0.156973
0.1675307
0.1905766
0.1561261
0.1739102
0.1803556
0.1576698
0.1625782
0.1781892
0.1454252
0.1589554
0.1494051
0.1606629
0.1644401
0.1710417
0.1634944
0.1991769
0.1566077
0.1544478
0.1646962
0.1540468
0.1538258
0.1610668
0.1634379
0.1765514
0.1754231
0.1708212
0.1686713
0.1642263
0.1802264
0.1667777
0.1649769
0.1778562
0.1652626
0.1579746
0.1614262
0.1755338
0.1634592
0.1518431
0.1515486
0.1538421
0.1594195
0.1606881
0.1610757
0.1526923
0.1511829
0.1803078
0.1656726
0.1652855
0.1704802
0.1431737
0.1501336
0.1480801
0.1539751
0.1515988
0.1414632
0.1574203
0.1554383
0.1699255
0.1467689
0.1483686
0.1435068
0.1463801
0.1507003
0.1481444
0.1458697
0.1455264
0.1616943
0.1486163
0.1699075
0.1575177
0.1513231
0.1335589
0.1375636
0.1508335
0.1583959
0.1453049
0.1548058
0.1507315
0.1632549
0.1675925
0.1514089
0.1440641
0.1666215
0.1360596
0.1575188
0.1424807
0.1617664
0.1570295
0.1826788
0.1579943
0.175264
0.1828261
0.1761584
0.1548049
0.1496292
0.1601815
0.1397767
0.1518913
0.1650773
0.1390379
0.1848042
0.1471573
0.1646922
0.1466932
0.1514241
0.1521025
0.1648743
0.1525735
0.1327905
0.1377368
0.1581599
0.1535655
0.1505794
0.1393095
0.1582389
0.1497232
0.1426627
0.1592823
0.1564181
0.1418184
0.1540253
0.1413549
0.1722149
0.1464677
0.139411
0.1555611
0.1664396
0.1527565
0.1630383
0.1477096
0.1100648
0.1548375
0.1258218
0.1303223
0.162817
0.136241
0.1442197
0.1509546
0.162911
0.1665911
0.1402408
0.1551845
0.1456645
0.1632304
0.1728647
0.1568678
0.1941166
0.1821685
0.1639345
0.1462765
0.1694269
0.1683269
0.167545
0.1731783
0.1592164
0.1702439
0.1702248
0.1672667
0.1942488
0.1823423
0.1756099
0.1848881
0.1803766
0.1858095
0.1888075
0.1648743
0.1763896
0.1717226
0.1575032
0.1704233
0.1624181
0.1615371
0.1714136
0.1597829
0.1460595
0.1561243
0.1511885
0.142549
0.1425027
0.154675
0.1624722
0.1670759
0.1484191
0.1888907
0.1603887
0.1717314
0.1806136
0.1747942
0.1772776
0.1670085
0.1718521
0.1594487
0.1607253
0.166785
0.1597823
0.1644868
0.1534473
0.1740651
0.16006
0.164566
0.171258
0.1745875
0.1727538
0.1728506
0.1686739
0.1724073
0.174108
0.1758897
0.1706818
0.1766798
0.1673091
0.1789439
0.1713275
0.1683699
0.1785713
0.1571433
0.1560226
0.1615653
0.1718995
0.1648156
0.1721589
0.1743359
0.1584547
0.1629191
0.172822
0.1703898
0.173503
0.1566471
0.1489222
0.1499655
0.1532769
0.1471959
0.1639499
0.1570444
0.1422025
0.1533279
0.1509701
0.148394
0.1646733
0.1647353
0.1619007
0.1588882
0.1712631
0.1698874
0.1634527
0.1519646
0.1607215
0.126998
0.1312324
0.1632468
0.1616559
0.1466039
0.145069
0.1399496
0.15232
0.1494062
0.1518022
0.1500458
0.153159
0.1502626
0.1566139
0.1463033
0.1563358
0.1561937
0.152499
0.1511716
0.1383487
0.1558322
0.1400994
0.1467288
0.1594042
0.1610748
0.1495275
0.1547925
0.148856
0.1332648
0.143138
0.1538554
0.1543117
0.1497036
0.1321741
0.1571445
0.1696311
0.1439699
0.1642847
0.1577536
0.1554618
0.1415087
0.1386233
0.1385024
0.1451113
0.1562071
0.1380291
0.1424324
0.1477462
0.1653159
0.1575205
0.1535389
0.1605653
0.1403883
0.1467939
0.1646918
0.1686221
0.159918
0.1648142
0.1541011
0.1459136
0.1647508
0.1530705
0.1370392
0.1405324
0.14457
0.1614227
0.151974
0.1559022
0.1481921
0.1334367
0.1386169
0.1521601
0.1595988
0.1566848
0.1426168
0.1430784
0.1462157
0.151753
0.1408233
0.1331671
0.147409
0.1528747
0.1473185
0.1411455
0.1422542
0.1532012
0.1888353
0.1570827
0.1602871
0.1637067
0.1724613
0.1559976
0.1780715
0.1506777
0.1728506
0.1514184
0.1658276
0.1586547
0.1648354
0.143633
0.1579217
0.1609141
0.1455352
0.1397361
0.1413804
0.1427671
0.1599303
0.1412501
0.1586064
0.1620024
0.1405661
0.140236
0.1417981
0.1347787
0.1427275
0.1392006
0.1330663
0.1358035
0.1325712
0.1364461
0.1473208
0.1515746
0.1589345
0.1512873
0.1488898
0.1324508
0.1381646
0.1252888
0.1347179
0.1322015
0.1541541
0.1457616
0.1403506
0.1557561
0.1480948
0.1592702
0.1537735
0.1477713
0.15221
0.1432618
0.1533131
0.1585148
0.1450363
0.1767279
0.1583764
0.1622995
0.1554125
0.1572528
0.1487657
0.1652372
0.1653181
0.1598872
0.1593612
0.1612783
0.1599325
0.1466936
0.1312158
0.1359389
0.1374788
0.1297947
0.1699381
0.1622453
0.1504848
0.1357028
0.1513146
0.1601288
0.1729562
0.1574499
0.1776899
0.1433607
0.1622106
0.1758649
0.1581671
0.1756277
0.1438464
0.1633414
0.1796829
0.1484825
0.1630713
0.1546927
0.1819487
0.1614639
0.1375269
0.1815283
0.2042482
0.1600017
0.1657505
0.1694699
0.152835
0.1632158
0.1733304
0.1766087
0.1631626
0.1798542
0.1698433
0.160396
0.1598462
0.1642563
0.1635895
0.1692498
0.1618879
0.1534417
0.1588516
0.1739222
0.1789824
0.1584908
0.1587166
0.1775724
0.1640874
0.167798
0.1543632
0.1633187
0.1567681
0.1599613
0.1720667
0.1686324
0.1859607
0.1731487
0.1652925
0.1807069
0.1819093
0.1552645
0.1638817
0.1551866
0.1749095
0.1491237
0.1601561
0.1532411
0.1480553
0.145872
0.1797663
0.1526523
0.1545005
0.1362262
0.1451727
0.1349896
0.149581
0.1580483
0.1460152
0.1435231
0.1596701
0.1642271
0.1565045
0.142861
0.1560021
0.1442705
0.1529724
0.1450796
0.1524933
0.1687318
0.1620248
0.1405784
0.1557031
0.153202
0.1621319
0.1463881
0.1595387
0.1569427
0.1474006
0.1476423
0.1590536
0.1702117
0.1678775
0.161586
0.1337723
0.1684125
0.1565665
0.1562396
0.1593455
0.1566102
0.1614843
0.1553158
0.1698713
0.1619944
0.1495535
0.1603057
0.1597867
0.1769998
0.1684466
0.1506696
0.1668225
0.1772809
0.1584003
0.1652822
0.1488078
0.1567943
0.16005
0.1601586
0.1442135
0.1546153
0.1548258
0.1638004
0.1425963
0.1573681
0.149929
0.1666771
0.1460699
0.1711792
0.1582348
0.1842456
0.1784377
0.1655854
0.171948
0.1610353
0.1578982
0.1691649
0.1897584
0.1875682
0.1897262
0.1997573
0.1805812
0.1924332
0.2007683
0.200125
0.2008392
0.1709224
0.1822436
0.1993764
0.1653261
0.1579836
0.1687884
0.2018198
0.1633369
0.1784108
0.1628705
0.1730339
0.1853522
0.1985464
0.1893934
0.1559001
0.1639727
0.1518403
0.1814436
0.1637483
0.180503
0.1591346
0.1653916
0.1076486
0.1984841
0.1833222
0.181607
0.1661452
0.1590716
0.1749477
0.1553478
0.1608431
0.1714477
0.1609713
0.1727986
0.1635095
0.1313592
0.1478496
0.1777551
0.211564
0.1710041
0.1999744
0.1386748
0.1836248
0.1759824
0.1574751
0.1603612
0.1640091
0.1506467
0.1815314
0.1528789
0.1691593
0.1543328
0.1715846
0.1479761
0.1672066
0.170678
0.1447513
0.1560951
0.170306
0.1758493
0.1776204
0.1805838
0.1477421
0.1512654
0.154128
0.1557979
0.1639986
0.1773787
0.2086508
0.1822495
0.1869112
0.2230863
0.196592
0.1880601
0.1983105
0.1724914
0.1875577
0.1677049
0.1796477
0.1832413
0.127213
0.1495362
0.1444928
0.1570929
0.1685109
0.178892
0.1550896
0.1707764
0.1727514
0.1804438
0.1632567
0.1839446
0.1682774
0.1824495
0.1614321
0.1679931
0.1679647
0.1665794
0.1637852
0.1708291
0.1610015
0.1833621
0.1425111
0.165687
0.1680176
0.1654582
0.1922444
0.1555129
0.1656052
0.1603111
0.148284
0.1449307
0.1648289
0.1554329
0.1477542
0.1682958
0.1540643
0.1642592
0.1955819
0.1773736
0.1654782
0.1595039
0.1659759
0.1620321
0.1533839
0.1276872
0.1297721
0.1568868
0.1574654
0.139614
0.1446826
0.1368641
0.160499
0.1245516
0.1415964
0.1375853
0.1483276
0.1670351
0.1593417
0.1677743
0.1597126
0.1790985
0.1800348
0.1839013
0.1616756
0.1680472
0.1818659
0.1767309
0.1565666
0.1828245
0.1892262
0.1801957
0.1550111
0.1647269
0.1394148
0.1614588
0.1725856
0.1461413
0.1460534
0.1690466
0.1700866
0.1762206
0.1824202
0.1836668
0.1735967
0.1717279
0.1795855
0.1746254
0.1822928
0.1860625
0.15643
0.1519208
0.1664772
0.1457244
0.1687845
0.1488993
0.1454118
0.1828095
0.1697062
0.1420302
0.1813364
0.1611206
0.1863903
0.1672516
0.1678585
0.1757868
0.1808702
0.1806127
0.1843829
0.1907333
0.2093817
0.1734019
0.1796049
0.1723125
0.1709488
0.1572997
0.1595117
0.1642476
0.1617637
0.1892442
0.1619295
0.1839245
0.1604728
0.1697645
0.1761127
0.1659576
0.1534482
0.1580451
0.1939784
0.1780661
0.1551879
0.1595415
0.1649161
0.1533281
0.1643881
0.1424664
0.1519923
0.163434
0.1666575
0.1695949
0.1635951
0.1723474
0.1450185
0.1588776
0.1503793
0.1597386
0.1602057
0.163301
0.1401289
0.1700844
0.1371765
0.1301048
0.1291939
0.1379925
0.1559221
0.1450313
0.1992041
0.1921889
0.1827828
0.2057763
0.1817359
0.1395035
0.1622698
0.168717
0.208694
0.1790378
0.1731726
0.154929
0.1681435
0.1576094
0.1305415
0.1584594
0.1779708
0.1673296
0.1738358
0.1586846
0.145846
0.1651883
0.1453195
0.1612085
0.1885225
0.1497163
0.1465607
0.1565625
0.1911123
0.1447714
0.1647669
0.1587849
0.1511802
0.1829472
0.1632499
0.1963076
0.1712866
0.1668556
0.184231
0.2015513
0.2066331
0.2064422
0.1873978
0.2112694
0.2041016
0.1773993
0.1971884
0.1842981
0.2513653
0.1953492
0.2408215
0.175976
0.2096816
0.2347679
0.2141855
0.2290522
0.2236466
0.1934388
0.2351755
0.1985579
0.2341484
0.1913619
0.227596
0.2284206
0.1844289
0.1919428
0.2026523
0.2196984
0.2285084
0.1877347
0.1607625
0.1715167
0.1791996
0.1855777
0.1505968
0.1577465
0.1440127
0.1592314
0.2310351
0.19332
0.1967207
0.2173419
0.1784537
0.1772434
0.2020547
0.191707
0.2105186
0.1843524
0.2030101
0.1999207
0.1868227
0.1618329
0.1864883
0.1625047
0.1881571
0.1646593
0.1712288
0.188232
0.1793225
0.163687
0.1729143
0.1861063
0.1695446
0.1967497
0.1999753
0.1762839
0.1720573
0.1713496
0.1874357
0.1632829
0.1758785
0.1878933
0.1893606
0.1877244
0.157615
0.1421618
0.2028393
0.15373
0.1778634
0.1815795
0.1878056
0.1759007
0.1735902
0.1790272
0.206773
0.166973
0.1722183
0.1869205
0.1794887
0.1995909
0.1823926
0.1927754
0.1880763
0.1823745
0.1986598
0.1785483
0.166413
0.1730069
0.1735915
0.1663283
0.1803301
0.1846478
0.2128219
0.1992857
0.2030755
0.2397095
0.1819841
0.1955728
0.1831266
0.2101565
0.186733
0.1744333
0.1853688
0.215971
0.2137364
0.1957398
0.1532482
0.1695504
0.1433899
0.1972543
0.1512228
0.1696
0.1926766
0.1539664
0.1590562
0.1927375
0.162793
0.1610266
0.1702545
0.1858218
0.1629
0.1837611
0.1769761
0.1664404
0.17053
0.1808126
0.1717684
0.1563495
0.1765035
0.168331
0.1793011
0.1792022
0.1732863
0.1756387
0.1833992
0.1597123
0.1673045
0.1722617
0.1635495
0.1950411
0.159413
0.1851186
0.1662181
0.1664992
0.1730106
0.1611556
0.1715798
0.178063
0.1543376
0.1561673
0.1371729
0.1458182
0.1729993
0.1366765
0.1506895
0.1414785
0.1448066
0.1460485
0.1485075
0.1471534
0.1593507
0.1357084
0.1527789
0.1534911
0.1593229
0.1508111
0.1526878
0.1325659
0.1666721
0.1630341
0.1637041
0.1615387
0.1598293
0.1829967
0.1645197
0.1914483
0.1847352
0.1764226
0.1637689
0.165235
0.1492124
0.1872819
0.2019027
0.1841629
0.1746362
0.1724248
0.1446488
0.1714911
0.1522329
0.2013728
0.1565566
0.1850463
0.1788311
0.1761647
0.1798085
0.1763759
0.2046414
0.2035848
0.1873737
0.1918305
0.2245622
0.2081453
0.1632493
0.2255595
0.1544368
0.1617557
0.1835147
0.1782417
0.1803094
0.1682268
0.1698339
0.164341
0.1867244
0.22393
0.2085813
0.1600254
0.2075447
0.1967401
0.2363489
0.2356086
0.1972838
0.1933924
0.1765286
0.1995268
0.1934363
0.2019074
0.1679631
0.1681965
0.1905509
0.2085209
0.1765565
0.1666289
0.2072386
0.1892211
0.1728499
0.1697526
0.1518276
0.1630533
0.1795467
0.1829127
0.1713317
0.2026633
0.1914853
0.2029291
0.2115297
0.2081611
0.1616035
0.1916557
0.1821554
0.1524383
0.1800524
0.1678843
0.1786638
0.1732638
0.1757945
0.1695907
0.174237
0.1629399
0.187092
0.1706861
0.1689777
0.1668872
0.1574178
0.1688748
0.1735135
0.1371179
0.1769841
0.2080988
0.2107216
0.1896612
0.1861435
0.2172012
0.2015595
0.1695021
0.1973164
0.214607
0.2208825
0.190276
0.1985316
0.1946454
0.1645959
0.1635237
0.1700348
0.1781616
0.1723477
0.1563376
0.1610865
0.163868
0.1574899
0.2014336
0.218992
0.1835211
0.1919294
0.1900526
0.1764627
0.1630789
0.1856679
0.1911531
0.1857208
0.2014696
0.1985416
0.1896162
0.1769958
0.1779405
0.1673586
0.1507109
0.1696877
0.1766421
0.1507684
0.13837
0.1611726
0.1546417
0.1453799
0.1212492
0.1718535
0.1504521
0.1656961
0.1966352
0.20248
0.2040109
0.19114
0.2032618
0.1754574
0.1870163
0.1772241
0.1586794
0.1639396
0.176488
0.1845407
0.1865772
0.2017864
0.1788902
0.1771356
0.1705222
0.1810589
0.2207738
0.1978271
0.1911313
0.1963489
0.214365
0.1828818
0.1951064
0.1798899
0.2065947
0.1673666
0.176697
0.1842423
0.1698946
0.1645512
0.1673287
0.1608984
0.1634061
0.1664546
0.1472206
0.1731559
0.1614246
0.1500555
0.1650235
0.1320357
0.147679
0.14577
0.1857284
0.157996
0.1596654
0.1731708
0.1615016
0.1469113
0.1398603
0.1424293
0.1367504
0.1680454
0.1992335
0.1818642
0.1567982
0.1762801
0.178203
0.1779551
0.1793151
0.1843027
0.1711231
0.1436541
0.14478
0.1608882
0.1698814
0.1334738
0.1884786
0.1477806
0.1896987
0.1191997
0.1170943
0.1687201
0.1242953
0.1328292
0.1543404
0.1325673
0.1477886
0.1404671
0.1194431
0.1169898
0.1175219
0.1374424
0.1382937
0.1284811
0.156488
0.1166792
0.1381795
0.1285753
0.1490697
0.1727793
0.1642946
0.1826206
0.1602602
0.1847667
0.1672457
0.198249
0.1877678
0.1845938
0.1634026
0.2066975
0.1819174
0.1891581
0.1710565
0.206086
0.1775545
0.2016931
0.1729589
0.1773565
0.1524829
0.1527745
0.1437303
0.1869975
0.1899592
0.1482763
0.1736106
0.1489256
0.1569567
0.1734924
0.1562096
0.1882221
0.1169377
0.1653292
0.1675573
0.143774
0.13916
0.1360587
0.1440083
0.1773378
0.163783
0.1462575
0.1829909
0.1771842
0.1903012
0.1814463
0.1902682
0.1693049
0.1909493
0.1749247
0.1721157
0.1709745
0.2122664
0.1970187
0.1603864
0.1738814
0.1586617
0.1543105
0.1553783
0.1677334
0.1608877
0.1803445
0.1371198
0.17663
0.1764749
0.1587925
0.1716042
0.1816611
0.2030658
0.1842743
0.189489
0.1955556
0.2030714
0.1864389
0.1862727
0.1870025
0.2009252
0.189381
0.1814727
0.1866759
0.1973411
0.1918586
0.1775279
0.1793207
0.1880402
0.1973156
0.2015604
0.1723351
0.1571867
0.1738032
0.1927917
0.1860365
0.1668445
0.1918515
0.1905986
0.1712188
0.2020914
0.168718
0.2050036
0.2057303
0.2043605
0.2236049
0.2035117
0.2421259
0.2293928
0.2091972
0.2066596
0.2320693
0.2326531
0.2382165
0.2121592
0.2251464
0.2314978
0.2188281
0.2093908
0.2153172
0.219672
0.2014118
0.1784708
0.1978708
0.1885125
0.2034754
0.2035232
0.1920091
0.1993182
0.1859723
0.1792381
0.2089787
0.205474
0.1856867
0.1905415
0.2009126
0.1705319
0.1606362
0.1918122
0.1900597
0.1899338
0.1687199
0.2018927
0.202899
0.199287
0.1957451
0.2020364
0.188686
0.1871416
0.169494
0.1771109
0.1925458
0.1665337
0.1930095
0.1747137
0.183461
0.1861065
0.185755
0.1780124
0.1632715
0.1943564
0.1808523
0.1909664
0.1702912
0.1662603
0.1744942
0.1920325
0.1986292
0.2217813
0.1992112
0.1979509
0.1970959
0.1866017
0.2026271
0.1957913
0.2034581
0.1876027
0.1977552
0.2228647
0.2249175
0.2050967
0.1972624
0.2277329
0.186368
0.2259104
0.2425272
0.215917
0.1912029
0.2077328
0.1976193
0.1918179
0.1780859
0.1886019
0.1881647
0.189559
0.1861439
0.1827413
0.200605
0.1749052
0.1696883
0.1952866
0.1887251
0.1735777
0.1834599
0.1812181
0.1825018
0.1874887
0.1858824
0.2056883
0.1607572
0.164344
0.1717282
0.2062081
0.1853477
0.1809666
0.2056683
0.1920511
0.2096358
0.2172928
0.1985952
0.2051135
0.2002498
0.1677912
0.2102656
0.2000582
0.2118917
0.1992937
0.2222496
0.2052815
0.201297
0.1952573
0.2103716
0.2130224
0.1972483
0.2083459
0.1939609
0.2046951
0.2177641
0.1964157
0.2057544
0.1998695
0.208154
0.1937431
0.18489
0.1976607
0.1907326
0.200401
0.1858539
0.1731447
0.1986156
0.1930348
0.1871248
0.2027922
0.2153098
0.2036735
0.2137634
0.1776833
0.2038665
0.1959291
0.201793
0.2140229
0.2156381
0.1987768
0.2095371
0.2204519
0.2109214
0.2198605
0.2120888
0.2314817
0.2036556
0.2187013
0.2078909
0.2296186
0.2074164
0.2047395
0.2348535
0.2191997
0.2483489
0.2280135
0.2199126
0.2193068
0.2098458
0.2201951
0.2112357
0.2307397
0.2143316
0.2396959
0.2421498
0.2337852
0.2215961
0.2237207
0.2249914
0.2112738
0.2152228
0.242833
0.2434263
0.2196371
0.223331
0.2193017
0.2103476
0.2212966
0.1876231
0.2147492
0.2206492
0.2014057
0.2048646
0.1984256
0.1803284
0.1881702
0.2215026
0.1985697
0.2022551
0.1887047
0.1911462
0.1864088
0.1846302
0.1909529
0.2007861
0.2319637
0.2103417
0.199393
0.2017329
0.1889671
0.2031046
0.1929755
0.1931272
0.2010236
0.1992585
0.186877
0.1987289
0.2005364
0.2039227
0.184927
0.1870506
0.193949
0.1891416
0.1977351
0.1913842
0.2078556
0.1971909
0.196116
0.1744725
0.1957119
0.18884
0.2027368
0.1835634
0.2054603
0.2012751
0.192866
0.1827105
0.1782816
0.1809445
0.1586843
0.1717101
0.1780313
0.1858375
0.1720217
0.1919054
0.1887288
0.187615
0.1776319
0.1932667
0.1750598
0.1758774
0.1773652
0.1813757
0.177134
0.168824
0.1858623
0.1995303
0.1763583
0.1719324
0.1563687
0.1811904
0.1740696
0.1775608
0.203722
0.1955111
0.1726845
0.1752593
0.1961539
0.1845941
0.1949339
0.1830148
0.2058942
0.1911945
0.1890991
0.2197952
0.2370247
0.2346392
0.2164924
0.2022334
0.2173342
0.2281132
0.2339137
0.2328617
0.2107107
0.2120852
0.2026644
0.1965836
0.1958398
0.1878482
0.1676755
0.1610186
0.179377
0.1615065
0.1802778
0.1738432
0.1711002
0.1689364
0.2007662
0.1579417
0.1712765
0.1703108
0.2044043
0.1656383
0.1854551
0.2086166
0.1913432
0.1992663
0.2220668
0.1977538
0.1742558
0.1776783
0.1770239
0.2169204
0.2102931
0.2268137
0.200855
0.2178315
0.2107952
0.1960802
0.2312516
0.2289278
0.2344487
0.2485118
0.1925315
0.2186356
0.2250222
0.1947551
0.2263314
0.2547603
0.1927237
0.2399358
0.2216499
0.2561797
0.2077539
0.2073543
0.214823
0.192631
0.2116574
0.2169421
0.2268203
0.2073889
0.2325383
0.2133482
0.2104892
0.200193
0.2299705
0.2202832
0.197105
0.1928008
0.1783302
0.2065064
0.1888337
0.1960103
0.1820822
0.1748297
0.2134845
0.201575
0.2189314
0.1983586
0.2091241
0.2025162
0.2102094
0.2000638
0.220667
0.2085003
0.2081781
0.2078312
0.2277831
0.2161797
0.2063111
0.1919339
0.1836233
0.2003697
0.2250495
0.199012
0.2380192
0.206501
0.1921397
0.2082821
0.210827
0.1860897
0.2121624
0.205267
0.2023009
0.2144791
0.1903362
0.200256
0.2021826
0.1818069
0.1770483
0.1668264
0.1740768
0.1932079
0.1847036
0.1972193
0.1756506
0.180602
0.184301
0.1954138
0.195289
0.2040697
0.1913615
0.1977676
0.1671537
0.1806588
0.1992779
0.1801053
0.1782082
0.1867989
0.1815632
0.2148972
0.2124177
0.1952446
0.1872588
0.1895037
0.21385
0.2266055
0.1884378
0.2112318
0.2245879
0.2122087
0.1926842
0.2007742
0.198967
0.2011068
0.2099514
0.1956304
0.2159385
0.2364957
0.219258
0.2115978
0.187681
0.2000108
0.2114146
0.1808094
0.2031661
0.2001856
0.2054488
0.2218758
0.2255519
0.2046786
0.2195244
0.2213409
0.2058335
0.1930044
0.2167039
0.2007302
0.1977915
0.203765
0.2091115
0.2067658
0.177048
0.2160647
0.2068345
0.2265963
0.220407
0.2210539
0.236435
0.218704
0.2258782
0.1977413
0.2077359
0.2101684
0.20935
0.2435279
0.2061927
0.2302986
0.2507929
0.2244948
0.201354
0.2080119
0.2374526
0.2663618
0.2355755
0.1925961
0.2338735
0.2020488
0.2022283
0.218603
0.2179336
0.2325839
0.2065835
0.2279154
0.2068247
0.2158515
0.2194746
0.2226347
0.2140867
0.2499836
0.2247871
0.2290732
0.2223634
0.2384741
0.2126925
0.2142613
0.2163977
0.229167
0.2200153
0.1888416
0.1781157
0.2031313
0.2139299
0.2068008
0.1919627
0.2094734
0.1876405
0.1704859
0.1857149
0.2136931
0.2150135
0.218901
0.2171836
0.2087397
0.1885769
0.2104811
0.1950487
0.1961171
0.190734
0.2153437
0.1946788
0.2224444
0.199656
0.2410274
0.1971753
0.188415
0.2023883
0.2291244
0.2123926
0.1951879
0.2030093
0.2069313
0.2065265
0.1852148
0.1750527
0.1969247
0.1958299
0.1860045
0.1984827
0.2065198
0.1980463
0.2010552
0.1786843
0.1834106
0.1730603
0.1664739
0.1683967
0.180404
0.1770231
0.1799746
0.1871691
0.1674891
0.1658626
0.1775367
0.1847918
0.1772519
0.2184789
0.2124217
0.1854822
0.1819341
0.2182003
0.2095407
0.2202996
0.1926351
0.210504
0.2269738
0.2279337
0.212765
0.1912606
0.2153404
0.1875157
0.1904319
0.1912156
0.1743368
0.20208
0.1964815
0.1793012
0.2366425
0.1915182
0.2052069
0.2717303
0.2654732
0.2530526
0.2353124
0.1962856
0.203896
0.1961579
0.20702
0.1841299
0.2152063
0.1785802
0.1899825
0.1736804
0.1854689
0.1903741
0.2160475
0.1961404
0.2088672
0.198476
0.218845
0.211047
0.2243952
0.2159937
0.2327602
0.2240648
0.209318
0.21487
0.2211433
0.196733
0.1833235
0.1961025
0.2168062
0.214422
0.2333299
0.2126627
0.2080504
0.2467367
0.2158279
0.203534
0.2187133
0.2329002
0.2090107
0.193547
0.1971881
0.2161213
0.229998
0.2145366
0.2176915
0.2212647
0.2052716
0.1859325
0.2286694
0.2295691
0.2563225
0.2418451
0.24873
0.2510339
0.2427841
0.2467652
0.232945
0.2143628
0.2027004
0.2238223
0.2219058
0.2525468
0.222314
0.2246657
0.2631
0.2372805
0.2290673
0.2501666
0.2214666
0.2755372
0.2896006
0.2510921
0.2564587
0.2610587
0.247934
0.2668507
0.219514
0.2306994
0.2228251
0.2506634
0.2268072
0.2231232
0.2117237
0.2390006
0.1928786
0.2131143
0.206998
0.2418018
0.2470846
0.2340088
0.2347753
0.2400997
0.2346087
0.2254006
0.2380289
0.2416175
0.225064
0.2168322
0.2344397
0.2279834
0.2577923
0.2399566
0.22448
0.258307
0.2318686
0.2489097
0.2523191
0.2523507
0.2126734
0.2218252
0.2178645
0.2272066
0.2535464
0.2052482
0.2066051
0.2532219
0.2533013
0.227412
0.2324297
0.2550893
0.2711035
0.2638337
0.24496
0.2398245
0.2496139
0.2374534
0.2231855
0.2360882
0.2322594
0.2319099
0.2396635
0.1952966
0.2144688
0.2034257
0.2227838
0.1946765
0.207666
0.2131495
0.2195932
0.2081484
0.2059002
0.2150145
0.2370198
0.201149
0.2341586
0.2240997
0.2253048
0.2018704
0.2163377
0.197214
0.2255916
0.2297713
0.1804975
0.1936772
0.2213028
0.2037043
0.2020815
0.2224807
0.2383172
0.2218771
0.2105556
0.2107564
0.2509006
0.2020866
0.2183509
0.2001578
0.2014197
0.2106505
0.2026635
0.188991
0.2064213
0.2035089
0.207925
0.203542
0.2027562
0.2259805
0.2385931
0.2419536
0.227202
0.2120454
0.2119969
0.2204825
0.2136689
0.1890818
0.2303784
0.2321855
0.2279337
0.226113
0.2015572
0.2193385
0.170557
0.1801682
0.1843427
0.1701764
0.1874186
0.1943884
0.174668
0.2024889
0.190143
0.1975987
0.2046501
0.1933164
0.2058425
0.194415
0.1674975
0.2074663
0.1888748
0.1888911
0.1993756
0.1891665
0.2010587
0.1856864
0.1846911
0.1781849
0.20146
0.1778791
0.175537
0.1875935
0.176555
0.1756793
0.2012927
0.1928944
0.20399
0.1829114
0.1860057
0.1843722
0.1931335
0.1982
0.1814773
0.1829382
0.1876105
0.1844943
0.1853667
0.1913915
0.2029222
0.178197
0.1984312
0.1944044
0.1708166
0.1748978
0.1736579
0.1811157
0.1854541
0.1942023
0.1824499
0.1851899
0.1778585
0.1835241
0.1804469
0.1696911
0.2125771
0.1775276
0.1698719
0.1930699
0.1617738
0.1848167
0.1511087
0.166643
0.1549269
0.1524489
0.1605333
0.1631802
0.1592313
0.1723164
0.1918597
0.1878771
0.1666842
0.1621549
0.174718
0.1638298
0.1661734
0.1676491
0.1726857
0.1860192
0.1629817
0.1659546
0.1956205
0.1827503
0.1779681
0.1684405
0.175968
0.1852491
0.1676861
0.1682978
0.1637224
0.1925157
0.1862636
0.1828059
0.1764831
0.1976763
0.1873702
0.181597
0.2049332
0.1821009
0.1868439
0.1791746
0.1820439
0.1750419
0.1933446
0.1839594
0.1867113
0.193869
0.1946191
0.2009019
0.2152767
0.2038012
0.1921634
0.1800554
0.1829068
0.1778605
0.1824808
0.1932131
0.199884
0.1879278
0.1784317
0.1795184
0.18542
0.1681529
0.1703827
0.1810881
0.1811406
0.1931717
0.2036944
0.1870599
0.1981411
0.1865978
0.1957852
0.2019017
0.1618953
0.1784436
0.1859619
0.2111345
0.1758903
0.1893454
0.1986531
0.1836591
0.1984973
0.2118735
0.177718
0.1756752
0.1661462
0.1849485
0.154385
0.1551858
0.1727412
0.1784998
0.1633905
0.1563151
0.1724093
0.1742049
0.1727794
0.1662605
0.1632372
0.1651598
0.167091
0.186305
0.1688495
0.1781054
0.1777069
0.1792404
0.1762096
0.1789313
0.1696239
0.1653214
0.1641025
0.1701311
0.1697574
0.1848838
0.1825621
0.1783791
0.1835193
0.1914524
0.1756788
0.1796262
0.178389
0.1847083
0.1824626
0.1993672
0.1784327
0.1876777
0.1765909
0.1957081
0.2034314
0.2047651
0.2006534
0.2128387
0.2118111
0.1973709
0.1916604
0.2088561
0.1967676
0.1895935
0.1946212
0.1956378
0.1964204
0.1973381
0.1901659
0.1893471
0.1851341
0.1968344
0.2099404
0.2218881
0.2357225
0.2067503
0.1919862
0.1890772
0.2018221
0.2063943
0.198496
0.1905323
0.1943335
0.18941
0.2059443
0.1908051
0.1853565
0.2077693
0.171849
0.1799212
0.1950595
0.1913428
0.1646478
0.1801661
0.1751521
0.2002568
0.2018142
0.1981237
0.1891725
0.1851302
0.1994683
0.1836927
0.179824
0.1717741
0.1701536
0.1614592
0.1874603
0.1783888
0.1863486
0.2042189
0.1970259
0.2063983
0.1967481
0.2006149
0.1984727
0.2073553
0.1921958
0.2109463
0.1926215
0.1895499
0.1777984
0.1843652
0.1942407
0.1889882
0.1944607
0.1880312
0.171488
0.1708152
0.1642449
0.1787187
0.1579989
0.1697184
0.1616778
0.1916346
0.1551508
0.1541545
0.1413602
0.1581248
0.1764223
0.1683547
0.166522
0.1515003
0.1448408
0.1565527
0.1600929
0.1681855
0.1565678
0.1545781
0.1919278
0.1697532
0.1596943
0.154742
0.1697492
0.1780632
0.1514395
0.1700267
0.1896618
0.1578723
0.1359824
0.1478098
0.1502436
0.1532564
0.1815324
0.1707179
0.1634228
0.1654626
0.1829828
0.1638671
0.1849241
0.1556516
0.1629692
0.1748517
0.1617031
0.1671297
0.1875034
0.176037
0.1975358
0.1764298
0.1665841
0.1718585
0.15305
0.1681603
0.1505784
0.1640125
0.1443524
0.1843339
0.1679473
0.1566848
0.1667212
0.159
0.1441804
0.170571
0.1506362
0.1555591
0.1561139
0.1469211
0.1623062
0.1570927
0.1580787
0.15446
0.1584106
0.1521721
0.1642391
0.1631392
0.1785944
0.1553313
0.1744544
0.1690164
0.1797858
0.184923
0.1888913
0.1813249
0.1829805
0.209725
0.2124149
0.1939434
0.212195
0.2129228
0.2313946
0.2079405
0.2117596
0.1921545
0.2268243
0.1894873
0.196469
0.1867151
0.193921
0.1968712
0.2049882
0.2160742
0.2160855
0.1947575
0.2176057
0.2673468
0.2379865
0.1961711
0.2263905
0.2128602
0.2028156
0.1937425
0.2012621
0.1810809
0.207871
0.2043594
0.2262441
0.1891429
0.2015665
0.1660589
0.1671516
0.1975311
0.1799804
0.2063625
0.1984267
0.1794858
0.1791282
0.1858665
0.1725273
0.1610001
0.1676419
0.1938388
0.1702433
0.1695327
0.1791202
0.1659627
0.1665154
0.1815646
0.1670981
0.1697057
0.167043
0.1657718
0.1561665
0.156968
0.2044589
0.1910815
0.2040412
0.1775486
0.2116141
0.1946989
0.163275
0.1785031
0.1788519
0.1766497
0.1841611
0.1931062
0.1835812
0.1724209
0.1587933
0.1582852
0.1921966
0.1659141
0.1875813
0.1674383
0.1561484
0.180094
0.1587041
0.1643936
0.1617595
0.1537103
0.1741794
0.1613821
0.1881989
0.1717463
0.1947394
0.1905899
0.1808843
0.1847075
0.1780785
0.1874132
0.1918081
0.178502
0.1846345
0.1821127
0.1871753
0.1897991
0.1864127
0.1771343
0.1984911
0.1721243
0.1749551
0.1718926
0.1535406
0.161166
0.1836353
0.1813817
0.1879874
0.1931803
0.1951538
0.1887118
0.194715
0.1889359
0.1694626
0.1995931
0.1737535
0.188372
0.1774623
0.1655785
0.1982225
0.1561791
0.1611959
0.1742815
0.1542695
0.1594145
0.1692168
0.1625957
0.145013
0.146905
0.1801167
0.1890591
0.1632787
0.1677802
0.1745514
0.1875054
0.1946363
0.1722778
0.1857407
0.1710335
0.1693009
0.1623164
0.1604304
0.1912859
0.1795716
0.1769233
0.176498
0.1960105
0.1810161
0.191546
0.206434
0.1975957
0.1611178
0.1947026
0.1761317
0.1907366
0.2050467
0.2007737
0.1809005
0.1837268
0.1740723
0.1710703
0.1869686
0.1777426
0.1909014
0.1877278
0.2093797
0.1943876
0.2069869
0.1749986
0.178853
0.1710417
0.1902273
0.188544
0.2130561
0.2136712
0.2166102
0.2093838
0.2235173
0.1851377
0.1807817
0.190384
0.1958619
0.1886465
0.2017362
0.1907457
0.1861368
0.1906575
0.1730409
0.175602
0.163019
0.1740503
0.1634975
0.177251
0.1623987
0.1666564
0.1584989
0.1511057
0.1717478
0.1825144
0.1642177
0.158431
0.1666146
0.1765529
0.1668594
0.1644901
0.1711374
0.1759345
0.1769612
0.1886789
0.1764349
0.1639991
0.1647372
0.1710653
0.1675666
0.1899453
0.1545694
0.1650549
0.1765246
0.1505987
0.188352
0.1742829
0.1755579
0.1757356
0.1756288
0.169332
0.1979212
0.1613999
0.1751299
0.192567
0.1657345
0.1925441
0.1770215
0.1779884
0.1886786
0.1720694
0.1722358
0.1845173
0.1878996
0.1948264
0.185912
0.1594449
0.1851545
0.1993063
0.1676805
0.1982814
0.1766076
0.1772843
0.1819967
0.1842494
0.1842735
0.1677452
0.1800469
0.1898555
0.1658494
0.16501
0.1785056
0.1662885
0.1681975
0.1703013
0.1633365
0.1553253
0.1519065
0.1664591
0.1752068
0.1786065
0.1766571
0.1539815
0.1658623
0.1562912
0.1844919
0.1686472
0.1699755
0.197407
0.1916106
0.182435
0.1935444
0.1741256
0.1630639
0.1900024
0.1834945
0.1889434
0.2069907
0.2255931
0.2240573
0.2203966
0.2023427
0.2107832
0.211155
0.2026915
0.1877718
0.2161345
0.1985346
0.1850972
