0.147491
0.1239145
0.1379877
0.1334621
0.1356831
0.1609171
0.1435169
0.1429358
0.1431174
0.1181449
0.1370547
0.1568307
0.1618343
0.1807344
0.1644599
0.1382141
0.1644647
0.1632574
0.155415
0.1857576
0.1458095
0.1821535
0.1737342
0.168299
0.15768
0.1669549
0.1670166
0.1592224
0.1704864
0.1734979
0.1656223
0.1697345
0.1629844
0.1522943
0.1518525
0.166645
0.1839615
0.1999407
0.1855728
0.1679957
0.1842186
0.189795
0.1971403
0.1877216
0.1893399
0.1954624
0.1824193
0.1835233
0.18591
0.1962096
0.1627883
0.1524701
0.164361
0.1644822
0.1897259
0.1955749
0.1940107
0.1755855
0.1893933
0.1958112
0.1788591
0.2189594
0.1873241
0.2089186
0.2067143
0.1956601
0.1881859
0.1763944
0.1763422
0.1831454
0.1748508
0.162981
0.178836
0.1684646
0.1853211
0.1703844
0.1570908
0.1614938
0.1557703
0.1494402
0.1479325
0.1702828
0.1448659
0.170856
0.2034914
0.2143111
0.1931537
0.1527929
0.1927106
0.1663876
0.1970971
0.1669508
0.162896
0.1806551
0.1503616
0.1542526
0.1537921
0.1543845
0.1703882
0.1932554
0.1891737
0.2229354
0.1971737
0.1859612
0.2078249
0.1864102
0.1631008
0.1599759
0.1885525
0.1734679
0.1697472
0.1662235
0.196315
0.19108
0.1745589
0.1755747
0.2090829
0.1898108
0.2315486
0.196887
0.2000507
0.2074541
0.198116
0.2113949
0.2021344
0.2036763
0.2081306
0.2101393
0.2208784
0.2086852
0.2248566
0.1901991
0.2111127
0.2017372
0.1841824
0.1728493
0.2077553
0.2185932
0.2059996
0.1852806
0.210756
0.2181305
0.2269353
0.1943372
0.2012175
0.1945125
0.2456253
0.2404639
0.2077614
0.1870095
0.1807679
0.1711432
0.1499389
0.1359657
0.1468476
0.1595472
0.1382588
0.1640224
0.1754707
0.1474169
0.1442036
0.155951
0.168408
0.1452565
0.1708276
0.1475931
0.1568266
0.1938843
0.169656
0.136131
0.1556096
0.1426602
0.1338401
0.1260833
0.1459897
0.1196494
0.1354137
0.1391934
0.1339405
0.1227592
0.1445665
0.1060587
0.1339161
0.1321808
0.1471788
0.1374213
0.1449825
0.1532035
0.1526026
0.1454871
0.1834811
0.1561652
0.1403026
0.152675
0.1661509
0.1479702
0.1655297
0.1626304
0.1763614
0.1591885
0.1448333
0.1432065
0.1830953
0.1815088
0.1873778
0.1411787
0.128597
0.1394357
0.1509693
0.1569474
0.1659625
0.1646638
0.131927
0.1476257
0.1420348
0.1427328
0.1610886
0.1356249
0.1688346
0.1799334
0.1358868
0.1743726
0.1607843
0.1532398
0.1683409
0.1577112
0.1436186
0.1377775
0.1502073
0.1369019
0.1292808
0.128789
0.1248007
0.1257364
0.1471579
0.1901242
0.1834899
0.1799282
0.1796576
0.1936948
0.1688072
0.1610665
0.1697289
0.1372028
0.1670451
0.1439443
0.1822602
0.1767793
0.1419673
0.1585062
0.1712875
0.151086
0.1341005
0.1570193
0.1518244
0.1337747
0.1390789
0.1559152
0.1444065
0.1231968
0.1482633
0.1650294
0.1313162
0.1532362
0.1519816
0.1221604
0.1544286
0.1316751
0.1325326
0.1442616
0.1380052
0.13529
0.1554259
0.1531127
0.1370234
0.1414934
0.1518874
0.1534318
0.1514196
0.1366567
0.1498913
0.1825367
0.1349768
0.1519282
0.169455
0.1346881
0.1388265
0.1386507
0.1302621
0.1649308
0.1463514
0.1354273
0.1484704
0.1522742
0.1377674
0.1297696
0.1184662
0.139814
0.1308465
0.1322636
0.1263634
0.1554587
0.1591932
0.1784183
0.1745326
0.1812278
0.1658517
0.12973
0.1297079
0.1467064
0.1560135
0.1297098
0.1462779
0.1599575
0.1537281
0.133053
0.1419657
0.1215922
0.1383903
0.1101581
0.1096162
0.1139983
0.1300603
0.1357244
0.1128281
0.0992341
0.0984977
0.0969537
0.1174061
0.109598
0.1108177
0.1054715
0.1071446
0.0915698
0.1111865
0.1240878
0.1194853
0.1413109
0.127296
0.1288038
0.1260601
0.1244991
0.1192511
0.0984498
0.1152617
0.1280455
0.1189379
0.0967334
0.1217043
0.1276486
0.1047443
0.108648
0.1170508
0.1145388
0.1119829
0.0959037
0.1288358
0.1023171
0.1171415
0.1026843
0.0993382
0.1101642
0.1018727
0.1083975
0.1162741
0.1220175
0.1248507
0.1101798
0.1225153
0.1010876
0.1276622
0.1301207
0.1119641
0.1045819
0.0932161
0.1066817
0.1052071
0.1230564
0.09727
0.1208521
0.1203468
0.1133474
0.1191464
0.1053796
0.1184801
0.1185755
0.1212273
0.1274772
0.1219571
0.1123115
0.1027931
0.1308247
0.1182645
0.1381712
0.1350968
0.1415064
0.1316977
0.1235323
0.1144473
0.1287755
0.1268669
0.1324647
0.1360742
0.1413346
0.1184838
0.1247436
0.1439065
0.1203474
0.133245
0.1394953
0.121879
0.1232885
0.11659
0.1134237
0.1152207
0.12448
0.1446372
0.1315038
0.1362727
0.1199871
0.1328815
0.1399176
0.1393114
0.1405928
0.1467796
0.162633
0.1346483
0.1342032
0.1311294
0.1385982
0.1376734
0.1577726
0.1468069
0.1544288
0.1458333
0.1533056
0.134149
0.1686004
0.1328319
0.1365495
0.1475078
0.1352491
0.1384117
0.1397935
0.1428954
0.1329177
0.1187078
0.103013
0.1397514
0.1124503
0.1226722
0.1262341
0.1185822
0.1605549
0.1287459
0.1395314
0.1443853
0.1464456
0.151674
0.1282207
0.1264181
0.148415
0.1366481
0.1376846
0.1599778
0.1156581
0.1211209
0.1232562
0.1183474
0.1132466
0.1650417
0.1113167
0.1420943
0.1102406
0.1147538
0.1142203
0.1174972
0.1084447
0.1200792
0.1013074
0.1169824
0.10248
0.0876602
0.1106887
0.0979348
0.0932682
0.09892
0.0991974
0.1146272
0.0971468
0.1106395
0.1081255
0.125772
0.1132894
0.1251737
0.1214676
0.1191984
0.1419174
0.1055458
0.1035954
0.1245946
0.1224609
0.1205536
0.1263737
0.1283327
0.0957143
0.1053613
0.1190474
0.113402
0.0982267
0.1174379
0.133128
0.1232941
0.1159313
0.1119476
0.1197429
0.123858
0.1209371
0.0990908
0.1130433
0.1172781
0.116139
0.1074913
0.1167933
0.1015637
0.0970901
0.1035529
0.0946531
0.1055246
0.1041235
0.0980044
0.135174
0.1182211
0.0964169
0.1212579
0.1114686
0.1171389
0.1197492
0.1174108
0.116192
0.1177658
0.1289414
0.1065143
0.1059559
0.1114541
0.1280824
0.1037236
0.1157538
0.1133216
0.124238
0.1408091
0.1452386
0.1266951
0.1268195
0.1173736
0.1517058
0.1591135
0.1145601
0.1126208
0.1222982
0.1153539
0.1089578
0.1069134
0.1102712
0.1292573
0.1324123
0.1489339
0.11281
0.1343719
0.1186522
0.0887233
0.1054523
0.0913954
0.0997019
0.1132512
0.1022987
0.0987464
0.1187012
0.1261606
0.117232
0.1282814
0.1320876
0.1167118
0.1432945
0.1345427
0.145403
0.10982
0.124627
0.1189913
0.1277866
0.1320822
0.1426851
0.1387811
0.1293043
0.1560018
0.14544
0.1451617
0.1352353
0.1436065
0.1192981
0.1274199
0.1296898
0.118492
0.1280036
0.133322
0.1145161
0.1117387
0.1132811
0.1245334
0.1252536
0.1496451
0.1267469
0.1489605
0.1639622
0.1506532
0.1548795
0.1522865
0.1647441
0.1283761
0.1562789
0.15014
0.1640464
0.1502818
0.1331483
0.1367689
0.1666705
0.1620401
0.1481867
0.1662677
0.1235123
0.1486932
0.1260039
0.1526188
0.1309936
0.1586301
0.1323308
0.1416805
0.1356787
0.1395266
0.1407651
0.1345864
0.1516777
0.1486108
0.1571328
0.1617303
0.1461873
0.1370678
0.150895
0.1444237
0.1344645
0.1505023
0.1411848
0.1228517
0.1400469
0.1351037
0.1478339
0.1187231
0.1410892
0.1528232
0.153085
0.1709805
0.1483849
0.1442039
0.1444142
0.1410575
0.133787
0.1237043
0.1269622
0.1481205
0.1531535
0.1559309
0.1487417
0.1720742
0.1405879
0.1664252
0.1238906
0.1240286
0.1362599
0.1224383
0.1245557
0.146333
0.1250378
0.1287163
0.1449049
0.1340383
0.1659264
0.1493309
0.1507211
0.1786067
0.1545977
0.1420046
0.1806036
0.1423914
0.1374405
0.1395587
0.1241056
0.1412026
0.1300657
0.1278264
0.1150359
0.1230788
0.1107795
0.1192439
0.1303439
0.1155121
0.1383557
0.0963717
0.1071167
0.0911175
0.1010693
0.1134885
0.1052791
0.136798
0.1255146
0.1255218
0.1144142
0.1100626
0.1156313
0.128465
0.107166
0.1318954
0.1203978
0.1402101
0.1315285
0.144218
0.1149876
0.1451951
0.1536059
0.1446096
0.1358299
0.1444258
0.1356712
0.1333004
0.0975873
0.121607
0.1240604
0.1250322
0.1289825
0.1258656
0.1046153
0.1417185
0.1195673
0.1204945
0.1028473
0.1038277
0.1241298
0.1352739
0.1157642
0.1149989
0.1051137
0.1185999
0.1365309
0.14007
0.1311963
0.1227639
0.1195203
0.0991119
0.1381006
0.0986669
0.1250654
0.1300861
0.1290033
0.1136807
0.1241667
0.1092313
0.1572328
0.0954363
0.1118571
0.1568077
0.1677539
0.1446435
0.1613817
0.1513746
0.143747
0.1736214
0.1408817
0.1607398
0.137135
0.1315242
0.1582726
0.1453764
0.1566843
0.1432713
0.1423786
0.1269344
0.1353172
0.1215684
0.1296719
0.1285173
0.1312199
0.118614
0.1327658
0.1117302
0.1321605
0.1580921
0.1408988
0.1321689
0.156354
0.1613064
0.1471706
0.1231278
0.123961
0.1381178
0.1564383
0.1681926
0.1406565
0.1615999
0.1645781
0.1625135
0.138207
0.1587468
0.1366956
0.1612897
0.1486765
0.1926166
0.1206837
0.1534439
0.1655252
0.1740384
0.1415969
0.1637189
0.1609106
0.1655981
0.1765068
0.1685568
0.1367141
0.1655211
0.1317068
0.1472227
0.1698693
0.1803077
0.1909658
0.162555
0.1545616
0.1599406
0.1457368
0.1413879
0.1749163
0.1753823
0.1764828
0.1551339
0.1648578
0.1640841
0.1591621
0.1539883
0.1498483
0.1325443
0.143295
0.1302828
0.1336991
0.1353722
0.1373965
0.1457145
0.1433536
0.1773449
0.1338364
0.1418564
0.139375
0.1343932
0.1557046
0.151554
0.1644419
0.166187
0.1352449
0.1717342
0.1626395
0.1568856
0.1373179
0.1477032
0.1676742
0.1535197
0.1285385
0.135562
0.1600488
0.1452978
0.1640079
0.1653427
0.1460973
0.146079
0.1517345
0.1620289
0.1301117
0.156646
0.1530158
0.1496622
0.1612234
0.1661739
0.145371
0.143736
0.143575
0.1556667
0.1616001
0.1591742
0.1342474
0.173259
0.1637443
0.1458613
0.1345066
0.1249551
0.1395165
0.1518845
0.1566335
0.1498885
0.1276519
0.1494034
0.1456986
0.1381855
0.146679
0.1319793
0.1420219
0.1514047
0.1440345
0.1491356
0.1203992
0.1102995
0.1394391
0.1326309
0.143365
0.150667
0.1462484
0.1615704
0.1555396
0.164379
0.1482734
0.1639927
0.1465947
0.1675742
0.1456389
0.1465283
0.1403134
0.1541856
0.16037
0.1643581
0.1415634
0.138333
0.1602033
0.1624886
0.1458713
0.152031
0.172415
0.163321
0.1498371
0.1491872
0.1668841
0.1709441
0.1629649
0.1628822
0.1603084
0.1511159
0.1159361
0.1670572
0.1544157
0.1369004
0.1534452
0.1567837
0.1417243
0.147941
0.1386536
0.1699103
0.1627278
0.1356366
0.118837
0.1497586
0.1599291
0.1531166
0.1209119
0.1249279
0.146156
0.1409731
0.1531028
0.1520109
0.1402929
0.1405028
0.145728
0.1435426
0.1358144
0.1370979
0.1613507
0.1611847
0.1549757
0.1953194
0.189185
0.1668272
0.1660024
0.1648467
0.1196906
0.1339273
0.1517581
0.1378649
0.1357669
0.1494947
0.1242736
0.1305983
0.1308854
0.1628612
0.170219
0.1630506
0.1459928
0.1530107
0.1559586
0.1610001
0.1604062
0.1565139
0.1624521
0.1738446
0.158351
0.1121691
0.1354965
0.1409937
0.1724348
0.1496856
0.133983
0.1374566
0.1322615
0.1366975
0.1619052
0.1663572
0.1723419
0.1776955
0.1751334
0.1771651
0.1427341
0.1608953
0.1360744
0.1457972
0.1455086
0.1457978
0.1415466
0.1501946
0.1601047
0.1506907
0.1329078
0.1302071
0.1377011
0.1605185
0.1535978
0.1634142
0.1189289
0.1263411
0.1360484
0.1387958
0.1331642
0.1432723
0.1289943
0.1581307
0.1435888
0.1438193
0.1567858
0.1450519
0.1311003
0.1597593
0.1334576
0.153091
0.1571837
0.1620231
0.1750456
0.1485542
0.1642244
0.1518327
0.1874946
0.1965638
0.1783569
0.1649952
0.1646418
0.1793798
0.1651927
0.1426249
0.154437
0.1621234
0.1513478
0.1592032
0.1770102
0.1602833
0.1718587
0.1540891
0.1689969
0.1659413
0.1607855
0.1587846
0.1526127
0.1372907
0.142357
0.1561241
0.1340611
0.157139
0.158871
0.1572563
0.1495544
0.1455819
0.1586345
0.1575994
0.1609714
0.1163236
0.1500215
0.1506831
0.1752692
0.1550736
0.1715353
0.1540761
0.1485494
0.1660365
0.1389514
0.1641342
0.1354861
0.1481882
0.158148
0.1381558
0.1687768
0.1635937
0.1711197
0.1411427
0.1378113
0.1284137
0.1202162
0.1386437
0.1352952
0.1433472
0.1379684
0.1387326
0.1414504
0.1577851
0.1351291
0.125667
0.1430429
0.1431712
0.1347052
0.1428178
0.148592
0.1321876
0.1213841
0.1586666
0.157902
0.1451492
0.1380173
0.1324766
0.1228542
0.1203342
0.1232138
0.111998
0.1162298
0.1465285
0.1187572
0.1130462
0.11594
0.1128126
0.1515193
0.1292175
0.1195561
0.1421555
0.1427847
0.1403431
0.1371176
0.1274779
0.1351607
0.1364974
0.1452293
0.1435992
0.1415538
0.140969
0.1476191
0.1315272
0.1408889
0.1361446
0.1390509
0.1570574
0.1563319
0.1582096
0.1301899
0.1295805
0.1426526
0.1582081
0.1342425
0.13436
0.1340041
0.1404519
0.1262151
0.137933
0.147551
0.1533404
0.1584593
0.1310596
0.1425417
0.1437802
0.1622137
0.1576893
0.1455587
0.1484758
0.126835
0.1401497
0.1466503
0.1683977
0.1402579
0.1464313
0.1431567
0.1513149
0.1611286
0.1464178
0.1302161
0.1596281
0.146791
0.1541248
0.1538759
0.1460344
0.1593212
0.1570206
0.1461711
0.128049
0.1444244
0.1351144
0.1602008
0.1533292
0.147179
0.1507631
0.1624756
0.1476036
0.1285384
0.1385633
0.1208815
0.1288344
0.1357277
0.1576856
0.1561404
0.1472435
0.1537336
0.1589686
0.1539974
0.1397176
0.1451287
0.1512637
0.1271942
0.1367719
0.1569823
0.1416515
0.156791
0.1628739
0.1453915
0.1629582
0.1538294
0.1845216
0.1660633
0.162881
0.1684474
0.158385
0.185674
0.182645
0.2026305
0.1443801
0.1618144
0.1413861
0.147739
0.1340615
0.2057842
0.1782613
0.1541938
0.1417229
0.1409036
0.1413431
0.1285248
0.1247961
0.1192968
0.1318716
0.1221232
0.139065
0.1222223
0.1494093
0.1725854
0.1430825
0.1642766
0.1439591
0.1436401
0.1340035
0.1550085
0.1430043
0.1539088
0.1593007
0.1762669
0.1741256
0.1547436
0.1538598
0.1447684
0.1501352
0.1497377
0.1547822
0.1752657
0.1627008
0.1662953
0.1611318
0.1442669
0.1392496
0.1383722
0.1367075
0.1601204
0.1475448
0.1726956
0.1588579
0.1442094
0.1435669
0.1573907
0.1424776
0.1731565
0.1447936
0.1335177
0.1639795
0.1271312
0.1462533
0.1324782
0.1225451
0.1515236
0.1381172
0.1393109
0.1416859
0.1275311
0.1387437
0.1665372
0.155239
0.1477024
0.1360808
0.1375736
0.136771
0.1423353
0.1762016
0.1843046
0.1598107
0.1655492
0.1425942
0.1361397
0.1268556
0.1225739
0.1263678
0.1520354
0.1258733
0.177129
0.1351665
0.1611385
0.1392551
0.1619326
0.1577
0.1442586
0.1537991
0.1502383
0.1510751
0.1715453
0.1539394
0.1635202
0.1482437
0.1424897
0.163003
0.1573825
0.1450039
0.1476127
0.1510954
0.1415611
0.1417385
0.139383
0.1353383
0.1546295
0.1388548
0.1490892
0.1448604
0.1486664
0.1874914
0.1626645
0.1549108
0.1347323
0.1276539
0.1306392
0.1209498
0.1557889
0.1275545
0.1251391
0.1615227
0.1323997
0.1400601
0.1520955
0.1454769
0.1306334
0.1621286
0.1514177
0.1638249
0.1678434
0.1533573
0.1719038
0.1622754
0.1540325
0.1508214
0.1375802
0.1505846
0.1581476
0.1372409
0.1453238
0.1645233
0.1645551
0.1745341
0.1525065
0.1541187
0.1569404
0.1611848
0.1374728
0.1613474
0.1598304
0.152588
0.1611316
0.1800174
0.1530835
0.1584646
0.1574466
0.1670267
0.1598404
0.1815797
0.1562274
0.1340128
0.1230676
0.1486658
0.1310158
0.1651035
0.1504072
0.1655923
0.1564401
0.1540853
0.161414
0.1678162
0.1615419
0.1593017
0.1544841
0.1353061
0.1518838
0.1654275
0.1554968
0.1648534
0.1394962
0.1657912
0.1586177
0.1473711
0.1486648
0.1564483
0.1184977
0.136383
0.1419208
0.1271974
0.1318189
0.1472655
0.1431675
0.1332513
0.1349675
0.158742
0.1551041
0.1262567
0.1453843
0.1564862
0.148996
0.1496274
0.1534231
0.1458106
0.1651466
0.1332161
0.1379537
0.1577781
0.1565698
0.1503991
0.1569407
0.1550148
0.1548505
0.14934
0.1395158
0.1762797
0.1695321
0.1679066
0.1476044
0.1650079
0.1470945
0.1528431
0.1559007
0.1252059
0.123557
0.154033
0.145598
0.1902727
0.1446303
0.1316979
0.1405514
0.1392104
0.1286106
0.127974
0.1269347
0.1423973
0.115026
0.1623681
0.1202251
0.1250748
0.1417924
0.1663815
0.1265075
0.1303465
0.1291153
0.1419937
0.1517823
0.1629698
0.1495433
0.1296498
0.1253248
0.1412543
0.1318943
0.1316333
0.146011
0.1601475
0.1382246
0.1387753
0.130281
0.1367277
0.1105364
0.1143972
0.1103979
0.1241591
0.1255199
0.1246405
0.1017874
0.1155901
0.1242167
0.1279757
0.1582122
0.1299051
0.1289363
0.1202239
0.1185132
0.1357524
0.1442548
0.1701505
0.1643409
0.1426505
0.129043
0.1552801
0.1559702
0.1692302
0.1517359
0.1541555
0.1865421
0.1688532
0.1864775
0.1653897
0.1836
0.1490465
0.1781269
0.1809361
0.1812114
0.1692121
0.1599447
0.1695531
0.1784076
0.1516862
0.164397
0.1596392
0.1605301
0.1509788
0.1630905
0.1679805
0.1651488
0.1772938
0.1590589
0.1611707
0.1461096
0.1513593
0.1522661
0.1295089
0.1207468
0.1418449
0.1238506
0.1439611
0.160569
0.1576449
0.1342637
0.1932592
0.1346602
0.1505182
0.1522184
0.1606815
0.1562306
0.1645562
0.1626969
0.1622397
0.1643012
0.1720499
0.1740774
0.1682375
0.1848456
0.161798
0.1619429
0.1609614
0.1861077
0.1642906
0.1772
0.1589253
0.1794873
0.1800161
0.1922294
0.1970412
0.1881576
0.1690462
0.1900345
0.1659044
0.1599856
0.207161
0.1593975
0.1700799
0.1351743
0.1615936
0.1548787
0.1911305
0.1636593
0.1670888
0.1533103
0.1440167
0.189265
0.1559523
0.159485
0.1830515
0.1798634
0.1741344
0.1726854
0.1623789
0.1568662
0.1507021
0.1628265
0.1473249
0.1706368
0.1579517
0.1693677
0.1747036
0.1906903
0.1788027
0.202649
0.1761396
0.1680276
0.182729
0.1776776
0.1419647
0.189346
0.1736219
0.1639557
0.1657985
0.1598394
0.1805013
0.1493577
0.1561081
0.1760148
0.1715345
0.1719091
0.1801978
0.1551213
0.159272
0.1672224
0.1671897
0.1804064
0.1812578
0.1470647
0.1546659
0.1564546
0.1636705
0.1690409
0.1699636
0.186249
0.1559493
0.1751936
0.1943968
0.1777373
0.1740715
0.1719576
0.1626713
0.1550284
0.1608882
0.155338
0.1691101
0.1661271
0.1637698
0.1541063
0.1616251
0.1928941
0.1773646
0.170926
0.1601285
0.1548145
0.1461456
0.1656564
0.1568635
0.1467655
0.14432
0.1322408
0.1457829
0.1547271
0.1615383
0.1522767
0.1768822
0.1467207
0.15828
0.1431883
0.1247793
0.1467762
0.1416239
0.1410553
0.1746087
0.197563
0.1909941
0.1764439
0.1601176
0.1785541
0.1699423
0.1764537
0.1717258
0.1478291
0.1560281
0.1651703
0.1524099
0.1403446
0.1469886
0.1465594
0.175028
0.172085
0.1647195
0.1485338
0.1660366
0.1742321
0.1586135
0.1669524
0.1588177
0.1767898
0.1653893
0.1637045
0.1570379
0.1677298
0.1652343
0.1706285
0.1860796
0.1609798
0.1533391
0.1490653
0.1515709
0.15363
0.1566691
0.1555433
0.1507832
0.1726205
0.1658694
0.1567415
0.1770341
0.1766146
0.1984011
0.2036648
0.1642298
0.1557141
0.1424123
0.1550894
0.1691768
0.1790151
0.1901354
0.1387023
0.1540518
0.1557907
0.1596602
0.1688436
0.1369584
0.148085
0.14892
0.1554392
0.1477522
0.1675129
0.1530602
0.1594416
0.1437536
0.1521621
0.1363914
0.1345509
0.1248645
0.1294108
0.137178
0.1545065
0.1378074
0.1293855
0.1331822
0.1268576
0.1465179
0.1339207
0.1300553
0.1381315
0.1555601
0.1092453
0.1325184
0.1144224
0.121404
0.1303095
0.1399305
0.1376071
0.1481043
0.1241701
0.1350619
0.1368144
0.1379047
0.1423108
0.1656943
0.1322032
0.1401045
0.1573798
0.1610115
0.1532732
0.1288074
0.1483496
0.1396485
0.1477755
0.1451766
0.1630008
0.1399153
0.1378575
0.1557938
0.159906
0.1600876
0.1583879
0.1488006
0.152263
0.1443621
0.1559827
0.1463709
0.1505869
0.140531
0.1443421
0.1588753
0.1551434
0.1361248
0.1324616
0.143947
0.1490611
0.1370011
0.1397409
0.1574173
0.1537149
0.1360785
0.1326132
0.1304515
0.133288
0.164713
0.1445886
0.1499095
0.1404156
0.1297739
0.1432463
0.134213
0.1382537
0.1349508
0.1408201
0.1588498
0.159195
0.148158
0.1631209
0.1536203
0.170713
0.1652913
0.1365036
0.1542453
0.1479145
0.1390894
0.1503578
0.1179767
0.1394426
0.1536619
0.1595439
0.1462798
0.1543047
0.1497448
0.1534806
0.1461373
0.1538703
0.1512051
0.1722941
0.1565791
0.1402049
0.1331171
0.1269229
0.1479495
0.1269134
0.1218693
0.1228179
0.1162926
0.1275783
0.1379595
0.1192487
0.0981846
0.1605697
0.1316034
0.1679686
0.1549457
0.1630305
0.1517399
0.1295948
0.1331699
0.1311246
0.1241964
0.1174163
0.1368892
0.1315754
0.164729
0.1472195
0.1488622
0.1387303
0.1377914
0.1356462
0.1464664
0.1451961
0.1444002
0.1312685
0.1419614
0.1146825
0.1400242
0.1501093
0.1575209
0.1604825
0.1832015
0.1638354
0.157389
0.1592308
0.1754505
0.1721604
0.1552393
0.1630248
0.1904142
0.1653562
0.171219
0.1550798
0.1633137
0.1570873
0.1653142
0.157525
0.1459159
0.1385562
0.1436352
0.1566248
0.1587812
0.1611602
0.1571457
0.154081
0.1818645
0.1872112
0.1858559
0.1763293
0.1579528
0.1596125
0.1662616
0.171828
0.1668694
0.1673652
0.1641988
0.1623164
0.1724747
0.1615655
0.1575498
0.1555578
0.1754028
0.1574078
0.1558638
0.1734913
0.1503923
0.1651388
0.1604107
0.1636098
0.1582264
0.1556748
0.1770518
0.1706487
0.1613007
0.1601813
0.18857
0.1650486
0.1457457
0.1512679
0.1547191
0.152574
0.1720994
0.1619253
0.1492333
0.1515654
0.1366853
0.1298839
0.1436383
0.1324708
0.1311867
0.1494854
0.1612678
0.171846
0.129529
0.1574239
0.1421059
0.1639691
0.1403452
0.1372436
0.1473788
0.1509636
0.1391886
0.1455369
0.1633665
0.1514383
0.1507319
0.1606673
0.137718
0.1308266
0.1462385
0.1170765
0.1267721
0.1379779
0.1496855
0.1531285
0.1445947
0.1447489
0.1536461
0.1692508
0.1616904
0.1297738
0.1315303
0.1271495
0.1262471
0.1421779
0.1494396
0.1516924
0.1356821
0.1484298
0.1351184
0.1393444
0.1495162
0.1533328
0.1605162
0.1916868
0.1689945
0.1471091
0.154794
0.1578716
0.1719705
0.1327997
0.1653515
0.1345382
0.1440437
0.1345799
0.1601163
0.1571832
0.1397539
0.1452302
0.1297302
0.1488622
0.1725875
0.156964
0.145672
0.144778
0.1414492
0.1513499
0.1474526
0.1648124
0.1469059
0.1755296
0.1714758
0.145428
0.1546128
0.159332
0.1686831
0.1575641
0.1580901
0.1713629
0.192414
0.1563144
0.1903389
0.1600567
0.1797788
0.1510017
0.1397288
0.156412
0.1443015
0.150232
0.1606667
0.166451
0.177478
0.1591414
0.1628131
0.1625229
0.17317
0.1646401
0.1795498
0.1907236
0.1648903
0.1563427
0.1394062
0.1623637
0.1523418
0.1920735
0.176218
0.1506467
0.1695089
0.1377946
0.158973
0.1497435
0.144375
0.155772
0.1622642
0.1444414
0.182354
0.168258
0.1683067
0.1433536
0.1559751
0.1953467
0.1491531
0.1429843
0.1638781
0.156765
0.1437402
0.1538959
0.1242099
0.1487818
0.149413
0.1483355
0.1379448
0.1418241
0.1442508
0.1401448
0.1358962
0.1324764
0.1306658
0.1385989
0.1263494
0.1438288
0.1490389
0.1459268
0.1478939
0.1565549
0.1404757
0.1510514
0.1428371
0.1558954
0.1584591
0.153314
0.1773072
0.1701873
0.1584125
0.1524187
0.13608
0.1452644
0.1532195
0.1618346
0.1789215
0.1716476
0.1556035
0.1482504
0.1552857
0.1493411
0.1670323
0.1843613
0.1583261
0.1626209
0.1416541
0.1530363
0.1457603
0.1799163
0.154763
0.1621525
0.1792943
0.1714598
0.1675614
0.1621994
0.1684295
0.1672232
0.1526877
0.1447986
0.1427275
0.1735106
0.1518512
0.1528211
0.1483704
0.145886
0.150835
0.1388822
0.1550363
0.1442546
0.1424942
0.1334294
0.1491267
0.1611575
0.1653077
0.1782789
0.1493528
0.1852484
0.169604
0.1901265
0.1721968
0.1828475
0.1762995
0.1631849
0.1989058
0.1707324
0.1557233
0.1751336
0.1598184
0.1801109
0.164945
0.1603468
0.1737203
0.1944716
0.1875478
0.1741735
0.1551291
0.1457019
0.1395139
0.1398443
0.1617766
0.160081
0.1777823
0.1673846
0.1674485
0.1389562
0.1439054
0.164378
0.1392346
0.1592415
0.1802364
0.2049207
0.1719244
0.1439356
0.1523955
0.1530174
0.1449296
0.1587199
0.1556936
0.1641781
0.1429792
0.1465406
0.1795986
0.1511132
0.1570463
0.1629759
0.1478035
0.1867976
0.2031305
0.1907734
0.1830099
0.1365407
0.177628
0.165996
0.196051
0.164427
0.1765969
0.2002229
0.1513782
0.1871802
0.183847
0.1709015
0.1687516
0.1442016
0.1534688
0.157256
0.1431598
0.1589551
0.1690236
0.168026
0.1608545
0.1729375
0.1563379
0.1640899
0.1802397
0.1666589
0.1676952
0.1630953
0.151331
0.1813914
0.1661754
0.1719402
0.1685982
0.1437641
0.1543982
0.154438
0.1437175
0.1400096
0.1544953
0.1630822
0.1437804
0.1686181
0.2150793
0.1940735
0.1972022
0.1846519
0.1642864
0.1547196
0.1738869
0.1763632
0.1760294
0.172503
0.1696233
0.1727101
0.2054092
0.1595351
0.1643212
0.1626691
0.1869062
0.1571914
0.168766
0.1869665
0.1933892
0.1545306
0.1734338
0.1684371
0.1762571
0.1693968
0.1673028
0.1993824
0.1880722
0.1826774
0.2004789
0.1795473
0.1782493
0.1854881
0.1878318
0.1887216
0.1778369
0.1509335
0.1519859
0.1570454
0.1728272
0.1598708
0.1800707
0.1565471
0.1552905
0.1565299
0.1594491
0.1673703
0.1733408
0.1672287
0.1896422
0.1940506
0.1738142
0.1638473
0.1851179
0.1854916
0.1607505
0.1886244
0.2085786
0.2077968
0.1887616
0.2325979
0.197529
0.1617652
0.1897713
0.2194247
0.1911745
0.2105161
0.1911515
0.197139
0.2063932
0.1938826
0.2056982
0.2187426
0.205225
0.1784464
0.1913993
0.1776859
0.1830582
0.2084236
0.2119512
0.2018235
0.2162843
0.2079642
0.1977667
0.1837228
0.1754698
0.1854986
0.1705703
0.1799696
0.1909536
0.1868206
0.183737
0.1753524
0.1899474
0.195427
0.1826808
0.1717582
0.1867079
0.1948869
0.2009488
0.1901253
0.2125467
0.2107025
0.1993895
0.1965579
0.2115289
0.1799609
0.1459161
0.1474577
0.178398
0.1813343
0.1827222
0.1578173
0.1610073
0.1557535
0.1756032
0.1829375
0.1890909
0.1780802
0.18602
0.1639327
0.1531549
0.1709197
0.1457107
0.139688
0.1422256
0.1738785
0.1769222
0.2068783
0.1781841
0.1742494
0.1980388
0.1704273
0.1676993
0.1922772
0.1740496
0.1739335
0.161557
0.1869322
0.1836995
0.2128243
0.1773929
0.1979976
0.162845
0.1676148
0.1681121
0.1614057
0.1525386
0.1555132
0.1643959
0.178801
0.1896658
0.183646
0.1628375
0.1840242
0.1677362
0.1582809
0.1625528
0.1598429
0.1526684
0.1390691
0.1593317
0.1784272
0.1638305
0.173678
0.203698
0.1748541
0.1743941
0.1785371
0.1480909
0.1530591
0.1730907
0.1472035
0.1769627
0.1408746
0.1732941
0.1598723
0.1469507
0.1459357
0.1882262
0.1845905
0.1661206
0.1804103
0.1840247
0.1372691
0.1457221
0.1469836
0.1515951
0.1430286
0.1762881
0.2068332
0.157266
0.1531744
0.1393045
0.1258089
0.1362302
0.1557473
0.1409411
0.1170378
0.1640008
0.1596582
0.1414423
0.1354846
0.1301991
0.1649245
0.1555445
0.1786549
0.164106
0.1319457
0.1134117
0.1332723
0.1489417
0.1585264
0.1744385
0.1275461
0.1618052
0.1419599
0.1537632
0.1595061
0.1526974
0.176021
0.1612521
0.1309068
0.1400455
0.1479699
0.1674956
0.1661886
0.1603968
0.1509973
0.1380005
0.1383002
0.1780858
0.1811119
0.1395227
0.1572361
0.1736337
0.1632484
0.1537859
0.1680314
0.1262223
0.1489577
0.1517799
0.1421564
0.1566365
0.1361711
0.1160112
0.1138256
0.1256411
0.1287221
0.1333304
0.1195657
0.1179566
0.1147778
0.1253964
0.1302099
0.1327078
0.1126264
0.12063
0.1126929
0.1409887
0.1160045
0.1319563
0.1187098
0.1336003
0.1422236
0.1224429
0.1347875
0.1297683
0.1469652
0.1291973
0.1353511
0.1551812
0.144309
0.1390089
0.1605147
0.1497716
0.1333387
0.1033715
0.1188586
0.1177692
0.1250004
0.1366053
0.1320803
0.1262581
0.1243254
0.1358082
0.1543742
0.1338306
0.1347168
0.1422218
0.1538148
0.1523599
0.1334
0.1133636
0.1245435
0.1402553
0.1583673
0.1520061
0.1496031
0.1727491
0.1577977
0.165852
0.166579
0.1626994
0.1699653
0.1680187
0.1725636
0.1451112
0.1563507
0.1547429
0.1817843
0.1701514
0.1684665
0.1803811
0.1607803
0.1598486
0.159878
0.1550648
0.1574035
0.1618886
0.1626336
0.1330101
0.1381069
0.1583002
0.1398664
0.1493391
0.158175
0.1665112
0.150825
0.1526183
0.1560839
0.1319068
0.143695
0.1517039
0.1606836
0.1504706
0.1622578
0.1463553
0.1431403
0.1572017
0.1579002
0.1541291
0.1615479
0.1299949
0.1429387
0.1714261
0.136923
0.1389043
0.1557809
0.1496121
0.1521249
0.1413498
0.1361255
0.1337592
0.1458117
0.1616354
0.1498573
0.1336064
0.1459104
0.1433634
0.1644521
0.1509573
0.155318
0.1485726
0.1378457
0.1602331
0.1545743
0.1411809
0.1539518
0.1287094
0.1246464
0.1340673
0.1502508
0.1319519
0.1337913
0.1378449
0.1397985
0.1434871
0.1384694
0.1318845
0.1497427
0.1574719
0.1360514
0.1322024
0.1405436
0.1370781
0.1341252
0.1240403
0.1434245
0.128595
0.1360958
0.1514622
0.1330321
0.1284172
0.1413901
0.1431904
0.1421666
0.1446785
0.1439711
0.1549065
0.1308912
0.1451683
0.1447173
0.1482084
0.1424878
0.1567797
0.1504026
0.1551896
0.148647
0.1382131
0.1436735
0.1430342
0.1640063
0.1437518
0.1368557
0.1399775
0.1473927
0.1463442
0.1514324
0.1439243
0.1570693
0.1132919
0.1434729
0.1400491
0.1359291
0.1373494
0.1272879
0.1214332
0.1210902
0.1168962
0.1433559
0.1457188
0.1467652
0.137948
0.1236131
0.1354426
0.1341743
0.1338245
0.123682
0.1328006
0.1470012
0.1430017
0.1327042
0.1446703
0.1406631
0.1333062
0.1478982
0.1516129
0.1480277
0.1718986
0.1255767
0.1395862
0.1445559
0.1316575
0.1222231
0.1310221
0.1147324
0.1407519
0.1174458
0.1309682
0.1206316
0.1361589
0.1280157
0.11843
0.1426326
0.1393596
0.1236706
0.1472283
0.1322132
0.1344965
0.154094
0.1387236
0.1536735
0.1376397
0.1407333
0.1433676
0.1444873
0.1542898
0.1502818
0.1427122
0.1366899
0.1294718
0.1224039
0.1439851
0.1213575
0.1078123
0.130852
0.1268035
0.1173192
0.1124116
0.1147882
0.1138113
0.0980361
0.1076421
0.1364554
0.1434242
0.119409
0.1237395
0.1118274
0.132764
0.12977
0.1135112
0.1119304
0.1439179
0.1112359
0.1316583
0.1136272
0.1278449
0.1318037
0.1431417
0.1415202
0.1401631
0.1239438
0.1098042
0.1252814
0.1391241
0.1214806
0.1108571
0.1200636
0.1125709
0.1120404
0.112951
0.1133231
0.1322113
0.1080991
0.1102119
0.1033279
0.1270304
0.1314743
0.142712
0.1123144
0.1365054
0.1172119
0.1221197
0.1230366
0.1172819
0.1353757
0.1388254
0.1532096
0.1495291
0.1415869
0.1382555
0.1460879
0.1498135
0.1335597
0.1069106
0.1294758
0.1362863
0.12329
0.1251666
0.1110992
0.1331051
0.1135751
0.1243188
0.1084579
0.1170994
0.129527
0.1185675
0.1021055
0.1096192
0.1312119
0.1043049
0.1264678
0.1423709
0.125552
0.1311616
0.1187032
0.1919713
0.1388483
0.1524204
0.1252556
0.1107006
0.1214369
0.1279667
0.1507703
0.109878
0.1279572
0.118245
0.1208652
0.1419535
0.1309091
0.1350198
0.1349137
0.1280959
0.14645
0.1079495
0.1372774
0.1303841
0.1280895
0.1325358
0.1225905
0.1375917
0.1596964
0.1302971
0.118059
0.1353425
0.1417212
0.1399607
0.1538984
0.1459154
0.1424553
0.1586999
0.1346809
0.1360322
0.144702
0.1205893
0.103597
0.1191669
0.1456304
0.1397495
0.145699
0.1529839
0.1334965
0.1358853
0.1321281
0.1347633
0.1258711
0.1412357
0.1130565
0.1443384
0.1398257
0.1231224
0.1230874
0.1459215
0.1474538
