0.1965241
0.2054922
0.1953089
0.1874602
0.2028138
0.2018102
0.2018895
0.1724946
0.171114
0.2158544
0.1642123
0.1707808
0.2044168
0.191906
0.1673323
0.1764805
0.1755502
0.1622597
0.1576827
0.1503402
0.1616366
0.1582007
0.2031889
0.2224306
0.1957971
0.1989292
0.1703346
0.1904064
0.1786131
0.164502
0.170616
0.2054217
0.2016645
0.1533196
0.1905282
0.2135255
0.3039741
0.2255003
0.1631411
0.1981412
0.2064265
0.2102727
0.2001338
0.1502713
0.1676299
0.1791197
0.171403
0.1854664
0.160919
0.1774241
0.1908965
0.1902846
0.200794
0.2077695
0.2593699
0.2080012
0.2076004
0.1944493
0.1950226
0.181796
0.2178069
0.2152436
0.1515204
0.2213977
0.2039247
0.1581119
0.1329644
0.2372231
0.2102512
0.2399702
0.2475905
0.2125845
0.2295901
0.2449264
0.2178869
0.2102207
0.2279312
0.2338469
0.2414266
0.2031816
0.2073975
0.2482354
0.2306838
0.2444361
0.2220467
0.2352108
0.2378694
0.1579632
0.2059639
0.2147054
0.2169837
0.2043711
0.2362559
0.219165
0.1888098
0.1763975
0.2084905
0.1915729
0.1906071
0.2061004
0.1962764
0.2118376
0.2020772
0.2099682
0.1681441
0.2187634
0.1491465
0.1920993
0.1917365
0.1806071
0.1755914
0.1845704
0.1652739
0.2006802
0.1883206
0.1629277
0.1550073
0.2159988
0.1861826
0.1872581
0.1868844
0.1628152
0.1636691
0.177812
0.1710711
0.2068596
0.1377922
0.1961209
0.1718963
0.1787775
0.2106157
0.1880907
0.1947169
0.1520728
0.1924144
0.1447419
0.1767413
0.1917969
0.1684238
0.230695
0.1999414
0.1573413
0.1464321
0.1817967
0.1708457
0.1959707
0.2079077
0.2329556
0.2119232
0.2374382
0.2119509
0.1945867
0.1706281
0.1984529
0.1671923
0.1936885
0.2095432
0.1510235
0.1779067
0.1858763
0.1884246
0.197703
0.1747707
0.2411421
0.2453189
0.206755
0.1940717
0.1656333
0.1731347
0.1742904
0.1621587
0.1456947
0.1877887
0.1393342
0.1446139
0.1410602
0.14354
0.1447949
0.1612524
0.1484715
0.1680626
0.1414933
0.1488436
0.1685509
0.1449003
0.1571856
0.14228
0.1621281
0.151219
0.1386688
0.1750105
0.1713972
0.1329024
0.1371365
0.1464971
0.1654664
0.1430479
0.1557507
0.2046729
0.1609587
0.1655262
0.1933391
0.1536723
0.1742847
0.122097
0.1657416
0.1627853
0.174518
0.1791167
0.1685836
0.2077736
0.1933511
0.2193571
0.199317
0.2298048
0.1871421
0.2091057
0.1688952
0.1755062
0.1547223
0.1903098
0.1730948
0.1370308
0.1832566
0.1545712
0.1970927
0.1667977
0.1633462
0.1521092
0.1509107
0.1655082
0.1826076
0.1737382
0.1772228
0.1921358
0.1788297
0.1991129
0.1568655
0.157698
0.1496815
0.1488308
0.1719135
0.1864792
0.1692188
0.1603857
0.1637022
0.1860454
0.1547369
0.1998532
0.1986154
0.1782135
0.1895225
0.2388747
0.196119
0.1429986
0.2264627
0.1506025
0.1857814
0.2376838
0.187969
0.1863845
0.2071443
0.1885436
0.2055458
0.1897765
0.1642511
0.217982
0.2104054
0.1864517
0.1862286
0.1860975
0.1567469
0.180317
0.1700013
0.170643
0.2188845
0.2029606
0.2055789
0.184557
0.1981944
0.2150267
0.2022381
0.2650478
0.2234649
0.2773476
0.2126568
0.2538274
0.23854
0.2218825
0.2645018
0.2525448
0.2514887
0.2385712
0.1956056
0.2544805
0.1697764
0.2046828
0.198427
0.1783427
0.1493222
0.2153672
0.164635
0.1548889
0.1648968
0.1614652
0.1671148
0.2345926
0.2530907
0.227994
0.2401683
0.2385485
0.1805565
0.2204855
0.2374004
0.2131373
0.1684207
0.1755114
0.1835159
0.240945
0.2362541
0.2664801
0.2589527
0.250691
0.2029687
0.2608607
0.211659
0.2056097
0.1929442
0.2005829
0.1951914
0.2019319
0.250851
0.2231247
0.2034025
0.1928352
0.2391551
0.2538331
0.2643672
0.2269341
0.2016241
0.2122708
0.1958754
0.2323393
0.2102085
0.2175387
0.2384226
0.2116833
0.2312404
0.1554526
0.2100636
0.1796016
0.2033859
0.1816556
0.1499236
0.1899151
0.1833213
0.2208519
0.2250509
0.1876296
0.1851186
0.2001258
0.2341977
0.2233974
0.2348268
0.2797959
0.241512
0.2083186
0.2256001
0.2622071
0.2153405
0.2405928
0.2623203
0.265152
0.2486576
0.2154251
0.22892
0.2869987
0.2909254
0.2517217
0.2242003
0.2488855
0.2332829
0.2443171
0.2286455
0.2214685
0.2688162
0.2191689
0.2199594
0.2340688
0.2376333
0.2515108
0.2330415
0.2184227
0.2469197
0.2842316
0.2137534
0.2077657
0.2212372
0.2171403
0.2075895
0.2167963
0.1924421
0.2875028
0.2219273
0.216258
0.2193781
0.2201351
0.1869987
0.2012251
0.2218845
0.2226832
0.1936193
0.1680576
0.2567803
0.2062224
0.1728784
0.2410851
0.2198909
0.245885
0.2340376
0.2040974
0.2091016
0.2101275
0.2103083
0.1932499
0.2125627
0.1871686
0.2000792
0.2064077
0.1774526
0.1826592
0.1982617
0.21617
0.1911306
0.1921621
0.1919847
0.209779
0.2370865
0.2231854
0.1975694
0.1738252
0.1619281
0.1987855
0.2132416
0.1767354
0.1858358
0.1866834
0.2163664
0.1833742
0.2189659
0.1899465
0.1723115
0.2007368
0.1754093
0.2364823
0.1988513
0.1715201
0.2156136
0.237642
0.242965
0.2485848
0.2433723
0.2134218
0.2766607
0.2547008
0.2204487
0.2485685
0.2503982
0.2463702
0.2904795
0.2544297
0.2026682
0.2299107
0.2289708
0.2624122
0.2567774
0.2665417
0.2599793
0.1661107
0.2327198
0.2177967
0.2029877
0.2071347
0.2503946
0.2436756
0.2543725
0.1983771
0.2107884
0.2364967
0.2659631
0.2323482
0.2268382
0.2828322
0.244951
0.2704173
0.2916915
0.2702458
0.3076645
0.2563557
0.269282
0.2068946
0.2651674
0.2595667
0.2471643
0.2719191
0.2286623
0.2449442
0.2867142
0.2310287
0.2312016
0.2535525
0.234295
0.2262208
0.1998073
0.2222109
0.2452788
0.1877763
0.2681676
0.2443004
0.2179409
0.2169635
0.2144521
0.2219599
0.190361
0.209378
0.1954103
0.2260899
0.2296597
0.1967848
0.1855456
0.1942912
0.1979357
0.2148661
0.1882204
0.2003306
0.2195446
0.2502331
0.2041878
0.2391841
0.1933328
0.2027792
0.1713153
0.2041427
0.1815805
0.1757281
0.1503901
0.194005
0.1967887
0.2124146
0.1916582
0.1861057
0.2009753
0.2537446
0.2203047
0.1640457
0.1520811
0.1786055
0.1746825
0.1797884
0.1944658
0.1560605
0.2029402
0.183559
0.1847749
0.2069342
0.2045512
0.2135256
0.1834533
0.1805963
0.1951426
0.1899918
0.1793149
0.1707176
0.1897953
0.1655795
0.1804262
0.2090343
0.2038141
0.1922983
0.1918819
0.1934203
0.1816169
0.2017214
0.1801809
0.2026203
0.1791366
0.2066132
0.2215113
0.2010134
0.22617
0.2882155
0.2261132
0.2222359
0.2445714
0.2153672
0.2522058
0.2104956
0.2230363
0.207711
0.2294302
0.1874726
0.2336576
0.2535575
0.2101469
0.2089618
0.2093467
0.1958603
0.2292491
0.2248009
0.2564713
0.2142473
0.2315444
0.2808862
0.239451
0.1948523
0.1972924
0.1854943
0.2046176
0.2403971
0.198858
0.1968022
0.1608291
0.2459992
0.2037203
0.2211157
0.2430878
0.210867
0.2536074
0.2778346
0.2075745
0.2049221
0.2547151
0.2270445
0.1909171
0.2081503
0.199828
0.2489099
0.2318184
0.2344177
0.2162262
0.2208477
0.3051086
0.2400863
0.2168775
0.2303481
0.2005612
0.2291672
0.2542223
0.2499386
0.2475502
0.2704537
0.2898885
0.2788799
0.2311655
0.2485322
0.2997994
0.2788965
0.2424496
0.2956409
0.2866038
0.2710705
0.3142851
0.3220918
0.3071432
0.2436713
0.2431619
0.2431418
0.2726229
0.2382714
0.2347322
0.2397191
0.2462453
0.2515018
0.2273821
0.2338927
0.2255592
0.255568
0.2450122
0.1774413
0.2316556
0.2143782
0.2392858
0.2457927
0.2612792
0.2155782
0.2052332
0.2009844
0.2799795
0.2124003
0.2557334
0.2368704
0.2089569
0.1952996
0.2476642
0.2095458
0.1975815
0.1884267
0.1852973
0.237725
0.2215909
0.2104196
0.2489918
0.2239145
0.2504223
0.2404931
0.2183955
0.2171778
0.2268838
0.2199052
0.2253875
0.2518715
0.2177171
0.252913
0.253524
0.2437963
0.2259548
0.2334735
0.2337142
0.2145192
0.227911
0.2333103
0.2233593
0.2431053
0.2384559
0.2095606
0.2608243
0.2486735
0.2343649
0.230607
0.2549186
0.2582008
0.2559752
0.2539923
0.2472868
0.2230334
0.2152941
0.2576692
0.233344
0.2309944
0.2204797
0.258382
0.238073
0.2563827
0.2310014
0.2510467
0.2780223
0.2738643
0.2538668
0.2605105
0.2341445
0.2575349
0.2327276
0.2281057
0.1748255
0.2930165
0.2660885
0.2214701
0.1879771
0.2212241
0.2119109
0.1988008
0.2223962
0.2081273
0.2107956
0.2129586
0.2054781
0.2141193
0.1986986
0.2333453
0.2213556
0.2335486
0.2020176
0.1927229
0.2122712
0.2080336
0.2280238
0.2274872
0.208421
0.2298065
0.2543634
0.2189095
0.2568779
0.2448802
0.2201035
0.251971
0.2295691
0.2484365
0.2606532
0.2410183
0.2642085
0.2511495
0.2583976
0.2667614
0.2401615
0.2449845
0.2145797
0.2365479
0.27471
0.2470636
0.2717556
0.2777761
0.191904
0.1708053
0.1732607
0.182078
0.1902367
0.1855591
0.2049492
0.1879106
0.2020274
0.2015473
0.1563112
0.212074
0.1676219
0.1573061
0.1724403
0.1958585
0.2119534
0.1622581
0.1746091
0.1810027
0.1876029
0.2255084
0.180045
0.1886174
0.2051152
0.1880444
0.2410032
0.2022948
0.2437835
0.2602197
0.214807
0.2307792
0.2686783
0.1874889
0.2013907
0.1770376
0.2193262
0.191908
0.2846642
0.2313185
0.1761962
0.1980425
0.1971421
0.1652891
0.2144666
0.2039886
0.2518772
0.2079606
0.2577196
0.2502902
0.2566206
0.2629619
0.2661433
0.2249439
0.2000158
0.2475523
0.2332292
0.2006398
0.2406998
0.2283435
0.2610912
0.2509989
0.254283
0.2413296
0.210342
0.2966918
0.2354716
0.2551874
0.2448847
0.2861429
0.2603278
0.2926461
0.3022555
0.2526255
0.272246
0.2854689
0.2223834
0.201131
0.2564542
0.2823799
0.2296092
0.2526127
0.2324698
0.1955123
0.2346104
0.254044
0.1995249
0.2217774
0.2270116
0.2288163
0.2024168
0.2271102
0.2370936
0.2446871
0.2646874
0.2495062
0.2821625
0.2591459
0.2537593
0.2374357
0.1921536
0.2265289
0.1929284
0.197799
0.1949119
0.266933
0.2884851
0.2291651
0.2341012
0.1979594
0.2663804
0.2353362
0.2244315
0.1952729
0.2837426
0.2327603
0.2142809
0.2450507
0.2758159
0.3070682
0.2818957
0.2579911
0.2500942
0.2490554
0.2402908
0.2604702
0.2773689
0.2692741
0.2854292
0.2906889
0.2780317
0.2245061
0.2926157
0.2684932
0.2477243
0.266905
0.2877385
0.2448112
0.257259
0.2899831
0.3041129
0.2286379
0.2530575
0.3122509
0.2801358
0.2418029
0.2381331
0.3370678
0.2908009
0.288027
0.2669013
0.2949633
0.2616565
0.266111
0.2950583
0.2366188
0.2838646
0.2544997
0.2229682
0.2414244
0.2614616
0.2610695
0.2537319
0.247225
0.2250768
0.2160642
0.2612249
0.2576589
0.2720587
0.2443
0.2416846
0.2373196
0.2326679
0.2654914
0.2389714
0.2172261
0.2703016
0.2547331
0.2269003
0.2457428
0.2268914
0.2200177
0.2145373
0.2285184
0.2221445
0.2142683
0.2307169
0.2385503
0.2634958
0.2419252
0.2795843
0.2554733
0.2689652
0.229366
0.2706665
0.2720144
0.2277889
0.227304
0.2292252
0.2346794
0.277981
0.262735
0.253381
0.2654696
0.2479617
0.2060978
0.1958069
0.1773594
0.215872
0.2375906
0.2365984
0.2149841
0.2155938
0.2091523
0.2600914
0.1631101
0.233017
0.22956
0.2170367
0.2167568
0.2349721
0.2365052
0.2600878
0.2013517
0.2702331
0.2073062
0.2065361
0.2169457
0.2108079
0.1741336
0.2167092
0.1698859
0.1933327
0.214767
0.2491657
0.1908091
0.2359412
0.1844191
0.2043133
0.1962549
0.2775718
0.2371337
0.2256631
0.2017699
0.2372514
0.2382614
0.2389781
0.225643
0.2348815
0.2208976
0.2037084
0.2802531
0.2611839
0.2230233
0.2378052
0.2237684
0.2441705
0.244375
0.2594725
0.2403571
0.2403012
0.2470315
0.2093991
0.2469521
0.2408167
0.2601675
0.2153219
0.2256865
0.231402
0.2138117
0.2228292
0.216216
0.2231428
0.2383696
0.2447167
0.2277539
0.2214788
0.2163216
0.2680665
0.2650355
0.256064
0.2263789
0.232976
0.2245698
0.2309978
0.2341799
0.2185012
0.2360088
0.2611363
0.2503738
0.2933994
0.2714668
0.2507048
0.2649126
0.2569072
0.2648422
0.2385531
0.2630424
0.221801
0.2582837
0.2209551
0.2715151
0.2428208
0.2443363
0.265153
0.2569249
0.221273
0.223468
0.2149289
0.2425131
0.196053
0.2163238
0.2199762
0.2031306
0.200647
0.2312205
0.2382021
0.2622197
0.2488858
0.256595
0.2291658
0.2339434
0.2032206
0.2451476
0.2115085
0.225996
0.225079
0.2270228
0.2133107
0.2223622
0.2256285
0.2401551
0.2108044
0.2123737
0.2218343
0.2120724
0.2117114
0.1937299
0.2248798
0.2314965
0.2289022
0.2302457
0.2064967
0.2132855
0.2268216
0.2206187
0.2332606
0.2346155
0.2285669
0.2798173
0.2277016
0.2320966
0.2015569
0.1851167
0.2151622
0.2465891
0.2159529
0.2098015
0.2970698
0.2685606
0.2954792
0.3203516
0.2767338
0.2537045
0.2646842
0.2577201
0.2646817
0.2859918
0.2748307
0.2777537
0.2316504
0.267262
0.2677032
0.2649585
0.2483998
0.285083
0.2602373
0.2621925
0.2788256
0.2851564
0.3043469
0.3019704
0.2793865
0.2661712
0.2852885
0.2686513
0.2696554
0.2653376
0.2779105
0.2615061
0.2520185
0.2376618
0.2184383
0.2740606
0.2535294
0.278839
0.2780247
0.2620565
0.2528047
0.2574921
0.2813861
0.2736373
0.2831488
0.2601257
0.2608516
0.2930063
0.2953
0.2707076
0.2740861
0.2688825
0.2789184
0.2575366
0.2581677
0.2520222
0.2607093
0.2598849
0.2465227
0.2417665
0.2671896
0.3119216
0.2681803
0.2560298
0.2694101
0.3047881
0.291618
0.2744704
0.2823635
0.2784682
0.2793784
0.2800542
0.3055018
0.3035939
0.2903958
0.3224636
0.3189476
0.2843738
0.2830994
0.2817554
0.2995674
0.2926063
0.2972222
0.3117684
0.3092644
0.2945567
0.2676786
0.2427733
0.2940187
0.3162069
0.3232497
0.2696555
0.3021265
0.2873006
0.2785167
0.2892528
0.2889488
0.3070239
0.2872415
0.3057919
0.2594109
0.3059316
0.3025502
0.3199722
0.295024
0.3041146
0.3006858
0.2807604
0.2593916
0.2899102
0.2604189
0.2823487
0.3056956
0.2936526
0.327098
0.2935933
0.2886347
0.3208345
0.254764
0.307077
0.2966308
0.2711494
0.2884962
0.2810678
0.2645287
0.2778991
0.2751625
0.2865817
0.272258
0.3074217
0.281071
0.3010447
0.3005587
0.3065668
0.2739223
0.261957
0.2836799
0.2613389
0.2652495
0.3011837
0.302128
0.2737114
0.2829843
0.2918193
0.3003425
0.2646612
0.2544699
0.2933335
0.2891063
0.2849581
0.3012304
0.2707563
0.2812904
0.2498458
0.2849739
0.2508314
0.3048489
0.2917018
0.2914444
0.2738078
0.2761942
0.3067667
0.3215825
0.2509689
0.3049256
0.3084828
0.278923
0.2936166
0.3241487
0.3042831
0.2939812
0.2791569
0.3043799
0.3018617
0.2819996
0.2993559
0.2741133
0.2911482
0.2849552
0.3189938
0.2562505
0.2533013
0.267317
0.2769359
0.2676378
0.2832953
0.256144
0.2672712
0.241802
0.2762245
0.2764392
0.2755294
0.246945
0.2671945
0.2819958
0.2778345
0.2630439
0.2737908
0.2923376
0.2942748
0.2753907
0.2762011
0.2686446
0.2804121
0.2635539
0.2550027
0.2657135
0.2797329
0.266264
0.2683441
0.2532311
0.2447661
0.2563692
0.2838602
0.2659549
0.2665479
0.2568295
0.2858636
0.2488129
0.267767
0.2762829
0.27537
0.2813714
0.2825297
0.2644521
0.2873971
0.2623949
0.2717741
0.2685482
0.2973289
0.2717204
0.2865117
0.2637833
0.2819929
0.311051
0.3142137
0.2871419
0.302669
0.2883473
0.2683712
0.2794589
0.2905188
0.306768
0.297647
0.282452
0.2898074
0.2666956
0.252413
0.2644094
0.2741175
0.2747176
0.3041183
0.2633194
0.2607527
0.2971539
0.3128715
0.2730194
0.2845541
0.2604826
0.2708066
0.2713832
0.2822106
0.2819248
0.3102903
0.2995739
0.307923
0.300196
0.3130716
0.3181629
0.2971553
0.3205004
0.2911441
0.3089224
0.3099213
0.2861189
0.2930505
0.3179457
0.2842322
0.2828653
0.2832716
0.2922553
0.3176759
0.2914715
0.2912468
0.2908126
0.2345314
0.2695147
0.2679141
0.2714916
0.2722417
0.2770326
0.2462906
0.2685316
0.2625005
0.2729324
0.2545455
0.2501912
0.2684726
0.2560285
0.2668303
0.2567429
0.2575008
0.2992711
0.2601053
0.2391986
0.2884059
0.2702753
0.305016
0.2827182
0.276891
0.286154
0.2820643
0.2484172
0.2630807
0.2611024
0.2733835
0.3028582
0.2775122
0.3003653
0.2855483
0.2735064
0.287276
0.2658594
0.2566198
0.2840866
0.2708801
0.2787735
0.250898
0.2811413
0.298622
0.2663413
0.2946105
0.2603025
0.2719166
0.2645736
0.2717609
0.3206855
0.2916357
0.2626927
0.2729783
0.2605017
0.2841101
0.2579736
0.2775449
0.2611785
0.2809585
0.2827451
0.2894783
0.2805427
0.2711337
0.2861599
0.2829432
0.3135428
0.2911798
0.2791767
0.3077091
0.30482
0.2820339
0.310103
0.2992494
0.2994779
0.2868663
0.3054018
0.2850814
0.2879944
0.2856077
0.2816624
0.2891617
0.266726
0.2505282
0.2698093
0.2723991
0.3065693
0.2760358
0.2890468
0.2865976
0.2828356
0.2826071
0.2779324
0.3086483
0.2825508
0.2876336
0.2852848
0.2723004
0.2812038
0.2694464
0.2844398
0.2584178
0.2797342
0.2656367
0.2823757
0.2531514
0.2716694
0.2489505
0.2677978
0.238219
0.2492868
0.2734047
0.2647265
0.2689562
0.254847
0.2639177
0.2967095
0.2447828
0.2652118
0.2658736
0.2586285
0.2716254
0.2763324
0.284977
0.2712328
0.215121
0.2483947
0.2549291
0.2595645
0.2556089
0.2619188
0.2401098
0.2582849
0.2579752
0.2439285
0.2835398
0.2663559
0.2473822
0.2675484
0.2513459
0.2536116
0.2460098
0.2869067
0.2796673
0.2985631
0.2659529
0.2625135
0.2620636
0.2689279
0.2975273
0.2729302
0.2417991
0.2423654
0.2619703
0.2521274
0.2692062
0.2860388
0.2695494
0.2758736
0.2722609
0.2710113
0.2896546
0.344681
0.2918755
0.2637865
0.2580752
0.291267
0.3099493
0.3047853
0.2926807
0.2671425
0.2882036
0.2732759
0.2874529
0.2396585
0.2572017
0.2482418
0.296143
0.2781191
0.2907288
0.262207
0.2812496
0.2900959
0.2720596
0.2713386
0.2453535
0.2916218
0.334397
0.2861211
0.297703
0.2782666
0.2642065
0.2419552
0.2308053
0.2641856
0.2606252
0.2589776
0.2669285
0.2736889
0.2447537
0.2281408
0.2549578
0.269091
0.2673055
0.2513061
0.2675227
0.2833749
0.2886542
0.2607686
0.2563552
0.2819757
0.2797116
0.2734004
0.2884829
0.2941563
0.2765706
0.2813383
0.3035877
0.2941806
0.2568006
0.2312257
0.2567001
0.2915645
0.2831479
0.2508544
0.269001
0.2521177
0.2776484
0.2916576
0.2601689
0.271901
0.2714142
0.258885
0.2618912
0.2611569
0.2506154
0.2566858
0.2416821
0.2583271
0.2560601
0.2567266
0.2580712
0.2486079
0.2776379
0.2504492
0.2504177
0.2527751
0.2573012
0.2471502
0.2593694
0.2602334
0.2504223
0.2594493
0.2421467
0.2593634
0.2553467
0.2566529
0.3009143
0.2569798
0.2627276
0.2631648
0.2610439
0.238149
0.2912833
0.2910887
0.2722002
0.2784187
0.2675499
0.2491241
0.3007457
0.2624736
0.2671645
0.2921142
0.2884255
0.2802423
0.2755811
0.2716753
0.2750296
0.269631
0.2749014
0.2589567
0.2477249
0.2817424
0.2829394
0.2676414
0.2493317
0.2820112
0.2673944
0.2590702
0.2725994
0.2753734
0.2382821
0.259235
0.2680465
0.2712111
0.2942124
0.2594776
0.2402103
0.2921285
0.2948377
0.2624771
0.2914349
0.2768494
0.3017917
0.2310896
0.2436591
0.2769175
0.2775932
0.2957565
0.2695781
0.2617467
0.2701249
0.3012583
0.2752122
0.2834609
0.2503715
0.258753
0.2607045
0.2595484
0.259081
0.2605254
0.2676671
0.248386
0.2747603
0.2641724
0.291369
0.2913033
0.2831055
0.2698287
0.2487115
0.2487899
0.2710587
0.2586294
0.2555046
0.2478527
0.2264792
0.2259898
0.2579045
0.2355672
0.2595591
0.2293209
0.2742077
0.251529
0.2496646
0.2722158
0.248268
0.2765269
0.2699195
0.2703401
0.2546582
0.2677065
0.2853613
0.2649529
0.2720779
0.2746006
0.2694656
0.2632338
0.2715376
0.3025126
0.2682339
0.2783765
0.2907622
0.2755788
0.2706452
0.3296971
0.2712024
0.2724938
0.2566327
0.2436716
0.2576782
0.2564986
0.2722328
0.2901312
0.2693017
0.322372
0.3228919
0.340063
0.346763
0.321259
0.2462839
0.2953677
0.2933663
0.231376
0.2412079
0.2397888
0.2161235
0.2684809
0.2607441
0.2672474
0.2562793
0.2358509
0.2769716
0.2494273
0.2618589
0.226097
0.2609428
0.2078288
0.2344567
0.2239224
0.2090484
0.2365469
0.2158717
0.234778
0.204146
0.2318895
0.2237019
0.2120163
0.228781
0.226917
0.1959391
0.2538328
0.2363929
0.2266435
0.2317999
0.2284691
0.2378936
0.2310299
0.2475227
0.2481924
0.2156298
0.1927891
0.188172
0.1970796
0.2182464
0.1928341
0.2159026
0.207133
0.2067246
0.2291451
0.2534476
0.2116853
0.2357826
0.2455122
0.2204909
0.1903663
0.2273486
0.2434333
0.2226858
0.2174701
0.2549126
0.2094052
0.2195953
0.1918094
0.2158069
0.203988
0.2019957
0.2172934
0.2210109
0.2296296
0.2209983
0.2143877
0.2467594
0.2183429
0.2151781
0.1934861
0.229276
0.2136992
0.2315853
0.1999492
0.2235319
0.2391049
0.2115632
0.2459985
0.2286186
0.1970116
0.1820109
0.17946
0.2086152
0.2003835
0.191207
0.2049068
0.2115488
0.2292672
0.2434231
0.2569091
0.2074632
0.2170792
0.2652822
0.2797028
0.2428437
0.2542508
0.2152222
0.2684177
0.2668519
0.2647023
0.2259058
0.256716
0.2534797
0.2300532
0.2012402
0.2104224
0.2368396
0.2369699
0.273857
0.2455364
0.1851522
0.2218481
0.2459986
0.2581092
0.2211494
0.2495856
0.2345484
0.2387884
0.2377071
0.2176723
0.2233946
0.2465226
0.2251426
0.2253842
0.2400892
0.2487906
0.1898451
0.23823
0.2524607
0.2356418
0.2529797
0.2412043
0.258264
0.255963
0.1836723
0.215656
0.2408237
0.2419088
0.2138428
0.2453591
0.2417946
0.2428595
0.2401183
0.2674299
0.2408579
0.2696884
0.2322104
0.254192
0.2158098
0.2537853
0.2726028
0.2960118
0.2588202
0.2451295
0.2423302
0.2295056
0.2465747
0.2182022
0.2579272
0.2041918
0.16407
0.1833392
0.1550941
0.2125942
0.2018086
0.226481
0.2063694
0.2068648
0.166793
0.2167168
0.187638
0.2026981
0.1876875
0.1955052
0.2107963
0.2445543
0.2122187
0.1995014
0.194828
0.2380681
0.248324
0.2640078
0.2729402
0.2165948
0.2341736
0.206801
0.2302239
0.2219592
0.1705451
0.1862672
0.1627811
0.2035609
0.2088277
0.1917007
0.174077
0.1858234
0.1744873
0.1754742
0.1916993
0.2129928
0.1799445
0.1566945
0.1849377
0.1754286
0.1705714
0.1713186
0.2091735
0.1829891
0.1781931
0.2040436
0.1635273
0.1828875
0.187808
0.1630428
0.1775375
0.1709572
0.1942218
0.1998861
0.19119
0.1906207
0.1638683
0.2581095
0.2104645
0.1973753
0.1848549
0.1917768
0.1903627
0.160905
0.1555248
0.1574097
0.1718365
0.1817032
0.2052966
0.1629874
0.1742095
0.1444374
0.1701808
0.1794793
0.1676015
0.1587006
0.1432847
0.1711989
0.1450509
0.1704361
0.1980986
0.1650618
0.1553398
0.1626431
0.1659646
0.1515718
0.1796478
0.1530911
0.1677742
0.2035809
0.1998
0.178731
0.1949089
0.1794368
0.1885969
0.2148458
0.2354206
0.1930806
0.2274453
0.1854114
0.2378945
0.2280161
0.2465846
0.2294374
0.2015002
0.1993899
0.1859805
0.2026597
0.2015356
0.2045332
0.1950651
0.2528476
0.1848371
0.1662819
0.1617576
0.1734689
0.1468029
0.188243
0.1579941
0.1634196
0.1694695
0.1571585
0.1546391
0.176404
0.1969482
0.1899461
0.2014475
0.2059717
0.1855773
0.1784215
0.1553102
0.1787073
0.1654401
0.1767208
0.1632661
0.1780183
0.1814205
0.157875
0.1860506
0.181923
0.1570399
0.1495759
0.1418292
0.1689742
0.1794697
0.1890549
0.1985937
0.2004616
0.1681896
0.1705818
0.164565
0.1684242
0.1684902
0.192365
0.1614437
0.1844663
0.1787792
0.1933807
0.185717
0.1505719
0.190429
0.1908008
0.1631732
0.1613759
0.2121
0.1771322
0.1848336
0.1788898
0.1549082
0.1576968
0.1744159
0.1582805
0.1811095
0.1647523
0.1577186
0.1631392
0.1801021
0.155054
0.1639437
0.1488405
0.1730805
0.1998023
0.250934
0.2287103
0.274509
0.1959703
0.1804848
0.1920482
0.1746747
0.2184646
0.1852218
0.1846421
0.1705578
0.1535732
0.1701743
0.152908
0.1848783
0.1870479
0.1903492
0.1766503
0.201056
0.1728386
0.1828173
0.2298382
0.1930801
0.1892671
0.1738863
0.1655891
0.1682577
0.1839562
0.2076273
0.1504784
0.1793386
0.1816536
0.1756869
0.1740103
0.1992483
0.1829095
0.2083006
0.196969
0.1975545
0.1709182
0.2052331
0.2203876
0.1897975
0.1714028
0.1670306
0.2055319
0.1770213
0.1597191
0.1582933
0.144686
0.1814074
0.1788149
0.1671492
0.2015983
0.1665273
0.1975652
0.2241247
0.1598374
0.1757725
0.1691042
0.203973
0.1820342
0.2412165
0.1784759
0.1614489
0.1514538
0.1482546
0.1929928
0.1335537
0.1581885
0.1766815
0.1257149
0.1209554
0.1552375
0.1544069
0.1611652
0.1295501
0.1501838
0.1411912
0.1262876
0.1225726
0.160851
0.1792671
0.1473202
0.1652799
0.1471389
0.1944445
0.1851432
0.2051064
0.2186952
0.172096
0.1987557
0.1970481
0.1707874
0.156791
0.1503329
0.1859917
0.2048692
0.1787797
0.1984589
0.1857822
0.1483417
0.1832128
0.1764611
0.1589622
0.1675204
0.177653
0.2073836
0.1621021
0.2030473
0.2082421
0.2036035
0.24782
0.1772295
0.1883872
0.1802337
0.190498
0.2042362
0.2380635
0.1835361
0.1949351
0.1815646
0.199759
0.2276072
0.1932212
0.1891644
0.2031083
0.2327874
0.1965325
0.2174185
0.1958536
0.2342154
0.2012374
0.1874954
0.2003587
0.211138
0.1704642
0.160103
0.1744527
0.2795109
0.2213648
0.234735
0.2362898
0.1743934
0.1980561
0.1895997
0.1384435
0.1848757
0.1965854
0.1731801
0.1911159
0.2110734
0.2029013
0.1922383
0.1789887
0.2164452
0.1681579
0.2162732
0.1635676
0.204624
0.250177
0.1961787
0.239939
0.1548671
0.2492976
0.2613474
0.1959527
0.186791
0.2156075
0.183259
0.1842913
0.1557977
0.2029936
0.1767495
0.1740305
0.1723979
0.181106
0.2213757
0.1683617
0.1744677
0.2125284
0.1776068
0.2037882
0.1962497
0.2184733
0.1804566
0.2160632
0.1621885
0.1861265
0.2856197
0.2582116
0.1936532
0.1915252
0.2023442
0.2318126
0.1731449
0.2040694
0.2326525
0.2047258
0.2304453
0.2384501
0.192542
0.2216612
0.2020172
0.1963769
0.2053209
0.1897807
0.2182141
0.1826642
0.1692048
0.240337
0.1954894
0.1792945
0.2088572
0.1751394
0.2717211
0.1966081
0.1838222
0.2266702
0.1745432
0.2191722
0.201857
0.2201426
0.2099037
0.2153274
0.2346492
0.2182299
0.2180419
0.2324039
0.2204257
0.277943
0.3024027
0.2493095
0.2560151
0.3086354
0.3429134
0.2894641
0.2048645
0.2513754
0.2305274
0.2326441
0.1918915
0.2702094
0.2319433
0.1939446
0.2464665
0.2670872
0.2334672
0.2555725
0.2610869
0.2680472
0.2421513
0.2682436
0.2854715
0.2489632
0.2331812
0.287096
0.2106002
0.2597623
0.2551233
0.2340423
0.2068642
0.2363317
0.2429482
0.3049651
0.2872684
0.2659723
0.2803596
0.2903126
0.2065907
0.2075218
0.2477118
0.2607252
0.3027156
0.2940035
0.2540037
0.2082337
0.2470782
0.2477432
0.2278895
0.2787132
0.2021067
0.209756
0.2104094
0.267217
0.2570816
0.2670696
0.2663113
0.2407319
0.2632661
0.2441176
0.2369572
0.2603869
0.2518632
0.1789901
0.2418551
0.1741318
0.200141
0.2016622
0.1962925
0.1946402
0.2408978
0.2192593
0.2191223
0.2058971
0.1773165
0.2358606
0.2435263
0.1914352
0.1755777
0.2676521
0.1979562
0.1765703
0.2150297
0.2074943
0.2634432
0.2403774
0.2120772
0.1680365
0.2308229
0.219249
0.1829702
0.2163044
0.1691962
0.1992188
0.1824692
0.2170763
0.2469908
0.2184717
0.2167695
0.2098251
0.2513297
0.2903001
0.2053075
0.1882198
0.2177784
0.2147366
0.1720474
0.1498673
0.2483683
0.2145888
0.2661758
0.2479535
0.2066315
0.2467535
0.1894147
0.2081696
0.2370041
0.2312727
0.2514845
0.2484355
0.2934695
0.2735116
0.264543
0.2894003
0.2281947
0.2191146
0.2538549
0.2401939
0.2424827
0.2557858
0.2377448
0.23181
0.2648509
0.2577693
0.2450618
0.2922544
0.2901033
0.2319604
0.2770751
0.2780315
0.293473
0.2717145
0.234414
0.265016
0.2280447
0.2578945
0.2768334
0.2634392
0.2235864
0.2429542
0.1814522
0.2197586
0.2057215
0.2128257
0.2129104
0.2314492
0.239702
0.2647734
0.2257257
0.2312689
0.2180071
0.2035332
0.2171851
0.2784019
0.2825374
0.2631016
0.2343507
0.2188447
0.204662
0.2309022
0.198434
0.1944607
0.232528
0.1887141
0.1960524
0.2017715
0.1926371
0.1787627
0.2312085
0.2387899
0.2332907
0.2366325
0.2160838
0.2356893
0.2211103
0.2243727
0.231347
0.2400154
0.2755257
0.2785744
0.2247636
0.2378979
0.2309777
0.2739027
0.2632521
0.2499716
0.2598468
0.2565784
0.268446
0.2947913
0.257459
0.2466091
0.2109854
0.2248871
0.2437204
0.2147677
0.2367009
0.2133979
0.230507
0.2192973
0.2392915
0.2575266
0.2195861
0.2295322
0.225404
0.2680115
0.2521621
0.2402604
0.2056434
0.2281976
0.2180679
0.1908035
0.2318336
0.2128783
0.1965358
0.2278172
0.2033793
0.190996
0.1862514
0.2167281
0.2533198
0.2290621
0.2319846
0.2273916
0.2490408
0.2101517
0.2404519
0.269341
0.2109815
0.1898744
0.2198596
0.2198273
0.2127922
0.2220348
0.2385844
0.2031519
0.220491
0.2205663
0.2236979
0.2155146
0.2231506
0.2481462
0.2153022
0.2335389
0.2123169
0.2549112
0.2537358
0.2402104
0.2317631
0.2385201
0.2269051
0.2669773
0.2992411
0.2855558
0.3112672
0.2474016
0.2730651
0.2514891
0.288719
0.2842582
0.2427267
0.2233184
0.230107
0.2724443
0.2157124
0.2334977
0.2941068
0.2787641
0.2366433
0.3087276
0.2541668
0.307115
0.2861655
0.2711834
0.2703473
0.2700627
0.233343
0.2482062
0.278929
0.2290071
0.2369854
0.2539977
0.2891005
0.2415687
0.2731821
0.2691512
0.2629904
0.2405198
0.2412171
0.2642801
0.2615276
0.2576522
0.2605453
0.2926447
0.2668104
0.2659047
0.2914367
0.249801
0.2775247
0.2568706
0.2810234
0.2798515
0.281668
0.2673942
0.2474068
0.268402
0.2770482
0.2787253
0.2618805
0.2719599
0.2671329
0.2615428
0.2529698
0.2661838
0.2719906
0.2950971
0.2553379
0.2462116
0.2491603
0.2779338
0.2657905
0.2604247
0.2494669
0.2784743
0.2547219
0.2754093
0.2347382
0.2996266
0.2800432
0.2717273
0.262838
0.2702142
0.2430203
0.2791117
0.2670784
0.24238
0.2828226
0.2592453
0.2844234
0.2895073
0.2774726
0.2815023
0.3022072
0.274188
0.2996599
0.2984958
0.3404169
0.2817371
0.3057487
0.2908146
0.2766655
0.2416282
0.254841
0.2357863
0.2408521
0.2237841
0.2292494
0.2341069
0.2446072
0.2259231
0.1765966
0.1656961
0.1747827
0.1813948
0.1339884
0.1300359
0.1292996
0.1154674
0.1462484
0.1278568
0.1280852
0.141133
0.1645577
0.1844653
0.1815418
0.1685395
0.1759189
0.2056563
0.2228248
0.2057693
0.1839236
0.2373547
0.1915064
0.1932229
0.2623647
0.2038206
0.2425527
0.22882
0.2276457
0.2046583
0.1985746
0.2150154
0.1740463
0.2001467
0.217518
0.1923798
0.1711518
0.1608543
0.1814799
0.1828779
0.190599
0.1947898
0.2028832
0.1923534
0.178347
0.1987866
0.1565664
0.1380051
0.1180959
0.1470594
0.1509553
0.1192829
0.1950686
0.1973646
0.1239215
0.1291466
0.1432505
0.120602
0.1279587
0.1340549
0.1430481
0.1316745
0.1351171
0.1579333
0.1459511
0.1634264
0.1502002
0.1506692
0.1621348
0.1392053
0.1664492
0.1628421
0.1342824
0.1548015
0.1142677
0.1287182
0.1663787
0.1442329
0.1559649
0.1661958
0.1429647
0.1713552
0.145456
0.1449689
0.1203882
0.141479
0.1639249
0.1471422
0.1254333
0.1704451
0.1792086
0.1697952
0.1424107
0.1629966
0.1454372
0.1608996
0.1549338
0.1322014
0.1232132
0.1364615
0.1399725
0.1559883
0.143388
0.1307294
0.1508035
0.1477721
0.1539177
0.1380639
0.1424182
0.1693839
0.1702715
0.1676539
0.1845873
0.1526473
0.1631443
0.1418568
0.1901856
0.1842415
0.1857642
0.1666584
0.1498839
0.1560338
0.1648667
0.143919
0.1551088
