0.1246694
0.1544246
0.1326479
0.1355471
0.1456732
0.137778
0.1553719
0.1545198
0.1396564
0.1440309
0.1480477
0.140748
0.174931
0.144798
0.1537017
0.1463326
0.1594301
0.1338986
0.1518726
0.1644418
0.15434
0.1880418
0.1620932
0.1887177
0.1649393
0.171287
0.1336156
0.166031
0.1273253
0.1565236
0.1628031
0.161661
0.1573328
0.1720311
0.1533026
0.1346556
0.1566801
0.1764522
0.1923502
0.1547582
0.1598806
0.1525369
0.1603051
0.1338259
0.1798118
0.1627346
0.1501017
0.1331524
0.1687475
0.1706477
0.1628814
0.1519863
0.1580917
0.1768294
0.1618353
0.1358066
0.1834864
0.1371951
0.1717811
0.1872901
0.1477199
0.1522345
0.1593691
0.1726845
0.1874256
0.1634501
0.1638065
0.1572668
0.1637396
0.1441098
0.1429118
0.1525909
0.1698486
0.1361183
0.1311141
0.1706842
0.1460629
0.1754869
0.1354577
0.1354478
0.1688385
0.137319
0.1374184
0.1681312
0.1747682
0.1590729
0.1623926
0.1717043
0.1779131
0.1463675
0.1330606
0.1492358
0.1796075
0.1542631
0.1814885
0.1654026
0.1514669
0.1719211
0.1683621
0.1630515
0.1699718
0.1481107
0.172162
0.1726055
0.1602146
0.1637411
0.148885
0.1633143
0.1823964
0.1660454
0.1725362
0.203227
0.1608188
0.1696647
0.160264
0.1524256
0.2056854
0.1401421
0.1430228
0.1615789
0.1660108
0.2033912
0.1822127
0.1472644
0.1684994
0.1715827
0.1643572
0.1613103
0.1884148
0.1594124
0.194488
0.2014991
0.1800318
0.2055974
0.1980223
0.1605736
0.1900861
0.1965612
0.1893093
0.1795421
0.1487595
0.1680538
0.1972478
0.1809738
0.1889642
0.1385772
0.1839884
0.1341764
0.158147
0.1489066
0.1808781
0.1744964
0.1577489
0.1560368
0.1618773
0.1786908
0.1622797
0.1943503
0.2022451
0.1681194
0.1596686
0.1661156
0.1660102
0.1804171
0.172535
0.1791539
0.1635471
0.1667773
0.2114995
0.1816365
0.1670289
0.1911641
0.190007
0.1786827
0.1982183
0.1838406
0.1823434
0.18255
0.1772516
0.2182982
0.2037854
0.1881881
0.1506093
0.2076128
0.1764716
0.165668
0.1930137
0.1799033
0.1416105
0.1971877
0.1802337
0.1830562
0.175024
0.1692004
0.2032799
0.1861154
0.1815037
0.1760467
0.1929113
0.1481804
0.1610528
0.1424618
0.1715436
0.1484935
0.1640355
0.1701687
0.1877475
0.1789211
0.189941
0.1724548
0.1720732
0.2009362
0.1978187
0.1676982
0.1807353
0.1481239
0.1629802
0.1572166
0.1575353
0.1538734
0.1738464
0.158704
0.1566305
0.1609383
0.1518908
0.1884902
0.1789312
0.1737318
0.1887846
0.1806289
0.1505923
0.1674436
0.1370248
0.1678547
0.1718262
0.1645916
0.1652892
0.1723848
0.1625712
0.1735306
0.188388
0.1615018
0.1364406
0.169852
0.1705822
0.1706136
0.1612205
0.1179418
0.1643888
0.1444608
0.1532856
0.1505186
0.1451919
0.1491651
0.154596
0.1843366
0.171307
0.1523917
0.169396
0.1818058
0.1716181
0.1772835
0.1543827
0.1544749
0.174145
0.1538577
0.1594285
0.1743053
0.1489189
0.1724561
0.1626508
0.1594819
0.1463906
0.1879244
0.1762418
0.1754505
0.1755196
0.1484184
0.1533947
0.1555747
0.153482
0.1743622
0.1485141
0.1552273
0.1531082
0.1606218
0.1589221
0.1742531
0.1441999
0.1596372
0.1466298
0.1419661
0.1156265
0.1347088
0.1627112
0.1718482
0.1869932
0.1614029
0.1662681
0.1286329
0.1854799
0.1400302
0.1532181
0.1532572
0.1596166
0.1741095
0.1612115
0.1754498
0.1484753
0.1556265
0.1703096
0.1705897
0.179309
0.1586829
0.1636348
0.1586001
0.1641497
0.1459717
0.1915969
0.1766816
0.1701069
0.1716366
0.1573286
0.1417785
0.1342657
0.1505902
0.1702774
0.1507539
0.1542037
0.1544652
0.1340757
0.1471045
0.1605121
0.1163719
0.1630232
0.1228762
0.1376267
0.1515813
0.1704345
0.1782266
0.1276078
0.1435685
0.158592
0.1375587
0.156378
0.1422866
0.1356331
0.1422155
0.144212
0.1202434
0.1594345
0.1432933
0.1519043
0.1550524
0.1479525
0.171186
0.172533
0.1674151
0.1234484
0.1367253
0.1772887
0.1573408
0.1585137
0.166996
0.1651587
0.1463702
0.1304707
0.1611064
0.1607741
0.1318134
0.1581787
0.1521292
0.147908
0.1566191
0.1447085
0.1441506
0.1586123
0.150306
0.1546181
0.1629815
0.1387134
0.1568908
0.1240023
0.1304567
0.1589482
0.1457576
0.1805945
0.1683308
0.1584129
0.1664091
0.1883314
0.139153
0.1380753
0.1459337
0.1556211
0.1396073
0.1600103
0.1583314
0.155014
0.1685929
0.1526637
0.1468617
0.1653576
0.1683367
0.1570718
0.1606099
0.1503964
0.1622451
0.1656012
0.1645294
0.1605238
0.1386349
0.1623021
0.1629344
0.1715277
0.1294577
0.1389264
0.1658066
0.1625254
0.1567221
0.1235207
0.1340756
0.1230865
0.1687839
0.1555174
0.1576868
0.1447767
0.1425494
0.1433581
0.1520625
0.1365447
0.1400897
0.1429125
0.1444812
0.1360322
0.1485752
0.1539359
0.1448445
0.1614069
0.1298263
0.1590112
0.1393331
0.1490783
0.1351495
0.1381252
0.1378997
0.1243096
0.1601854
0.1412811
0.1318008
0.123035
0.1496724
0.1543426
0.1518781
0.168918
0.1830805
0.1577496
0.1459644
0.1419682
0.1568407
0.1672105
0.1604626
0.1423822
0.1684764
0.1654207
0.1720555
0.1508
0.1642544
0.1679053
0.149195
0.1704498
0.1470659
0.1508363
0.1566742
0.1593078
0.1472569
0.1453793
0.1452903
0.1448895
0.1617429
0.1682252
0.1438861
0.1414192
0.1747065
0.1522268
0.1556911
0.1759582
0.1668336
0.1439954
0.1635977
0.1509368
0.1583723
0.159435
0.1564572
0.1595525
0.1564187
0.1526459
0.1780779
0.1711168
0.1308192
0.1519058
0.1609307
0.1776322
0.1473911
0.1453781
0.1672232
0.1693384
0.1747754
0.1709464
0.1403584
0.1542976
0.1478147
0.135585
0.1590997
0.1478131
0.1498266
0.1371419
0.168351
0.1678157
0.1630908
0.1867328
0.1693043
0.146295
0.1475596
0.1846981
0.167267
0.1644832
0.1690521
0.1769319
0.1633907
0.1758019
0.1714793
0.1651881
0.1810163
0.1550606
0.1621474
0.1502053
0.1860914
0.1674218
0.1645391
0.1459714
0.1251292
0.1605222
0.1547229
0.1645333
0.1428047
0.1561127
0.1483994
0.1597422
0.1392647
0.1503297
0.1467301
0.1671354
0.1459632
0.1486339
0.1522059
0.1502738
0.1667314
0.1706766
0.1615109
0.1588014
0.1517349
0.1705573
0.1579186
0.1675247
0.1704135
0.169
0.1579312
0.1603071
0.1459552
0.174516
0.1602626
0.175552
0.1609337
0.1888848
0.1881996
0.1572577
0.1601569
0.1754936
0.1561795
0.1515337
0.1545209
0.1492851
0.1794544
0.144292
0.1638576
0.1524831
0.1576412
0.1652704
0.163429
0.1762789
0.2268914
0.2504218
0.1922985
0.2154453
0.2220384
0.2275891
0.1772355
0.2385604
0.2329584
0.2735856
0.2387209
0.2436656
0.2278881
0.2291286
0.2329221
0.201674
0.2283905
0.2425254
0.2387136
0.2213756
0.2362345
0.2425374
0.2203568
0.222539
0.2398143
0.2013009
0.25975
0.2163882
0.2100293
0.2498432
0.2417975
0.2365345
0.2487694
0.2723136
0.2207876
0.2410303
0.2463308
0.2374385
0.2474672
0.2483018
0.2291026
0.2532721
0.232593
0.2155423
0.2260332
0.251258
0.2281564
0.2427927
0.2595968
0.2252636
0.2550857
0.2635759
0.2614754
0.2332533
0.2383892
0.2582642
0.2503814
0.237143
0.2387609
0.2236953
0.2307836
0.2550964
0.2227743
0.2376693
0.2611815
0.2867202
0.2420027
0.2256063
0.2505186
0.2550449
0.2637275
0.2438597
0.2257012
0.2659891
0.2287964
0.2280854
0.2426227
0.2564175
0.2641189
0.2692808
0.2281622
0.2325021
0.2536158
0.2460677
0.2392406
0.2138448
0.2635185
0.2519654
0.2706097
0.2751652
0.2885372
0.2725543
0.278526
0.2757725
0.2942231
0.2591749
0.2822472
0.3061725
0.2777117
0.2943136
0.2453857
0.2312862
0.2850623
0.2924256
0.2911395
0.2673657
0.2706545
0.2846277
0.2899328
0.2946386
0.3231628
0.2810439
0.286941
0.3000054
0.3040717
0.3243967
0.2907513
0.2609976
0.2744583
0.2536294
0.249713
0.260497
0.2530445
0.2718807
0.2894909
0.2677468
0.3060442
0.3017727
0.3219591
0.3151846
0.2886896
0.3012942
0.3041649
0.2726142
0.2943764
0.2673432
0.2551457
0.276016
0.2551467
0.2290209
0.2547427
0.2326767
0.2454105
0.2644003
0.2214223
0.2636434
0.2581502
0.2686074
0.2571647
0.2463063
0.2683397
0.2739744
0.2579778
0.2753496
0.2263871
0.2738612
0.2711311
0.2744835
0.2754258
0.2724153
0.2863461
0.2751952
0.310407
0.3111606
0.2825381
0.2831802
0.2552147
0.2454503
0.2595788
0.2467078
0.2927911
0.2534156
0.2981593
0.2937554
0.2995089
0.2763185
0.2949213
0.3191928
0.2785344
0.2693096
0.2851027
0.2836632
0.2911082
0.2571306
0.3401822
0.3118124
0.2517559
0.2920552
0.2882425
0.2953051
0.2873776
0.2616015
0.2571808
0.2895838
0.2962878
0.2673465
0.2711606
0.2319954
0.2460049
0.2786161
0.2509922
0.2687204
0.30499
0.2704596
0.2790524
0.2760313
0.2977194
0.2899357
0.2704967
0.2771016
0.2725405
0.2634396
0.252455
0.2694631
0.2792195
0.277086
0.2684879
0.2605639
0.2519557
0.2741148
0.2254245
0.2837718
0.2537304
0.2663867
0.2559066
0.2595309
0.256146
0.2827958
0.2724884
0.2804073
0.2919536
0.2796091
0.2516297
0.2608253
0.2918947
0.2669473
0.2431036
0.2673064
0.2350499
0.2455462
0.248675
0.2312487
0.2373708
0.2457727
0.2356127
0.2874084
0.2499107
0.2489989
0.2858013
0.2694067
0.2400194
0.2744248
0.2743554
0.2737221
0.2849713
0.3067497
0.2859885
0.2753465
0.296695
0.2944853
0.3082188
0.2723712
0.2960659
0.3009104
0.2970322
0.2843772
0.2860923
0.2822177
0.2978548
0.2725098
0.2478241
0.2963045
0.2733456
0.2491663
0.2593738
0.2231843
0.209994
0.2355266
0.228385
0.2458796
0.2028221
0.225882
0.2192638
0.198402
0.2456956
0.1891561
0.2404187
0.2468558
0.2493669
0.2570309
0.2305057
0.2600079
0.2226651
0.236917
0.2490271
0.2294423
0.238529
0.266329
0.272233
0.2587327
0.2666107
0.2199135
0.2282241
0.2157158
0.2666541
0.2337869
0.2672512
0.2894525
0.279006
0.2995768
0.2845634
0.292605
0.2692618
0.2895598
0.2707306
0.2322572
0.2494244
0.3041861
0.274855
0.2773633
0.2982816
0.2536564
0.2689865
0.2604851
0.2700132
0.2290539
0.2069088
0.2658618
0.2308847
0.2638757
0.2419911
0.2489634
0.2567318
0.2224424
0.2715045
0.2594709
0.2100737
0.2304638
0.2329687
0.2203185
0.2444551
0.2546457
0.2403171
0.2699904
0.1988487
0.2540298
0.2203119
0.260122
0.2780062
0.2556123
0.2483982
0.2429751
0.2134834
0.2347312
0.2382662
0.2554235
0.251793
0.2110016
0.216143
0.2253665
0.2071974
0.2098053
0.2292841
0.2252984
0.2428826
0.2655378
0.2444282
0.2330333
0.2213666
0.2446849
0.2190226
0.2250698
0.2005637
0.2042322
0.2261866
0.2098653
0.2499485
0.2383551
0.2462425
0.2606537
0.2427497
0.2636436
0.2548896
0.2675825
0.2427399
0.2150298
0.2513733
0.2547582
0.2545587
0.225037
0.2492907
0.2513967
0.2250917
0.2106407
0.2468432
0.1986086
0.2142116
0.2837442
0.2584809
0.2943484
0.2965959
0.2827094
0.2622311
0.255552
0.2659978
0.2353786
0.2688575
0.264383
0.2337634
0.2504405
0.3000141
0.2994695
0.2694748
0.2793358
0.2774848
0.2676637
0.2763745
0.298342
0.2675101
0.2620462
0.3238551
0.2623518
0.2723501
0.2240946
0.2916481
0.2836402
0.2714089
0.2645881
0.3030833
0.2724071
0.2572913
0.2722805
0.2596729
0.2852951
0.302988
0.2771151
0.2513121
0.273956
0.2796654
0.251589
0.2782178
0.2672595
0.2797793
0.2851626
0.255969
0.3001528
0.2783333
0.2911777
0.3018013
0.274368
0.2991695
0.3165964
0.2977978
0.2938914
0.2818663
0.2747929
0.2826377
0.2666382
0.2691389
0.2952648
0.2798738
0.2649981
0.2457322
0.297295
0.2753479
0.259391
0.2345578
0.2631857
0.2757765
0.2747692
0.2668904
0.2762513
0.289011
0.2889574
0.2870479
0.2800433
0.2923076
0.2792318
0.2983751
0.2867194
0.3039566
0.281948
0.2812549
0.2722459
0.2982558
0.2679572
0.2646088
0.2414237
0.2603266
0.2803724
0.2973462
0.3056807
0.2863302
0.2787592
0.3071027
0.2907671
0.2907856
0.2925515
0.265306
0.2779402
0.2958016
0.2878275
0.273314
0.281675
0.2275761
0.2642773
0.2819817
0.2705646
0.2794956
0.2809551
0.261516
0.2318358
0.2620528
0.2440931
0.2339155
0.2225852
0.2290043
0.2253186
0.2631809
0.2778883
0.2302134
0.2270029
0.2420982
0.2429561
0.2665231
0.2612981
0.2752241
0.2354433
0.2120622
0.2020485
0.2144949
0.2383904
0.2255593
0.2295517
0.2171099
0.2365622
0.2108165
0.2015018
0.2208932
0.2428765
0.1956081
0.2341512
0.2215287
0.2138558
0.2300541
0.2082624
0.2583211
0.2344445
0.2023853
0.2113771
0.2087429
0.2220869
0.21782
0.2224876
0.2118403
0.2406697
0.2489008
0.2276372
0.2279088
0.220251
0.232941
0.2104578
0.2193182
0.208909
0.2265745
0.2183531
0.2341171
0.232628
0.2369572
0.2587513
0.2877441
0.2493131
0.2714112
0.2372315
0.2847162
0.315193
0.2739314
0.2930356
0.2463933
0.2785306
0.2583565
0.2281273
0.2536994
0.2679596
0.2576534
0.2840472
0.3050378
0.2719774
0.2177083
0.2582892
0.2872357
0.2993842
0.3166187
0.3104931
0.2814612
0.233269
0.221158
0.2699561
0.3134049
0.2509803
0.3126144
0.2784104
0.3545608
0.344801
0.3349939
0.3025737
0.3196131
0.2941451
0.2497651
0.2591103
0.281051
0.2681627
0.2939599
0.2531987
0.2345674
0.2848535
0.2884252
0.3094983
0.2726319
0.2964332
0.2887997
0.291086
0.2882951
0.3343387
0.3051679
0.3295471
0.3046156
0.3187948
0.3179983
0.3274438
0.3075002
0.3129953
0.2982795
0.3053122
0.3041475
0.3142379
0.3373803
0.3020393
0.3020242
0.3437718
0.3127341
0.2819877
0.2938896
0.2977833
0.2677212
0.2654431
0.2735535
0.2931097
0.31451
0.3024198
0.2823586
0.3149516
0.3094898
0.2919905
0.2683735
0.303023
0.295203
0.2991643
0.3075725
0.2893618
0.3474563
0.3073875
0.2623593
0.292387
0.29924
0.29699
0.3098232
0.2897762
0.260173
0.2637847
0.2390084
0.2671524
0.2506339
0.240381
0.2428453
0.2623809
0.2466811
0.2411604
0.2522043
0.2809898
0.2953613
0.28834
0.286002
0.2766315
0.2850696
0.3398842
0.2996184
0.3036079
0.3243744
0.3113062
0.3333203
0.2834438
0.3703141
0.2811842
0.3107958
0.31121
0.2828974
0.311644
0.3153568
0.2875806
0.2670096
0.3349538
0.298853
0.2905315
0.298014
0.2987407
0.3025321
0.2954486
0.3245873
0.3050967
0.3153887
0.2851601
0.2663789
0.2622749
0.2528945
0.2742984
0.2646463
0.2728267
0.2988725
0.297389
0.2579242
0.2956294
0.2878726
0.2846142
0.2926894
0.2623607
0.2905132
0.2991487
0.3223162
0.3138633
0.3296952
0.3149622
0.31758
0.3013443
0.331607
0.2720671
0.282924
0.3043024
0.3189856
0.3597529
0.3479161
0.3167098
0.3636925
0.3594898
0.2971831
0.3112089
0.3087345
0.2855743
0.30823
0.2675641
0.248816
0.286822
0.2533234
0.2889094
0.3107634
0.2867734
0.2739407
0.3294421
0.2857263
0.2935084
0.2865866
0.2803676
0.2923472
0.2778006
0.2791451
0.3309667
0.3109074
0.3240436
0.2959023
0.345638
0.3225271
0.2915173
0.2694547
0.3081882
0.2689088
0.2639088
0.2733199
0.2518689
0.231801
0.2688106
0.2690696
0.2153738
0.2092746
0.2668164
0.2464171
0.2318677
0.2372974
0.2622985
0.2481486
0.2630497
0.2758466
0.2823837
0.2625553
0.2540659
0.2520836
0.2210994
0.2379513
0.2544459
0.2671771
0.2746255
0.2348387
0.224064
0.234432
0.2085339
0.2049435
0.2473448
0.2688265
0.2783943
0.2355869
0.2511405
0.2657108
0.2469608
0.2666469
0.2824678
0.2999958
0.2512723
0.2432428
0.2443942
0.2582182
0.24719
0.213787
0.2413931
0.2152111
0.219171
0.2482546
0.2666328
0.2819328
0.2405123
0.2266773
0.2178776
0.2500769
0.2390098
0.2397032
0.2182936
0.2489084
0.2118752
0.2430807
0.2596723
0.2073332
0.2587992
0.2428846
0.2144022
0.2241608
0.2436856
0.2139933
0.228685
0.2282438
0.2272353
0.2353321
0.2403648
0.2414574
0.3135001
0.2435713
0.231406
0.2586882
0.229662
0.2404301
0.287822
0.2661719
0.2305129
0.2543271
0.2624656
0.2365744
0.2326557
0.2447013
0.2654018
0.2545943
0.2860244
0.2865569
0.281685
0.3209436
0.2767228
0.2785082
0.2519725
0.2725798
0.2039492
0.2174073
0.242406
0.2714077
0.232109
0.2939298
0.2651425
0.2531941
0.2806259
0.261205
0.3034863
0.2616238
0.2569778
0.2584309
0.2432228
0.2387528
0.2655605
0.2459282
0.2364805
0.2084059
0.2425266
0.2152865
0.2315214
0.2476611
0.2795849
0.2847432
0.2691915
0.2477397
0.2431913
0.2422191
0.2606128
0.274859
0.2738768
0.2154201
0.2688397
0.2610545
0.2511888
0.2555679
0.2657035
0.2739837
0.2297507
0.2346064
0.2639014
0.2560613
0.2585289
0.2513272
0.2648554
0.2718059
0.2345
0.2576143
0.2251849
0.2715997
0.2677707
0.2183046
0.252942
0.254523
0.2509424
0.2379463
0.2364068
0.2280598
0.2320908
0.218484
0.2154737
0.2292494
0.2180322
0.2245966
0.2305719
0.2113486
0.202463
0.1837987
0.2204783
0.2392732
0.2593093
0.2534562
0.2342278
0.2116894
0.205631
0.1986269
0.2128728
0.209744
0.1986713
0.1948051
0.2086105
0.1971045
0.2452371
0.2282153
0.2227595
0.2202443
0.2186489
0.228617
0.2386254
0.2147496
0.223831
0.2322408
0.2702272
0.2638898
0.2527797
0.2646439
0.2659727
0.2474983
0.2316095
0.251924
0.2398851
0.2115888
0.2437273
0.2145696
0.2279634
0.2484602
0.2331943
0.2364335
0.2362714
0.2206123
0.2041444
0.2429469
0.2223654
0.2712223
0.250233
0.2300535
0.2532603
0.2725151
0.214934
0.1983943
0.2204135
0.2274514
0.2701517
0.1925188
0.2075842
0.24066
0.2442827
0.2079997
0.232934
0.2326311
0.2497909
0.2550856
0.220099
0.2353688
0.2479962
0.2577067
0.3136878
0.2761971
0.2891591
0.2900001
0.2635619
0.2726934
0.2459249
0.2833962
0.2775806
0.2498568
0.2776503
0.2590354
0.2532045
0.2875704
0.2593777
0.2788256
0.2690597
0.2699956
0.2580671
0.2413084
0.2468937
0.2970486
0.261741
0.2852711
0.2825895
0.2922911
0.2615682
0.2351738
0.2281232
0.2861123
0.2357394
0.2453974
0.2153599
0.2468912
0.2315671
0.2227562
0.2299514
0.2431136
0.2332859
0.2084607
0.2071999
0.2521856
0.2803251
0.2516049
0.2224871
0.2810389
0.2661257
0.2799888
0.2532648
0.241198
0.2301081
0.266029
0.2469525
0.2514404
0.2743704
0.2695416
0.2596775
0.2643774
0.261593
0.2483288
0.2624541
0.2928492
0.2716424
0.273886
0.2994223
0.2705595
0.2500345
0.2501239
0.2755169
0.2669413
0.2525675
0.231721
0.2956853
0.2740919
0.2091345
0.2254905
0.2348753
0.2243789
0.1994424
0.2251318
0.2293374
0.206632
0.2428415
0.2197624
0.2336179
0.2281117
0.265944
0.2419569
0.243325
0.2895141
0.2799833
0.2736995
0.2536016
0.2623678
0.219221
0.2748201
0.2522396
0.2876206
0.2915095
0.2725444
0.257439
0.2846225
0.2780252
0.2824025
0.2601048
0.2883416
0.266681
0.2930707
0.3121077
0.2916288
0.2682551
0.2599826
0.2565199
0.266591
0.2616228
0.2906093
0.266822
0.2763141
0.2774122
0.2386666
0.2398221
0.2413092
0.2532524
0.2609032
0.2734995
0.2482052
0.2912237
0.2731996
0.2868622
0.2505417
0.2828824
0.2480512
0.2551029
0.2550658
0.2781346
0.2461114
0.2687632
0.2636804
0.2641124
0.2703259
0.2592581
0.3020619
0.2861615
0.2735707
0.3119126
0.2706427
0.2811752
0.2760748
0.296434
0.2955251
0.2762595
0.2806428
0.3113922
0.3005271
0.2477814
0.2631479
0.2744845
0.2706591
0.2742744
0.2684226
0.2772411
0.2578819
0.2715005
0.2464601
0.2916929
0.2866948
0.2630079
0.2616063
0.2488528
0.2952096
0.2922731
0.3007151
0.2534065
0.2363289
0.2672529
0.2308136
0.2250669
0.2200104
0.2122339
0.2247484
0.2309847
0.2997973
0.2213559
0.2086201
0.2440637
0.290551
0.2731288
0.2871628
0.2871369
0.2817486
0.2730015
0.2779808
0.2833361
0.261609
0.2808548
0.2768554
0.291074
0.2716656
0.2570447
0.2809967
0.3254993
0.2692129
0.2884648
0.2804101
0.264229
0.3121522
0.2943066
0.314734
0.3180549
0.3016316
0.2683852
0.2999116
0.27175
0.3052103
0.2466666
0.3094155
0.3180678
0.2923819
0.3082599
0.2935373
0.2689254
0.2487859
0.2806041
0.2859899
0.2642872
0.2504646
0.2722305
0.2477584
0.2630775
0.2647436
0.2390847
0.2358076
0.2537224
0.2128151
0.2499356
0.2300789
0.2304633
0.2122932
0.2200174
0.2391953
0.2503901
0.266956
0.245045
0.3009765
0.2963728
0.3014531
0.2814555
0.2887064
0.2737123
0.2502234
0.2918605
0.254068
0.308062
0.2481124
0.2943579
0.2854067
0.310374
0.2606977
0.2383278
0.2378956
0.2784131
0.2684712
0.2742397
0.2470453
0.2878557
0.3326867
0.2685987
0.2685091
0.27787
0.3085419
0.2542867
0.2668178
0.3082999
0.2882965
0.2857578
0.2742502
0.2767841
0.2141173
0.2338955
0.2448392
0.274229
0.2804352
0.2722239
0.3065891
0.269846
0.2405809
0.258451
0.2619407
0.2424529
0.2961176
0.2744527
0.2951789
0.286263
0.262977
0.2444989
0.2477064
0.260689
0.2377708
0.2706061
0.2550433
0.2823788
0.2511391
0.2745566
0.2688255
0.2871467
0.2688855
0.2590295
0.252156
0.2744758
0.2460172
0.2985487
0.2389455
0.2245857
0.2054671
0.2273661
0.1790199
0.2138694
0.2108639
0.2065943
0.2045456
0.1837057
0.2187244
0.2101004
0.2014306
0.2332992
0.230691
0.2282147
0.2331932
0.2202421
0.2566095
0.232888
0.2370498
0.2323077
0.2766021
0.3147106
0.3590208
0.3361415
0.3548239
0.2622693
0.2213659
0.2268596
0.2425559
0.2483444
0.2475242
0.2529671
0.2343261
0.3096479
0.2746284
0.274386
0.2616073
0.3123044
0.3183478
0.3072666
0.2952974
0.3101671
0.3219462
0.2905326
0.3045133
0.3150595
0.3311353
0.292587
0.2833224
0.2480817
0.2962339
0.2807282
0.2649455
0.2330784
0.2303607
0.2562399
0.2487354
0.2572825
0.2387594
0.2466349
0.2532494
0.2526101
0.2308478
0.2739017
0.2747162
0.2973257
0.24981
0.2536158
0.2765454
0.2689348
0.3100229
0.2556559
0.260861
0.2780383
0.3088359
0.2579937
0.2728196
0.3004634
0.254939
0.2240665
0.2632945
0.2382389
0.2959062
0.2557404
0.2229761
0.2467151
0.2599747
0.2735306
0.2416272
0.2837681
0.3126518
0.2711791
0.2872003
0.2704173
0.2643748
0.2674965
0.2725534
0.2648253
0.2757435
0.2596608
0.2598247
0.2597396
0.310587
0.239315
0.2232932
0.2462624
0.2644835
0.2915796
0.2816291
0.2682594
0.2377671
0.2357444
0.2586732
0.2148194
0.2270837
0.2431297
0.2482378
0.2571993
0.2171155
0.2221423
0.2422007
0.2433876
0.2356612
0.1986439
0.2518745
0.2234225
0.230864
0.2311678
0.2189268
0.2097375
0.2416178
0.2642898
0.2465686
0.2266472
0.2219502
0.2339894
0.2101518
0.2453623
0.2042521
0.2335206
0.2212379
0.2204041
0.2050593
0.1952162
0.2069679
0.2481032
0.2138559
0.2139737
0.2396823
0.2262417
0.2442968
0.2619987
0.2541873
0.1960097
0.2455499
0.2787676
0.2293287
0.2278739
0.2361406
0.2482893
0.2722036
0.2406172
0.2380241
0.2305657
0.2671205
0.2517932
0.2502301
0.2426733
0.2337099
0.2448772
0.2733221
0.2588138
0.2153498
0.2397864
0.2293077
0.1964444
0.2238261
0.2171022
0.2339519
0.2396509
0.2265989
0.2418296
0.2428574
0.2199521
0.2430524
0.2195274
0.1973762
0.2236415
0.2529328
0.2346668
0.2252482
0.1773434
0.1984807
0.2106146
0.2225786
0.2036888
0.2870049
0.276079
0.3038916
0.2123378
0.2257808
0.2504883
0.2397842
0.235958
0.2274495
0.2177754
0.2556746
0.2551002
0.2414587
0.2605898
0.2691824
0.2191228
0.2519501
0.2389233
0.2468519
0.2140799
0.2264435
0.2258943
0.2207983
0.2424426
0.2294513
0.2632635
0.265202
0.2516562
0.2687739
0.2696072
0.2629094
0.2773569
0.2688519
0.2307557
0.2442594
0.262512
0.2305735
0.2159
0.1927019
0.2129503
0.2608697
0.2492414
0.2265372
0.2429313
0.2576917
0.2348256
0.2632762
0.2954618
0.2373767
0.2429799
0.2680878
0.2564178
0.2681438
0.2454951
0.24807
0.2642053
0.3242323
0.2389171
0.277672
0.2572118
0.2395001
0.3100629
0.2650431
0.2630526
0.2653728
0.2587129
0.2348448
0.2554484
0.2419798
0.3027239
0.3160624
0.2838188
0.3025827
0.270557
0.3179224
0.3045691
0.2899676
0.3285921
0.3205175
0.277335
0.2720937
0.2653319
0.258673
0.2231352
0.2296465
0.2454495
0.2598314
0.2538083
0.2370898
0.2449139
0.2753897
0.2768994
0.2602973
0.2874148
0.2689061
0.2657106
0.2683587
0.2798727
0.2392526
0.2819305
0.2781712
0.2875115
0.2810614
0.3076208
0.3069329
0.2917865
0.3138876
0.2995902
0.3148241
0.2884101
0.2807237
0.3101424
0.2943985
0.2898081
0.3165669
0.3325005
0.3269306
0.2939967
0.3211858
0.3134203
0.3140073
0.2908567
0.2792163
0.3585177
0.3718357
0.3286053
0.3058125
0.2771215
0.2723191
0.271787
0.3126717
0.3075405
0.2859802
0.264818
0.3142691
0.2959086
0.3372525
0.2801888
0.3246594
0.296191
0.2965766
0.3041658
0.2641918
0.2798477
0.3398815
0.2747941
0.280174
0.3432654
0.3239166
0.3354857
0.3048475
0.3200304
0.3406115
0.3272919
0.2986993
0.3136813
0.3457105
0.3302403
0.3005182
0.3370093
0.2912916
0.3537431
0.335868
0.3351857
0.2896265
0.3039808
0.3108289
0.3100627
0.3318602
0.3075737
0.3453223
0.2941695
0.3170237
0.3278275
0.2903137
0.2948871
0.3021139
0.2493508
0.2751375
0.2945752
0.3173577
0.3219665
0.36784
0.298217
0.2819621
0.2914712
0.2692285
0.2821344
0.312264
0.2899322
0.3283456
0.3111317
0.272035
0.2794403
0.2664172
0.2938842
0.2847826
0.3199887
0.3438516
0.3139249
0.302891
0.2745723
0.2734413
0.2905858
0.2801439
0.3041992
0.2836557
0.3136602
0.3142439
0.3126548
0.2917335
0.292597
0.3042162
0.2985131
0.2868649
0.3073631
0.2715435
0.3188575
0.2697594
0.2650548
0.2833063
0.3370218
0.2845649
0.2684944
0.2783892
0.3289963
0.2725821
0.2874619
0.2778548
0.2887541
0.3169864
0.2911007
0.2941656
0.2918143
0.2598756
0.2974257
0.2833764
0.3091305
0.3003584
0.288426
0.2634619
0.3032299
0.3316054
0.3210601
0.2379226
0.3062972
0.2665797
0.2792822
0.2646929
0.2519655
0.2522139
0.2585953
0.2338134
0.2728369
0.2423419
0.2631238
0.252189
0.2406629
0.2175426
0.2256731
0.2258243
0.2312181
0.2460343
0.2125683
0.2300328
0.2299682
0.2558398
0.2512663
0.2482283
0.2294455
0.2614151
0.2732508
0.2557199
0.2443623
0.2426755
0.2516519
0.2702648
0.3079219
0.300238
0.3071081
0.2990537
0.2950171
0.3411691
0.2545996
0.2724107
0.2589515
0.2466411
0.3018308
0.2950247
0.2736653
0.2846036
0.2557605
0.2895053
0.2737718
0.2431384
0.2312609
0.2489221
0.2527432
0.2450139
0.2516387
0.2505825
0.242865
0.2481517
0.2942538
0.2999514
0.2709729
0.2602514
0.2614304
0.2465622
0.2633606
0.243286
0.2558343
0.2285471
0.2229955
0.2127245
0.2191259
0.2363376
0.196924
0.2336859
0.2364054
0.2133522
0.2338353
0.2277407
0.2550738
0.2737502
0.2513944
0.2300924
0.2457724
0.2611203
0.2179414
0.2168576
0.261783
0.2628579
0.2510922
0.2843387
0.2675574
0.3181582
0.2401502
0.2604477
0.242964
0.2449443
0.245488
0.2758757
0.2556264
0.2715779
0.2458291
0.2888831
0.2442952
0.2402225
0.2759807
0.2999722
0.2735527
0.2903277
0.2858683
0.2630074
0.2781799
0.2583718
0.2710543
0.2662663
0.2397269
0.2758673
0.2108862
0.2346449
0.2418398
0.2482672
0.2178635
0.2366465
0.2549922
0.2492579
0.2395749
0.2192778
0.2300737
0.2156654
0.175624
0.2232134
0.2591781
0.2399569
0.2434612
0.2170032
0.2357412
0.2091426
0.2626897
0.2974029
0.2589993
0.3011098
0.2538045
0.2886298
0.2628196
0.2733577
0.2791784
0.285548
0.3252312
0.3249455
0.2862978
0.3215295
0.286068
0.3209823
0.2991862
0.289824
0.2642237
0.2978818
0.2702045
0.2906969
0.2602029
0.2811849
0.3377095
0.3059152
0.2822372
0.3137661
0.2637769
0.2713722
0.2919798
0.2759117
0.2482389
0.2662298
0.2593101
0.3075931
0.244798
0.305795
0.2338985
0.2571445
0.241826
0.2336884
0.2471959
0.2462802
0.2803815
0.2506571
0.2765831
0.2683877
0.2602129
0.2735324
0.2744724
0.2636399
0.2720664
0.2682725
0.2454647
0.292134
0.273446
0.2796642
0.2873085
0.2782559
0.3201621
0.2714359
0.2848723
0.2763274
0.252422
0.2833938
0.2637795
0.2623203
0.2689582
0.2663293
0.213075
0.2492836
0.2688914
0.2893947
0.2616453
0.2521131
0.2261822
0.2454689
0.2405826
0.2263901
0.2262015
0.2493646
0.2422578
0.2288478
0.249381
0.2703601
0.2235266
0.2686427
0.2311078
0.2245635
0.2418671
0.2237601
0.222912
0.1839592
0.1888591
0.2215336
0.2383868
0.2245264
0.2404458
0.2169629
0.2714393
0.2302133
0.2155034
0.2305709
0.2255645
0.2155178
0.2276245
0.2467204
0.2302055
0.2538267
0.2473854
0.2617645
0.2520928
0.2459405
0.2548232
0.2646638
0.2605559
0.2836737
0.2367363
0.26682
0.2482819
0.2530538
0.2645091
0.2466271
0.2137922
0.2891469
0.2858995
0.3042413
0.2346423
0.252417
0.2192202
0.2090923
0.229059
0.249304
0.2420885
0.2799868
0.2626163
0.2202039
0.2847671
0.2696926
0.2560758
0.2601199
0.277301
0.2566777
0.2522077
0.240759
0.2598515
0.2476168
0.2496652
0.2484074
0.2732895
0.2527591
0.2623596
0.2476446
0.2085808
0.2500753
0.2405712
0.2360952
0.2570921
0.2628819
0.2752288
0.2227354
0.2344853
0.2270666
0.2299753
0.2420153
0.2782899
0.2579215
0.2541069
0.235686
0.2543907
0.2453755
0.2978668
0.2419656
0.259505
0.2317666
0.2661139
0.2494657
0.2537108
0.2308058
0.2423525
0.275044
0.2612973
0.2371021
0.2633911
0.2313469
0.2206973
0.2432362
0.2303935
0.2083712
0.2356322
0.2355821
0.2588752
0.2536192
0.2336741
0.2425669
0.2421552
0.214753
0.2445873
0.2302628
0.2425056
0.2591112
0.2485733
0.2704344
0.2543853
0.2516219
0.2374631
0.2532612
0.2462816
0.2430319
0.2483897
0.2509904
0.2757131
0.2633851
0.2219634
0.248091
0.3049322
0.252777
0.2636756
0.258523
0.2456311
0.2840198
0.2571617
0.2686663
0.2774489
0.2544811
0.2899553
0.3051578
0.2993653
0.317406
0.2953975
0.3140382
0.3183863
0.3325667
0.2944346
0.3187714
0.302812
0.2908958
0.2604669
0.2696015
0.2728979
0.2715605
0.3131047
0.2739255
0.3158689
0.303187
0.3182074
0.2744973
0.3142135
0.3087567
0.2989039
0.2857439
0.3062052
0.2841133
0.2653704
0.2783123
0.2886136
0.2755
0.2936798
0.3112193
0.2907175
0.3719773
0.2953737
0.3121819
0.2519706
0.3080226
0.2895119
0.2763543
0.2984813
0.2947954
0.2841585
0.2874829
0.3438822
0.3418756
0.363488
0.3472601
0.3269231
0.3776319
0.3332493
0.3637168
0.2914115
0.3378623
0.282628
0.3097063
0.3103381
0.3001069
0.2968839
0.2804627
0.2717319
0.261095
0.2373873
0.2627109
0.2994825
0.2769963
0.2682551
0.2834605
0.2902831
0.2750374
0.269639
0.2551101
0.2694128
0.289373
0.3077989
0.2819938
0.2961878
0.2974306
0.2752681
0.2719037
0.2610675
0.2612967
0.2740373
0.2791859
0.2799797
0.2704855
0.2683091
0.2898912
0.2842571
0.2530724
0.2604131
0.2965582
0.286351
0.26463
0.2533781
0.3187474
0.2863055
0.3214711
0.278428
0.2606639
0.2831623
0.3045049
0.2801381
0.3354126
0.2709573
0.3092258
0.2758978
0.2778939
0.2775811
0.2760646
0.297353
0.3116755
0.318745
0.2805077
0.3366555
0.3050774
0.2984365
0.2967753
0.3052812
0.3004492
0.3319855
0.3031615
0.2877628
0.3210666
0.3160997
0.2959432
0.3177715
0.2783946
0.3022406
0.2890578
0.2813779
0.2953162
0.2937098
0.3058837
0.2981385
0.3310037
0.3168822
0.3081744
0.3216893
0.2931111
0.2818033
0.3002133
0.2969354
0.2900947
0.316521
0.2855361
0.2553881
0.2811532
0.3050396
0.2809446
0.2971507
0.2800756
0.2663055
0.3187773
0.2944202
0.2768401
0.297733
0.3093579
0.2824334
0.271198
0.2695036
0.2510399
0.3002603
0.2614286
0.2942975
0.2821818
0.2547338
0.2586685
0.2715246
0.2554238
0.2611473
0.2616463
0.3251335
0.2659051
0.3207997
0.334409
0.298224
0.298829
0.3240697
0.2914335
