0.0683778
0.0883358
0.1262694
0.1057208
0.0986902
0.1144988
0.1270887
0.0825726
0.1403474
0.0964017
0.0952422
0.1004424
0.0933458
0.1140699
0.1231109
0.1500597
0.1283476
0.1374382
0.1317543
0.1539149
0.1177331
0.1153581
0.140907
0.1404349
0.1085869
0.1001086
0.0975238
0.1193818
0.1094722
0.1180372
0.1423468
0.1642292
0.1336912
0.1473243
0.1164444
0.1119656
0.1129399
0.1149136
0.0989276
0.103398
0.1102762
0.1179305
0.1076371
0.1089227
0.1040031
0.1093024
0.1190094
0.0762157
0.1024269
0.0748089
0.0818816
0.1165916
0.1095449
0.098923
0.0929295
0.0826718
0.0876962
0.087357
0.0833211
0.0943138
0.0836364
0.0854615
0.1010805
0.1044865
0.1090158
0.0896785
0.1109404
0.1003343
0.0856111
0.1077036
0.0681703
0.0826809
0.0933686
0.083826
0.0978802
0.0974291
0.0648274
0.071166
0.0814071
0.0789959
0.0796645
0.0734636
0.0778825
0.1155055
0.0857731
0.1019256
0.1018898
0.1111625
0.0893568
0.0886726
0.0821566
0.0807038
0.0714838
0.0883977
0.0869257
0.0816221
0.0974958
0.0803243
0.0948625
0.105618
0.0925287
0.0982073
0.1107918
0.0638685
0.0880506
0.0770375
0.0828406
0.0816668
0.0816197
0.0711132
0.0647071
0.0953865
0.0771902
0.0872263
0.0950808
0.0770017
0.0800721
0.0734435
0.0687208
0.0879754
0.0976266
0.0997816
0.1112342
0.1299201
0.0874605
0.0975526
0.099821
0.0970912
0.0880966
0.0768392
0.0939264
0.111462
0.0987816
0.1138812
0.1330882
0.1099348
0.1220358
0.1098576
0.1010608
0.1200247
0.1063172
0.1296556
0.1152398
0.0995191
0.1180412
0.1079357
0.0917541
0.1042115
0.1143714
0.1141357
0.0860101
0.113616
0.1066302
0.1253279
0.1128919
0.1251637
0.0996392
0.09668
0.1074095
0.0986746
0.0850354
0.099143
0.1114905
0.1029067
0.0771877
0.1245191
0.1227927
0.1174366
0.1170846
0.0801998
0.1085826
0.0967678
0.1232056
0.1128467
0.0962035
0.0992054
0.1021779
0.1033337
0.0998116
0.105449
0.0919293
0.0773212
0.0935745
0.0862538
0.0617703
0.1027431
0.0878829
0.0766309
0.0827106
0.0863792
0.1040369
0.0788109
0.090455
0.0955978
0.0907498
0.1034643
0.1409563
0.1328834
0.11337
0.1266542
0.1209036
0.1076437
0.1133595
0.107797
0.1060479
0.0949982
0.0944223
0.1072341
0.1031486
0.1223201
0.1276145
0.1229661
0.1228413
0.119139
0.1340766
0.1136411
0.1136361
0.1470316
0.1055688
0.1086652
0.1325797
0.1414478
0.1316604
0.1218388
0.1385816
0.1172603
0.1372763
0.1219294
0.1317071
0.1509402
0.1259332
0.1573605
0.1497746
0.1336162
0.1266582
0.1261675
0.1030585
0.083422
0.1261249
0.1357384
0.1278512
0.0943367
0.0968598
0.1449459
0.1301179
0.1504563
0.1477622
0.1398714
0.1448203
0.1338938
0.1155401
0.1171097
0.104694
0.1050341
0.1196153
0.1343832
0.0938803
0.1142323
0.0789044
0.1133644
0.1097938
0.1148032
0.0868003
0.1049335
0.1283639
0.074901
0.1049528
0.1252507
0.0909575
0.0994569
0.0906009
0.0886215
0.0796175
0.1061154
0.1052577
0.0824184
0.1025182
0.1107595
0.0924738
0.1062163
0.1060541
0.0920119
0.0886296
0.0888851
0.1037474
0.0885174
0.0915848
0.098824
0.0904517
0.1037733
0.097534
0.0912026
0.0937368
0.0691769
0.0907731
0.0799914
0.0923633
0.1137356
0.0923293
0.0945774
0.0958301
0.0725594
0.0837633
0.1062487
0.0959674
0.0580923
0.069215
0.0790386
0.0752434
0.0846556
0.0825453
0.0921161
0.0553716
0.0656198
0.0626571
0.061138
0.0734949
0.0737285
0.0591712
0.0718627
0.0795313
0.0886857
0.0714702
0.0911896
0.0834986
0.0723768
0.079419
0.0744738
0.0761627
0.0819004
0.0799441
0.0779454
0.0798806
0.0863066
0.0827789
0.1002332
0.0779286
0.0646317
0.0639959
0.0720542
0.0833281
0.0654133
0.0762898
0.0772812
0.0767397
0.0723097
0.084993
0.0722699
0.0848215
0.078703
0.0703662
0.0789403
0.0727146
0.0881103
0.0839765
0.0816591
0.0904527
0.0889763
0.0682278
0.0861888
0.0886609
0.0781373
0.0684682
0.075538
0.0976983
0.0882287
0.0980235
0.0811884
0.0888333
0.0734132
0.0865486
0.0975511
0.0764373
0.0869196
0.0830578
0.0839615
0.0969716
0.0864804
0.0895224
0.1033511
0.0894684
0.0940291
0.1179276
0.0785256
0.0937003
0.0759157
0.0764315
0.0937226
0.0854382
0.0828001
0.078485
0.0906922
0.0968125
0.0877284
0.0762379
0.0910453
0.0835176
0.0983241
0.1065386
0.0921457
0.105512
0.1077789
0.079782
0.0871948
0.1155086
0.1164011
0.0924873
0.1061863
0.0955951
0.0900766
0.0791755
0.0787448
0.1073987
0.0894569
0.0938173
0.0843177
0.093908
0.0943047
0.0924628
0.0996575
0.0899809
0.0965797
0.0965918
0.095706
0.0959495
0.1067073
0.0994497
0.0937539
0.0992195
0.10108
0.0845224
0.105768
0.0786098
0.112511
0.0918656
0.0884878
0.0986759
0.1030385
0.0795622
0.0975095
0.0829076
0.0996317
0.1098669
0.0889981
0.1020372
0.1034731
0.1056641
0.0849597
0.1026369
0.0877584
0.1057862
0.1029853
0.0775503
0.0967568
0.0835716
0.0956147
0.0826302
0.0915461
0.0827771
0.0850364
0.0951987
0.0704187
0.0839679
0.0757997
0.0654153
0.0668659
0.0735087
0.0735156
0.0728829
0.0737323
0.0804502
0.0623748
0.0857585
0.0950411
0.0692697
0.0791133
0.0627926
0.062198
0.0770224
0.0813623
0.0815038
0.0702935
0.1022288
0.080561
0.1016375
0.0827976
0.0738291
0.0702239
0.0756348
0.0837803
0.0938883
0.0832074
0.1008171
0.116336
0.0855907
0.0896092
0.0750078
0.0743497
0.083733
0.0878364
0.0912773
0.0983686
0.0932256
0.0797981
0.0835086
0.0787819
0.0737059
0.0875265
0.086374
0.0590921
0.0856826
0.0785905
0.081496
0.096844
0.1026908
0.0941262
0.0835714
0.0831377
0.0918771
0.0726754
0.0938306
0.0827686
0.077784
0.0911714
0.083006
0.0832992
0.0850943
0.0928632
0.0780753
0.0941549
0.0963257
0.1255984
0.0913334
0.0882444
0.1003968
0.0956582
0.0905992
0.0861284
0.0942696
0.0844599
0.1033532
0.0825544
0.0947792
0.079961
0.08785
0.07538
0.0997439
0.0970507
0.0918196
0.1031142
0.1044126
0.1091048
0.1088417
0.1407847
0.1211479
0.1248631
0.1224914
0.1033494
0.0891276
0.1026101
0.1135902
0.0999208
0.0895536
0.111251
0.1089778
0.1080923
0.0932196
0.1067193
0.0982278
0.0989324
0.1012688
0.117097
0.1010941
0.1146654
0.0980096
0.1246052
0.1208517
0.0934318
0.0926901
0.0987137
0.0997047
0.0839375
0.0959009
0.124548
0.1278129
0.1453853
0.1076714
0.0936697
0.0895342
0.0962586
0.085474
0.0812602
0.0992582
0.1108552
0.0940994
0.0845821
0.0924845
0.0968953
0.0869636
0.1461693
0.1488742
0.1029775
0.1256663
0.1190328
0.0755512
0.0741902
0.110216
0.0887422
0.0880025
0.130217
0.1089129
0.0938882
0.0923898
0.1150495
0.1024686
0.1167066
0.1209702
0.1075078
0.1078153
0.1483839
0.1354012
0.1268447
0.0999192
0.1132716
0.1069814
0.1181426
0.1091453
0.0993065
0.093816
0.1022584
0.0836449
0.1113298
0.1216139
0.1347394
0.1194489
0.1311639
0.1158339
0.1527511
0.132389
0.1204312
0.108602
0.132297
0.1137453
0.1334744
0.1133442
0.1244677
0.1334476
0.1403315
0.1396448
0.1211252
0.1218929
0.1235154
0.122217
0.1033182
0.1015679
0.1147172
0.1282197
0.1283805
0.0842182
0.1549414
0.137243
0.1373514
0.1296888
0.1645203
0.1260741
0.143958
0.1480917
0.1229878
0.1279108
0.1483272
0.1519762
0.1400232
0.1024773
0.1189643
0.1013386
0.1165057
0.1345169
0.1467355
0.1408501
0.1266315
0.1643974
0.1369587
0.1385657
0.1563403
0.1709553
0.144438
0.1313287
0.1831025
0.1469242
0.1645171
0.1507304
0.1766689
0.1834856
0.1553475
0.1496357
0.146
0.1878482
0.1644382
0.158841
0.1496158
0.1660737
0.2001384
0.2155157
0.1611259
0.1699659
0.1952671
0.1988464
0.1721494
0.1950846
0.17576
0.171258
0.1611011
0.172416
0.1769783
0.1817486
0.1966225
0.1599803
0.1581508
0.1615906
0.1657281
0.1708075
0.179062
0.1541115
0.1723118
0.152386
0.1599714
0.1465922
0.1564763
0.1768759
0.1771989
0.182768
0.1781776
0.1384233
0.164577
0.1685108
0.1813607
0.1731771
0.1809176
0.1683974
0.1731057
0.1912146
0.1919998
0.1772903
0.1880324
0.1770817
0.2053934
0.1668218
0.1739726
0.1905288
0.1929653
0.1452255
0.132046
0.1388522
0.1342249
0.1507678
0.150579
0.2008742
0.1527986
0.1426957
0.1476398
0.1464398
0.1262344
0.1378439
0.1302833
0.1378381
0.1442109
0.1065534
0.139269
0.1924287
0.1804555
0.1725784
0.1508963
0.1743858
0.175638
0.1688977
0.145261
0.1843673
0.1654854
0.159318
0.1294935
0.1319865
0.1238265
0.1420281
0.1851213
0.156216
0.1285634
0.1292929
0.1518883
0.1408327
0.1296707
0.127508
0.1297824
0.1019532
0.1480105
0.1172799
0.1494001
0.1444655
0.1149855
0.1483067
0.1338767
0.1216378
0.1136802
0.1248899
0.0957762
0.1346834
0.1164634
0.0976886
0.141181
0.1162716
0.1227958
0.1410399
0.1272791
0.1261765
0.1271645
0.1142582
0.1296654
0.1380929
0.1645314
0.1328649
0.1590167
0.1240884
0.1222817
0.13302
0.1343629
0.1466992
0.1106591
0.1155959
0.1266415
0.1377583
0.1230398
0.1250578
0.1319027
0.1260614
0.162683
0.1427961
0.1242339
0.113723
0.1551892
0.1268676
0.1412616
0.1394335
0.1236855
0.1032381
0.121424
0.1377097
0.1394167
0.1469625
0.1327904
0.1045137
0.1293292
0.1144524
0.1208101
0.1322639
0.1581819
0.1347063
0.1347079
0.1320996
0.1379532
0.1538981
0.1534975
0.1576267
0.1624162
0.176572
0.153638
0.1440579
0.1634431
0.1436945
0.1301728
0.1517387
0.1498444
0.1372279
0.1350288
0.1430836
0.1585349
0.1570778
0.1352607
0.1423519
0.1387388
0.1246265
0.1602589
0.1646518
0.1560723
0.1739305
0.149499
0.1381167
0.1573126
0.1398508
0.1660998
0.1341804
0.1553549
0.1664701
0.1682898
0.1444066
0.1366463
0.1722153
0.1493495
0.1402791
0.1574271
0.1495455
0.1488197
0.138621
0.1314083
0.1568169
0.1413723
0.1601109
0.1202397
0.1348015
0.1474926
0.1478034
0.1501522
0.1633295
0.1728814
0.1507099
0.1521667
0.1451562
0.148408
0.1365797
0.1287833
0.1421638
0.1434799
0.1607466
0.1654768
0.1587417
0.129656
0.1434858
0.1348944
0.146512
0.1172948
0.1294059
0.1639283
0.1030449
0.126737
0.1022648
0.1184823
0.143889
0.1270124
0.1300803
0.1377714
0.1476895
0.1437609
0.1339151
0.1341325
0.1350907
0.1192531
0.1499836
0.1413546
0.1604016
0.1440292
0.1429949
0.1569919
0.1726313
0.1515905
0.1447725
0.1317716
0.1197082
0.1338205
0.1382668
0.1493631
0.1416756
0.1482863
0.1605051
0.1683677
0.1491565
0.1479497
0.1655894
0.1510621
0.1443348
0.160907
0.1650464
0.1232579
0.1133164
0.1254087
0.1415042
0.1616168
0.1637993
0.1532556
0.1555986
0.1629608
0.1579805
0.1542968
0.1479458
0.1471394
0.1263536
0.1349118
0.1455876
0.1405316
0.1716323
0.1366749
0.1456647
0.1854146
0.1355872
0.1687872
0.1656568
0.1460805
0.1400117
0.1250924
0.1361243
0.1073921
0.1239269
0.1499192
0.1295527
0.1476209
0.1180938
0.1164714
0.1469957
0.1521791
0.1453895
0.1483661
0.1334696
0.1401946
0.1452052
0.1556171
0.1687966
0.1619741
0.1421531
0.1285762
0.1063351
0.1305861
0.1148075
0.1353651
0.129591
0.1354198
0.130878
0.122985
0.143246
0.0954585
0.1217128
0.1408878
0.1302292
0.145474
0.1571264
0.1498278
0.1938083
0.1614139
0.1816666
0.1580607
0.1565715
0.1484618
0.1279258
0.1486702
0.1651002
0.1444698
0.1188178
0.133479
0.1448988
0.1434455
0.1504923
0.147146
0.1320252
0.1379012
0.1388759
0.1482937
0.1770591
0.140277
0.1314947
0.12416
0.1493099
0.1532085
0.1517088
0.1217815
0.1427057
0.1366365
0.1416373
0.1317805
0.1312973
0.1322828
0.1308424
0.1364844
0.1570875
0.1466466
0.1670604
0.1443942
0.1252564
0.129348
0.1168441
0.1294798
0.1370498
0.1401908
0.1576777
0.1473486
0.1467609
0.1696627
0.1546504
0.1644148
0.14512
0.1519041
0.1469136
0.1424193
0.1303543
0.1049634
0.1515464
0.1377913
0.1521351
0.1281143
0.1539975
0.1545269
0.1279077
0.1267436
0.1396213
0.1452125
0.1540823
0.1558072
0.1334125
0.1429156
0.1575582
0.1380913
0.1447427
0.1350326
0.1520204
0.1426573
0.1403579
0.1566196
0.1364104
0.1462964
0.1293024
0.1673761
0.1335386
0.1411423
0.1253426
0.1454835
0.144933
0.1400867
0.1628101
0.1450265
0.1697232
0.1735055
0.1635137
0.1650925
0.1358238
0.1074524
0.1366292
0.1667495
0.1422514
0.1657189
0.1517431
0.1414655
0.1522318
0.1504611
0.1255538
0.0955909
0.1234348
0.1142905
0.1107729
0.1246782
0.118835
0.1232351
0.1127243
0.1290191
0.1127174
0.1004055
0.0956654
0.1065478
0.1298319
0.1141502
0.1393415
0.1125314
0.1000673
0.1192352
0.1244382
0.1277047
0.1312542
0.1282587
0.1409112
0.1212001
0.1202003
0.1215791
0.1364341
0.1281326
0.1259301
0.1235726
0.145149
0.149812
0.1144086
0.140037
0.1296252
0.1247159
0.1503146
0.12751
0.1310794
0.1263637
0.1419883
0.1570408
0.1229578
0.1321921
0.1201697
0.1203022
0.1286435
0.116409
0.1050206
0.1209393
0.096351
0.1308113
0.1319526
0.1211192
0.1083353
0.1246378
0.1446082
0.1258638
0.1295174
0.1569398
0.1156513
0.1516314
0.1732155
0.1425155
0.1417231
0.1401401
0.1487062
0.150186
0.1517673
0.1712953
0.1316675
0.1320129
0.1533293
0.1204296
0.1547662
0.1461772
0.1699255
0.1276728
0.1415533
0.1377051
0.1624454
0.1387653
0.1292692
0.158924
0.1401968
0.1526133
0.1504098
0.1347755
0.1484152
0.1493474
0.1520435
0.1485733
0.1645792
0.1423401
0.131422
0.1629104
0.1470444
0.1698683
0.1459005
0.1495056
0.1188931
0.108008
0.1258765
0.1456833
0.1361004
0.1542868
0.1519038
0.161569
0.1649508
0.1612244
0.1442563
0.1456363
0.1943848
0.16013
0.1532
0.1546415
0.1633178
0.145583
0.1602072
0.1420026
0.1456944
0.1500477
0.1246786
0.1560976
0.1363464
0.1389091
0.1327815
0.1511492
0.1170619
0.1205419
0.1404251
0.1202542
0.1677597
0.1269616
0.1401751
0.1231422
0.127299
0.1317052
0.1378532
0.141642
0.1437641
0.1653506
0.125886
0.1370938
0.120109
0.0989349
0.0980486
0.1145736
0.1328874
0.1267044
0.1351456
0.1176153
0.1247958
0.1361115
0.1379963
0.1178751
0.1131535
0.1299741
0.1274031
0.1401181
0.1338156
0.1194665
0.1160602
0.1351278
0.1473462
0.1323122
0.1244428
0.1364891
0.1333839
0.1445246
0.1610089
0.1144743
0.0849413
0.1406401
0.1126499
0.1114545
0.1204419
0.1122223
0.1294011
0.1281347
0.1143248
0.093628
0.1189545
0.1189495
0.1542067
0.1434053
0.1325563
0.1503545
0.1006982
0.119025
0.1184076
0.1291608
0.1316072
0.1260866
0.1344318
0.1460596
0.1224832
0.1422751
0.1491597
0.1493983
0.1307133
0.1702254
0.1503867
0.1323961
0.1526237
0.1472406
0.140761
0.122497
0.1619016
0.1502951
0.1362601
0.1583385
0.158393
0.1646893
0.155871
0.1465678
0.1420194
0.1311789
0.1441211
0.1361829
0.0986306
0.1188269
0.1217198
0.1224596
0.1160451
0.1464667
0.1253707
0.1332574
0.1207712
0.1471131
0.1415402
0.1256582
0.148704
0.1370587
0.130675
0.1057421
0.1279161
0.1157561
0.1345792
0.1225782
0.1191446
0.1012287
0.1356712
0.1330547
0.1172985
0.1262158
0.1132055
0.1331865
0.1328318
0.1385535
0.1413476
0.1368481
0.1239042
0.1020215
0.1126338
0.108151
0.0869711
0.1014516
0.1481753
0.1362339
0.1107955
0.1044002
0.1245759
0.1202862
0.122396
0.1489592
0.1326841
0.1334544
0.1110026
0.1101528
0.1198697
0.136679
0.1401907
0.1212727
0.137255
0.1283448
0.1223148
0.1224135
0.140596
0.1201516
0.104983
0.1322319
0.1092939
0.127815
0.1309333
0.1347907
0.129288
0.1177747
0.125339
0.1272577
0.1376315
0.1259857
0.1234563
0.1235852
0.132861
0.1398869
0.125963
0.1157629
0.1400159
0.133731
0.1504661
0.1556535
0.1436432
0.1307398
0.1294941
0.1549227
0.1412632
0.142698
0.1400913
0.1301231
0.1117691
0.1136743
0.1375609
0.0931849
0.1111248
0.1292496
0.1054106
0.1250185
0.1487783
0.1283588
0.1309255
0.1578621
0.1576842
0.1642252
0.1402472
0.1496758
0.1488103
0.1367219
0.1535947
0.1627447
0.1357895
0.1141372
0.1530327
0.1376672
0.1368477
0.139249
0.1503438
0.1598353
0.2016837
0.1483173
0.1409934
0.1845465
0.146179
0.1108962
0.1075777
0.1053257
0.124682
0.1154337
0.1137821
0.1246214
0.1215625
0.1411102
0.1522171
0.1571097
0.1386016
0.1454167
0.1161942
0.1277551
0.1126112
0.119742
0.1268236
0.1480259
0.1245987
0.1277423
0.1297083
0.1406267
0.1275583
0.0921927
0.110115
0.1452376
0.1348364
0.1132803
0.1126876
0.1057048
0.1129694
0.1353489
0.1423734
0.1185926
0.1233173
0.1375565
0.1354311
0.1673012
0.1327814
0.1426768
0.1395956
0.1457777
0.1198371
0.1032751
0.1179013
0.1245606
0.1370989
0.1300929
0.14677
0.1528114
0.1147784
0.1307299
0.1345348
0.1046641
0.1029102
0.1253638
0.1424329
0.1308559
0.1491105
0.1373463
0.1277612
0.1356659
0.1198488
0.1227359
0.1269655
0.137682
0.1332555
0.1321029
0.1394693
0.1280003
0.1223822
0.1450417
0.1338751
0.1139207
0.1172296
0.1222592
0.1267979
0.1567982
0.1407359
0.1527775
0.1143526
0.1261713
0.1395238
0.1443063
0.1110071
0.1286182
0.1177135
0.1119608
0.1347749
0.110124
0.115443
0.1137689
0.143153
0.1318103
0.1385392
0.1321218
0.1212954
0.1368888
0.1291579
0.1494065
0.165662
0.1359208
0.1752737
0.1269446
0.1569325
0.1235543
0.1213426
0.1101087
0.1262961
0.1310058
0.1013546
0.1252981
0.11902
0.1409018
0.119734
0.1349694
0.1121063
0.1172186
0.1164282
0.1010556
0.1247212
0.1344924
0.1230136
0.1416824
0.1419422
0.10122
0.1313168
0.1018543
0.1469494
0.1223718
0.1247814
0.1034597
0.1071153
0.1084827
0.116638
0.1170509
0.0998642
0.1513679
0.1213161
0.1787287
0.1183285
0.1093311
0.1207081
0.1292896
0.1280598
0.1240706
0.1130608
0.1197627
0.1344642
0.119296
0.1237305
0.1346409
0.1155495
0.1495778
0.1193908
0.1742131
0.1503447
0.1406668
0.1503099
0.1353826
0.1342302
0.125222
0.1388254
0.1566475
0.1358572
0.1424081
0.1159285
0.1050347
0.1100855
0.1059776
0.1046506
0.1177334
0.1392303
0.1516115
0.0979989
0.1136595
0.1284915
0.1256929
0.1047184
0.1347013
0.1045683
0.1467638
0.1154471
0.1361494
0.1163279
0.1184813
0.1312909
0.1344083
0.1274913
0.169797
0.1499197
0.113935
0.1522717
0.1427199
0.1263576
0.1358181
0.1308515
0.1021246
0.1203871
0.1191611
0.1532118
0.1502666
0.1683037
0.1833116
0.1386024
0.1492483
0.1376075
0.1477869
0.1743311
0.1513468
0.1589189
0.1376838
0.139547
0.1811297
0.1388641
0.115991
0.1175054
0.1289253
0.1589612
0.1480929
0.1476803
0.1788854
0.181079
0.1722752
0.131968
0.1318721
0.137346
0.1384895
0.1230594
0.1660454
0.1408075
0.160993
0.1350566
0.1219653
0.1347957
0.1173668
0.1291438
0.1296556
0.1230796
0.108909
0.1151356
0.1116942
0.0912638
0.0887228
0.1124189
0.1152181
0.0884973
0.0989856
0.1161476
0.1171189
0.125963
0.1346015
0.0999073
0.1614233
0.1224926
0.1037652
0.1191705
0.1678043
0.1267532
0.0929552
0.0948418
0.1093926
0.1034709
0.1538165
0.1294695
0.1018521
0.1136366
0.1114198
0.1032337
0.1202664
0.158306
0.1484735
0.127386
0.135774
0.114433
0.1246258
0.1274664
0.1499622
0.149968
0.1173367
0.1218621
0.1284022
0.1510563
0.1352005
0.1191242
0.0989417
0.1278321
0.131466
0.11677
0.1607012
0.1234709
0.1181672
0.1067289
0.1323462
0.1605752
0.1449596
0.1792232
0.1903321
0.1716625
0.1538291
0.1611078
0.1167625
0.1794137
0.1643143
0.174726
0.1731659
0.1722775
0.1625687
0.1709951
0.1483991
0.1584978
0.1964716
0.1643403
0.1751406
0.1637683
0.1986427
0.1676813
0.1431857
0.1447112
0.1441086
0.1558835
0.15116
0.1433254
0.1757009
0.1667088
0.1569264
0.1631911
0.1499572
0.1522695
0.1290446
0.1486962
0.1237565
0.1413835
0.1262743
0.1097346
0.1412959
0.1576593
0.1438646
0.1623004
0.1746283
0.147293
0.1134658
0.1153236
0.1352522
0.1504352
0.1205993
0.1577469
0.169737
0.1491447
0.1374388
0.1746297
0.1405856
0.1026422
0.1136617
0.1107326
0.1299963
0.1296077
0.1000525
0.1264932
0.1209868
0.1012893
0.1094856
0.1244269
0.0957374
0.1087179
0.1297599
0.1336953
0.1125474
0.137959
0.1173657
0.158034
0.1398327
0.1145434
0.1285098
0.1252908
0.1152128
0.0818173
0.1112449
0.1110203
0.1250498
0.1257263
0.1335066
0.1231942
0.1275422
0.1214366
0.1389739
0.1313879
0.1082844
0.1459233
0.123059
0.1484352
0.1264734
0.1382916
0.1140193
0.1280831
0.1246686
0.1074701
0.1184565
0.1336841
0.1136353
0.1383672
0.1267384
0.1377228
0.1332588
0.1053891
0.1049785
0.1097355
0.1011032
0.1022758
0.1278093
0.1384355
0.1325638
0.1106553
0.1192819
0.1050723
0.1375746
0.1195512
0.1358231
0.1025526
0.0817315
0.0844688
0.1375389
0.1070581
0.1263269
0.1156671
0.138663
0.1164742
0.1280734
0.1143736
0.1230245
0.1075006
0.0954978
0.0963475
0.1038137
0.0895696
0.1120124
0.1230498
0.1304698
0.0856431
0.0935356
0.0859786
0.1032971
0.1288201
0.1124295
0.10645
0.1387832
0.0992654
0.0982347
0.1204543
0.119976
0.1275096
0.0923118
0.0973249
0.0998747
0.1274724
0.1234103
0.1076306
0.116487
0.1005058
0.1172252
0.1412308
0.1261638
0.1298127
0.1129923
0.1008159
0.1179815
0.1179632
0.1251224
0.111666
0.1068389
0.1061016
0.0833485
0.1050218
0.0970121
0.1128476
0.1180586
0.1210948
0.0884278
0.1217392
0.1020504
0.1157871
0.1202523
0.1176505
0.1050419
0.103239
0.0911948
0.1058752
0.0939075
0.1428584
0.113763
0.0932429
0.1095965
0.1005994
0.1018595
0.09888
0.1012322
0.1254141
0.1074966
0.1147609
0.1537921
0.1202342
0.1622681
0.1139538
0.1017832
0.1465888
0.1457037
0.1626657
0.1339227
0.1283076
0.1372044
0.128855
0.1210198
0.1067119
0.1398385
0.1063561
0.1223422
0.1450064
0.1314624
0.1076851
0.1188962
0.1247003
0.1362302
0.1371734
0.130415
0.1220851
0.1120976
0.1090031
0.1262452
0.141569
0.122418
0.1265671
0.1281013
0.1121598
0.143588
0.1240918
0.1406013
0.1240773
0.1174198
0.1237422
0.127278
0.1616318
0.1382702
0.127446
0.1169415
0.1192376
0.1184808
0.1367428
0.1272081
0.1110151
0.1168097
0.1306147
0.1398933
0.1176134
0.1265019
0.1237721
0.1126943
0.1111201
0.1123051
0.1240529
0.141523
0.1526833
0.1512385
0.1591808
0.1352427
0.1317574
0.1583567
0.1426125
0.1345098
0.1430968
0.1462846
0.1267345
0.1235779
0.1233244
0.1138901
0.1210964
0.1224848
0.1307809
0.1194161
0.1269246
0.1186856
0.1184698
0.1460122
0.146822
0.1329035
0.1376088
0.1488563
0.1269419
0.135322
0.1402237
0.1265951
0.1355055
0.1286977
0.1305573
0.1520395
0.1327105
0.141052
0.1417547
0.1497078
0.1466098
0.1248438
0.1348015
0.1336003
0.1554505
0.1203719
0.1277742
0.1460224
0.1522109
0.1736579
0.1260584
0.1337666
0.1352454
0.1231096
0.1251609
0.1209381
0.1103501
0.1297833
0.1004989
0.1033444
0.1129
0.1102089
0.107245
0.1140655
0.1036021
0.1020349
0.134598
0.1157216
0.0865326
0.0937845
0.10908
0.1170157
0.1023882
0.1265582
0.1087142
0.1221881
0.1397348
0.0965398
0.1012092
0.1091842
0.1184007
0.1103972
0.1135951
0.1170068
0.1297032
0.1074281
0.1095322
0.0907885
0.1165407
0.1067648
0.1046801
0.1180293
0.0823613
0.1162838
0.0929617
0.1012506
0.1107704
0.1150933
0.1264298
0.107838
0.1178166
0.103101
0.1118935
0.1133284
0.0954579
0.106989
0.1202694
0.1058765
0.1402868
0.1266714
0.1181527
0.1082462
0.1136708
0.1238808
0.1106461
0.1202006
0.1259592
0.1011033
0.112336
0.1220475
0.1183737
0.1603267
0.1649122
0.171561
0.1556309
0.1329194
0.1402742
0.1224054
0.1243631
0.130362
0.128708
0.1517455
0.1481712
0.1340799
0.1376733
0.1295645
0.1052717
0.1219384
0.1620197
0.1433535
0.1708361
0.1363
0.1557085
0.1603637
0.1415249
0.1472526
0.1404407
0.1739033
0.125985
0.1468917
0.140044
0.155011
0.1699055
0.1638945
0.1716271
0.1846387
0.1861553
0.1591276
0.1686332
0.1831802
0.162637
0.1801555
0.1931142
0.1593972
0.1723853
0.1612743
0.136875
0.1732384
0.136386
0.1681729
0.1657945
0.1534802
0.1639732
0.1648961
0.162275
0.1430492
0.1474985
0.1481353
0.1616823
0.1608451
0.163028
0.1757908
0.1343251
0.155334
0.1372014
0.1467467
0.136465
0.1270224
0.132813
0.1387067
0.1512487
0.1327466
0.1125012
0.1402219
0.1391532
0.1248443
0.1144537
0.1338773
0.1356161
0.1154979
0.1399915
0.1275359
0.1438441
0.1620175
0.1542656
0.119273
0.1371716
0.1400798
0.1210828
0.1454576
0.157286
0.1371561
0.133102
0.1311325
0.1333176
0.1135421
0.1416335
0.1514892
0.1560708
0.120989
0.1301754
0.1361527
0.1383479
0.1367137
0.1369893
0.123113
0.1498204
0.1533347
0.1337596
0.125596
0.1166775
0.1177492
0.0980319
0.1004328
0.1096558
0.1343899
0.1217927
0.148474
0.1385593
0.1594999
0.1520266
0.1324224
0.1264224
0.1255278
0.1151874
0.1048319
0.1061032
0.1237445
0.1123287
0.11899
0.1036737
0.1158545
0.1134257
0.1123951
0.1210262
0.1355486
0.0958965
0.1122293
0.1532026
0.1393912
0.0940825
0.0942866
0.1043056
0.1427931
0.0988292
0.1060472
0.154675
0.1078806
0.1260777
0.0986603
0.107521
0.1359249
0.111522
0.1051005
0.0843107
0.1137704
0.1276533
0.1338418
0.1213833
0.1332128
0.1240426
0.1364763
0.129777
0.1313745
0.162948
0.1430555
0.1583867
0.1490615
0.1423315
0.1258072
0.1601163
0.1368885
0.1542517
0.1331913
0.1195008
0.112856
0.1183848
0.1450029
0.147632
0.1267911
0.1414509
0.1253625
0.1586738
0.126865
0.1487437
0.1343539
0.1339484
0.1245405
0.1306117
0.1251105
0.1356016
0.1027384
0.1125702
0.1183601
0.1302384
0.1155187
0.1192716
0.1182165
0.1236799
0.1375183
0.1442555
0.1548422
0.1391307
0.1288526
0.1268863
0.1163532
0.1296773
0.1168452
0.1399319
0.1590921
0.128781
0.1468534
0.1320528
0.139525
0.139575
0.1246741
0.1258592
0.1513655
0.1344236
0.1140559
0.1382056
0.1185341
0.1427595
0.1253836
0.1354076
0.1229726
0.1195267
0.1213139
0.1269545
0.1181138
0.1170347
0.1293792
0.1303707
0.1303317
0.1364832
0.1408948
0.1552278
0.1760491
0.1572399
0.1021153
0.1482864
0.1353046
0.1126085
0.1238429
0.1270711
0.1217717
0.1234485
0.1069185
0.1386543
0.1155147
0.1451062
0.1035577
0.125429
0.146008
0.137803
0.1189994
0.0992689
0.1303531
0.1414691
0.1644976
0.1707972
0.147812
0.1350054
0.1509169
0.1630668
0.1436205
0.1689272
0.1453173
0.13086
0.1612259
0.1695307
0.1656902
0.1609769
0.1508372
0.1198833
0.1449267
0.1322304
0.1367968
0.1407662
0.1103082
0.1392996
0.1233934
0.1222287
0.1447013
0.1162305
0.1324188
0.1536298
0.1809454
0.147726
0.1475052
0.1582503
0.1585324
0.1488663
0.1502734
0.1614431
0.1308873
0.1634451
0.148898
0.1488872
0.1279591
0.1297672
0.1870767
0.1676913
0.1605349
0.1264267
0.1440119
0.1646529
0.1665959
0.1316431
0.1615895
0.1467186
0.1280804
0.1677285
0.1374943
0.1789364
0.1784631
0.1542199
0.1396798
0.1574755
0.1483753
0.1704258
0.1456563
0.1583577
0.1528021
0.1406018
0.1057307
0.067075
0.1424918
0.1149505
0.1186389
0.126518
0.1252079
0.0979364
0.0813171
0.1099343
0.1048332
0.088087
0.1199424
0.1173288
0.1197746
0.1118447
0.1035172
0.0976616
0.0986242
0.1038559
0.0932694
0.0992269
0.0987094
0.1056108
0.0817315
0.1050383
0.1013965
0.1071385
0.107449
0.1159612
0.1263956
0.1390409
0.1056788
0.1098873
0.1107951
0.1453951
0.1124103
0.1154337
0.1203406
0.1131321
0.1313948
0.1085989
0.1154331
0.1307814
0.135644
0.1248289
0.1329648
0.1002823
0.1391363
0.1307307
0.1280506
0.1247137
0.1111019
0.1012824
0.1099701
0.1213014
0.1053303
0.1097869
0.0988667
0.1474722
0.1278134
0.1160656
0.105055
0.1279113
0.1312676
0.1195135
0.1024829
0.109247
0.0900683
0.1053147
0.0944316
0.084134
0.0980601
0.1001403
0.1146706
0.0919558
0.0806641
0.1157052
0.1090797
0.0944442
0.1149774
0.1140369
0.0877294
0.1147054
0.0856046
0.1078259
0.0959925
0.1067989
0.1208116
0.1170131
0.1257495
0.1264945
0.1214574
0.1454892
0.1433855
0.130173
0.1486002
0.1038574
0.1290605
0.1282433
0.1504397
0.1291745
0.13795
0.1388185
0.1344613
0.1272592
0.133762
0.1206598
0.105569
0.1374654
0.126518
0.1144727
0.132794
0.1205017
0.1245307
0.1249629
0.1260518
0.1262071
0.1570662
0.1332306
0.1377368
0.1259346
0.1247338
0.1359321
0.1465532
0.1534835
0.1425832
0.1394463
0.1217292
0.1441849
0.1142952
0.1422564
0.1325291
0.1394392
0.118905
0.1330402
0.1513167
0.1388665
0.1330618
0.1482906
0.1449265
0.1295909
0.1325258
0.1320031
0.1396501
0.1063181
0.1350943
0.1219139
0.1241695
0.0966898
0.1282558
0.0947447
0.1289364
0.1033449
0.1168171
0.1115033
0.1056777
0.1335589
0.1084877
0.1212019
0.1127483
0.1208717
0.1095124
0.0971514
0.0822245
0.1277301
0.1349706
0.1400184
0.1332909
0.1415905
0.1213667
0.1452211
0.1112644
0.1080475
0.0979814
0.0995513
0.108449
0.0767864
0.0868349
0.1164276
0.1014578
0.1081336
0.1154716
0.0807605
0.0897901
0.1133685
0.1310631
0.1085719
0.1233819
0.1199641
0.1252555
0.1008886
0.1285512
0.1240947
0.1175885
0.1042566
0.0838388
0.0741498
0.0894974
0.1032806
0.1107635
0.1020576
0.0996872
0.1208065
0.1065295
0.1339952
0.1124661
0.1190422
0.1064953
0.08881
0.0857703
0.0990199
0.1286781
0.1151493
0.1097275
0.0959416
0.0869378
0.0876659
0.0814557
0.1027407
0.0972276
0.0954033
0.099545
0.1061831
0.1031174
0.0915183
0.0967626
0.0924373
0.1086657
0.1114895
0.0996816
0.0935285
0.0830624
0.0929657
0.0780578
0.0997821
0.0943321
0.0990627
0.0803201
0.0946384
0.097025
0.0989895
0.1314613
0.1411182
0.1144417
0.1088821
0.1359598
0.1249157
0.1048148
0.1070666
0.1327904
0.1121139
0.1133353
0.1068321
0.1143754
0.1157069
0.1105569
0.1172696
0.1073269
0.1044438
0.1009185
0.1006303
0.0949705
0.1116134
0.1163062
0.0893857
0.1177283
0.1274908
0.1218201
0.0941035
0.1083939
0.1084219
0.1331097
0.0770593
0.086848
0.0813974
0.0936141
0.0795087
0.0638684
0.089503
0.0873772
0.1026452
0.0968523
0.1137637
0.1349484
0.1660825
0.1392101
0.1295874
0.1418676
0.1381303
0.1010558
0.1340753
0.1310868
0.1040006
0.0978902
0.1209678
0.1152249
0.101281
0.1199333
0.1310855
0.1599148
0.1557361
0.1546292
0.1314011
0.1100991
0.1175814
0.0993945
0.1197773
0.1040962
0.103997
0.1180231
0.1059475
0.1152129
0.1361036
0.1136902
0.1136164
0.1214899
0.0950965
0.1076097
0.1167469
0.1129554
0.098508
0.1065221
0.1211421
0.127958
0.1213819
0.1260003
0.1065963
0.0887726
0.0941711
0.0672914
0.0872071
0.0926571
0.0670208
0.0920193
0.0774191
0.0833047
0.1195511
0.1040788
0.0885185
0.1035993
0.1091052
0.1030179
0.1008722
0.0886156
0.0997146
0.0925622
0.1037007
0.0887916
0.075781
0.0722178
0.0737824
0.0688562
0.0830712
0.102765
0.0967177
0.1142678
0.114347
0.1179673
0.1131603
0.0992857
0.09489
0.0995527
0.1250704
0.1072767
0.0925158
0.1024719
0.0945622
0.1230523
0.0979385
0.1371187
0.1463799
0.122805
0.1147939
0.132813
0.1360967
0.1129472
0.149909
0.1486524
0.143768
0.145049
0.1649479
0.124931
0.1267299
0.1288706
0.1394324
0.1180897
0.1183047
0.0942574
0.1212622
0.1135449
0.1021481
0.1079799
0.1082998
0.1126416
0.1130034
0.1133519
0.1237267
0.1088111
0.1019598
0.1195172
0.1050534
0.0990893
0.1068755
0.1046926
0.1132948
0.0995063
0.115424
0.1042915
0.1220989
0.1136834
0.1133529
0.131289
0.1027406
0.0987267
