0.1946589
0.1882186
0.203281
0.206788
0.2043452
0.2237376
0.22689
0.2534027
0.1987595
0.2018573
0.2516371
0.2328634
0.2458912
0.2058407
0.2210589
0.2260269
0.2560001
0.2282944
0.2041165
0.2132639
0.2088394
0.197505
0.2067062
0.2207324
0.1894489
0.1890866
0.2025363
0.2176802
0.2108262
0.2637635
0.2226137
0.2072655
0.2165281
0.2136906
0.1975504
0.209995
0.2034128
0.2082397
0.217625
0.2069668
0.2388352
0.2677328
0.2625422
0.2559711
0.2580348
0.2751121
0.2416973
0.2539311
0.2446425
0.2397578
0.2662565
0.2633982
0.2125133
0.2345677
0.2595857
0.2795438
0.2341828
0.2439406
0.1881946
0.1821219
0.2068593
0.2073948
0.1922637
0.1727224
0.1952978
0.210587
0.2171941
0.2189063
0.2278811
0.2141345
0.2137244
0.2170313
0.2472673
0.2531957
0.2191602
0.2057827
0.2127316
0.2413101
0.2051398
0.2361883
0.207899
0.2219956
0.2220934
0.2632489
0.2128681
0.2161836
0.2823289
0.2598779
0.2340125
0.274575
0.224949
0.2117769
0.1831627
0.2519231
0.2628289
0.237484
0.261585
0.2903351
0.2559708
0.265821
0.2993617
0.2760685
0.2359873
0.2543191
0.213164
0.222874
0.2121291
0.2119526
0.2266389
0.23772
0.2066184
0.2106214
0.2046446
0.2128868
0.2338492
0.2845668
0.2656077
0.2484118
0.2708042
0.2449796
0.2784995
0.2522329
0.2784732
0.2376006
0.2397539
0.2830509
0.2700393
0.275028
0.3005252
0.2985552
0.2839384
0.2506917
0.2479348
0.225422
0.287987
0.2457419
0.2572313
0.2873221
0.2608254
0.2896646
0.26783
0.2856669
0.2629985
0.2765738
0.2263116
0.2964075
0.2579712
0.2389538
0.2955025
0.2827669
0.2583518
0.2639915
0.2425041
0.2293759
0.2354707
0.2459566
0.2430526
0.2395723
0.2508356
0.242051
0.2594285
0.2267294
0.2359199
0.2865887
0.2454494
0.2400607
0.221888
0.2304676
0.2484736
0.2410071
0.1934138
0.1829827
0.225501
0.2175484
0.2324281
0.2647898
0.2179428
0.2320573
0.251057
0.2189287
0.2223842
0.2267626
0.2094772
0.2418004
0.237634
0.2244702
0.2146866
0.2170114
0.2388065
0.2102672
0.2360677
0.2417396
0.2264936
0.2455977
0.2320429
0.1748261
0.2146845
0.2169484
0.2120759
0.2585763
0.2005878
0.2546856
0.247278
0.2473745
0.2527951
0.2623856
0.2503867
0.2004223
0.1967779
0.2500457
0.2574392
0.2692831
0.2293894
0.2517892
0.2327289
0.266591
0.247917
0.2365755
0.2861107
0.2798427
0.2815412
0.275838
0.2266865
0.2419695
0.2035023
0.2587928
0.2186334
0.2093946
0.2060274
0.2512808
0.2163038
0.2316896
0.2374246
0.2121608
0.2105155
0.258568
0.2292584
0.2526145
0.2522206
0.2267464
0.240081
0.2592467
0.2342247
0.2287899
0.2431281
0.218611
0.2171199
0.2332864
0.2344116
0.2510392
0.2748179
0.2875567
0.2604295
0.2476382
0.2484376
0.2658801
0.2839517
0.3078429
0.2906606
0.272433
0.2657678
0.2789524
0.2443211
0.2499902
0.2808861
0.269554
0.2650868
0.2599934
0.2599236
0.2813929
0.2861251
0.2847509
0.2611005
0.2793117
0.260783
0.2699015
0.2725323
0.2519836
0.2801476
0.2652221
0.2926395
0.2670124
0.2674991
0.3070838
0.2700064
0.2627046
0.2406985
0.2625735
0.2746452
0.221519
0.2163864
0.2266172
0.2351164
0.2386159
0.2270009
0.2709207
0.2558346
0.2668158
0.2566241
0.2514989
0.2643572
0.2749237
0.2597818
0.2207717
0.2560102
0.2569195
0.2277281
0.229304
0.2363315
0.2724405
0.2777101
0.2665159
0.271484
0.2569653
0.2675701
0.2528231
0.2099672
0.2316187
0.2225768
0.2379411
0.2928698
0.3008015
0.3021308
0.2837034
0.2603961
0.2899015
0.2806536
0.2867788
0.3006403
0.2974938
0.2825818
0.2652088
0.2675878
0.2965083
0.2786509
0.2799324
0.2641819
0.2591064
0.2618247
0.2615329
0.2634602
0.2723749
0.2894318
0.2527083
0.2789516
0.2797032
0.2718058
0.2503285
0.2825723
0.288011
0.2778006
0.267843
0.2894969
0.2908596
0.2684613
0.2955816
0.2862402
0.2694165
0.2819506
0.2792672
0.2661373
0.2662462
0.2779365
0.2656088
0.2650794
0.2766642
0.2871813
0.2594522
0.2690536
0.2656745
0.2593615
0.2717327
0.251723
0.2756636
0.246446
0.2867451
0.2861474
0.2613311
0.2648684
0.2837971
0.2502343
0.2568476
0.2754999
0.2608024
0.2725202
0.2725809
0.265891
0.2754169
0.2531954
0.2431872
0.2656851
0.2704851
0.2667852
0.2861285
0.2660815
0.2865687
0.2687021
0.2881358
0.2643679
0.2769336
0.2934685
0.2235618
0.2654042
0.2636643
0.2462961
0.2921267
0.2645777
0.2476338
0.2502522
0.2337067
0.2280984
0.2467887
0.2375057
0.2738185
0.2461462
0.2480388
0.2580036
0.2563921
0.2720681
0.2625376
0.2776999
0.2749803
0.2821718
0.2745428
0.2681427
0.277387
0.2643327
0.288296
0.2823769
0.2872343
0.2731014
0.2837079
0.2738249
0.2932341
0.2854275
0.2548793
0.2828571
0.2919002
0.2815722
0.2664214
0.2903269
0.2618526
0.2512786
0.2724973
0.2900289
0.2880464
0.2648517
0.2722315
0.2767099
0.2621571
0.283623
0.2627635
0.2832358
0.2753142
0.2912568
0.3054509
0.3094893
0.2691225
0.290232
0.264158
0.2959344
0.2633773
0.2617553
0.26241
0.2711401
0.2603013
0.2445925
0.2272705
0.2871154
0.279981
0.2681389
0.2580793
0.2512394
0.2616642
0.2482562
0.266775
0.3033538
0.2756932
0.2786445
0.3028197
0.3121495
0.30181
0.29408
0.2827538
0.2593642
0.2573178
0.2522174
0.2566819
0.2355654
0.2490042
0.244853
0.251202
0.264799
0.2630001
0.2692361
0.2354885
0.2349127
0.255671
0.2924061
0.2587298
0.2872657
0.2918105
0.2871178
0.2661575
0.2766311
0.2932724
0.2891702
0.2757286
0.2672111
0.2870035
0.3002761
0.2526361
0.2889781
0.2813239
0.2864757
0.2926266
0.2840689
0.2740125
0.2832648
0.2897825
0.2865792
0.2808257
0.2561802
0.2793564
0.2874763
0.2878344
0.2810316
0.2732292
0.2898726
0.3086475
0.276577
0.2731393
0.3019862
0.3152135
0.2998784
0.3142348
0.2966068
0.259294
0.2530732
0.2845491
0.2743389
0.2879354
0.2806013
0.2921477
0.2842174
0.2905897
0.2761153
0.2840137
0.3104337
0.3215439
0.3006761
0.283738
0.2882472
0.2894452
0.2869539
0.2840674
0.2961453
0.3123142
0.2922308
0.2944263
0.3037571
0.3000226
0.2856603
0.3130075
0.2905504
0.2743565
0.2608165
0.2761572
0.3014594
0.2892334
0.3022116
0.287197
0.2853226
0.2747026
0.2967784
0.2933964
0.286889
0.292298
0.2722414
0.2821125
0.3196813
0.2865267
0.2835717
0.3040727
0.2866648
0.2905902
0.27959
0.2667535
0.309034
0.277794
0.2874067
0.2953177
0.2918675
0.2702532
0.2766783
0.2745897
0.2876709
0.2488698
0.2837282
0.3057961
0.2994491
0.2978171
0.2789174
0.2976113
0.3006155
0.266255
0.2751932
0.2867888
0.2576516
0.2667615
0.2798226
0.2893528
0.2791369
0.2659301
0.2672522
0.2780317
0.2634453
0.2708035
0.2607942
0.2667498
0.2749425
0.2733118
0.255049
0.2739359
0.247638
0.2609046
0.2637628
0.281658
0.3004316
0.2908299
0.2749263
0.2535409
0.2770008
0.2944307
0.271783
0.273075
0.2705785
0.2674803
0.2515802
0.2746756
0.298586
0.2743221
0.2899375
0.262387
0.279667
0.2881927
0.2877473
0.2655561
0.2728871
0.2749446
0.29796
0.2462734
0.2753915
0.2684443
0.2884059
0.2898528
0.2605008
0.2520288
0.2626187
0.2615793
0.2648919
0.2834421
0.2471441
0.2749953
0.2552179
0.2549358
0.2531496
0.2508502
0.2516762
0.2665984
0.264087
0.270663
0.2765812
0.284297
0.2550186
0.2559948
0.2725088
0.2611992
0.254385
0.2872214
0.2576695
0.2664645
0.2922602
0.2603666
0.2626751
0.2477131
0.26061
0.2555174
0.2518584
0.2552725
0.2736455
0.2638008
0.2518466
0.2478294
0.2593134
0.2541713
0.2579373
0.254944
0.2561094
0.2556438
0.2547219
0.2731146
0.2461303
0.2487618
0.2477673
0.2855742
0.2430013
0.2575708
0.2651109
0.2693843
0.2325418
0.2778204
0.2855234
0.2517799
0.2541743
0.251786
0.2633904
0.2512044
0.2641795
0.236579
0.2450872
0.2732744
0.2606176
0.2502985
0.2123963
0.2919101
0.2469696
0.251252
0.2182406
0.2470482
0.2527055
0.2343722
0.25552
0.2773973
0.254256
0.2632
0.24961
0.2639516
0.2371217
0.2458152
0.2501596
0.243112
0.2555001
0.2319682
0.2716646
0.2578717
0.2579123
0.2578977
0.2549866
0.2543618
0.2509569
0.2394816
0.2695785
0.2444618
0.3000312
0.2684896
0.2477979
0.2650065
0.2593936
0.2648301
0.2323146
0.2624276
0.2710719
0.2861078
0.2432011
0.2759569
0.2708381
0.2751069
0.2792057
0.2796261
0.2578195
0.2679585
0.2831863
0.253265
0.2921617
0.298422
0.2712913
0.2741312
0.2888991
0.296021
0.270146
0.2946231
0.2854597
0.3032373
0.2859528
0.2773888
0.2699332
0.2589647
0.265687
0.2994617
0.2797994
0.2805879
0.3001713
0.2974014
0.2982492
0.3161368
0.2841871
0.2815105
0.2946928
0.2887815
0.2970855
0.2776036
0.2962519
0.2967916
0.2887213
0.2832574
0.295733
0.3098048
0.2977504
0.2712654
0.2621241
0.270034
0.3189061
0.3352475
0.3023826
0.3038822
0.2661407
0.2962564
0.277914
0.2870244
0.2776724
0.2912812
0.2823115
0.250464
0.2821895
0.2541592
0.2641922
0.2895865
0.2931167
0.2969952
0.3039527
0.2438264
0.2646827
0.2690506
0.275003
0.2519455
0.2524162
0.2593141
0.2507048
0.2630142
0.2783366
0.2599753
0.2491327
0.263854
0.2794498
0.2736095
0.2803759
0.2532983
0.2538178
0.2559496
0.2560489
0.2596437
0.2594396
0.2539505
0.2594676
0.2537585
0.2516082
0.2541753
0.2615917
0.2546219
0.2517756
0.2519797
0.2520698
0.2662865
0.2650922
0.2491847
0.268595
0.2744279
0.2650563
0.2784314
0.2758069
0.2671964
0.2635647
0.279684
0.28311
0.2888448
0.2875038
0.295255
0.2916844
0.2778481
0.2952034
0.284067
0.2846763
0.2815879
0.2850652
0.2770679
0.2855098
0.288093
0.2831217
0.2725656
0.2582417
0.2679878
0.2545758
0.2725249
0.2705216
0.271825
0.2503805
0.2749038
0.2428429
0.2773233
0.2456198
0.2696772
0.2634209
0.2541128
0.2715102
0.2417331
0.2617809
0.262384
0.2493451
0.2588138
0.2457828
0.2527684
0.2653808
0.2384953
0.252008
0.2594793
0.2752427
0.2564133
0.2573552
0.2355503
0.2671025
0.2769372
0.2795296
0.2710069
0.2543928
0.281106
0.2953416
0.2781022
0.2739215
0.2795515
0.2638347
0.2612527
0.2611675
0.2589911
0.2624298
0.2655803
0.245263
0.2617318
0.2812985
0.2746365
0.2578216
0.2765639
0.2570056
0.2811864
0.2723325
0.2679138
0.2803084
0.264106
0.2606483
0.2498981
0.2841263
0.2804268
0.2830377
0.2641064
0.2699272
0.2541966
0.2375409
0.2740935
0.2557186
0.2804236
0.2858668
0.2917001
0.2556141
0.2495073
0.2655698
0.2851081
0.255412
0.2543742
0.260291
0.2557151
0.2466204
0.2693624
0.2388323
0.2670268
0.2739161
0.2685761
0.2627453
0.2683201
0.2600712
0.2449499
0.25458
0.2686881
0.271632
0.2879633
0.2834097
0.2945747
0.299178
0.29319
0.3008487
0.3046599
0.3090637
0.3153001
0.2791966
0.3186318
0.3102328
0.2764298
0.2831779
0.3073254
0.3025157
0.316343
0.3121143
0.3112978
0.3245297
0.3385099
0.3131019
0.3034323
0.2771718
0.3189744
0.3215764
0.3403831
0.3227896
0.285535
0.301409
0.3082042
0.324341
0.3251411
0.2942088
0.3103839
0.2779994
0.2891847
0.2846494
0.2845588
0.2862748
0.3034641
0.2848082
0.2936211
0.2883723
0.2902209
0.2868809
0.2957097
0.3008099
0.3243124
0.3208342
0.2898709
0.2747751
0.2991028
0.28784
0.292785
0.3008232
0.2814049
0.2796393
0.298977
0.2899253
0.2830507
0.2703206
0.2843539
0.3052529
0.3392858
0.3144009
0.269886
0.2881365
0.2740613
0.2697631
0.2642798
0.2701146
0.2762849
0.2648161
0.2721112
0.2693124
0.2538432
0.235561
0.2653266
0.2560164
0.2877056
0.2952712
0.2794187
0.2354407
0.2586158
0.2364548
0.2833225
0.2704878
0.2664601
0.2831934
0.2562306
0.2483456
0.2467298
0.2484061
0.2696209
0.2365968
0.2331111
0.2519027
0.2444772
0.2663159
0.2284087
0.2457888
0.2462579
0.2835134
0.2409073
0.2314992
0.2311547
0.2244831
0.2386303
0.2479485
0.2310716
0.2361068
0.2259561
0.2406814
0.2558535
0.2395237
0.2551675
0.2258016
0.2595896
0.2436932
0.2418832
0.257789
0.2647502
0.2558471
0.2755794
0.2635134
0.2745821
0.2588532
0.2750311
0.2542445
0.257565
0.2425429
0.2334813
0.2479451
0.2248335
0.2400085
0.254343
0.2451759
0.234405
0.2319333
0.2367853
0.200749
0.2126003
0.228548
0.2183903
0.2468392
0.2221778
0.2249934
0.212693
0.2302714
0.2445925
0.2443
0.2337197
0.2235594
0.2392225
0.2064984
0.2342785
0.2486192
0.2145642
0.2255301
0.1934943
0.2142058
0.1991588
0.1965882
0.2148594
0.2230271
0.2176136
0.2342537
0.2150769
0.226468
0.2531421
0.2206104
0.22814
0.2247307
0.2181369
0.1969837
0.2357478
0.1990217
0.2361156
0.1976645
0.2024365
0.2159703
0.233801
0.225802
0.2106162
0.2243834
0.1970125
0.2174428
0.215848
0.2172763
0.2135688
0.1967977
0.2142203
0.2072416
0.2010421
0.2078398
0.2178332
0.2013374
0.1955454
0.2781997
0.2329357
0.2464808
0.2306092
0.203053
0.2435989
0.2384284
0.2325895
0.2404272
0.2481216
0.2231853
0.2237029
0.234711
0.2426109
0.2395597
0.2313585
0.2328397
0.238668
0.2415888
0.2426632
0.2346003
0.2366613
0.2297633
0.2340779
0.2483322
0.2225979
0.2136864
0.2383571
0.2123435
0.2450312
0.2316059
0.2541465
0.2334625
0.1833401
0.2295512
0.2528644
0.2266421
0.2564037
0.2365446
0.2652979
0.2627141
0.2663265
0.2373177
0.2543093
0.2558658
0.281732
0.250265
0.242828
0.2491959
0.2319318
0.2345666
0.221205
0.2762762
0.2365434
0.2696062
0.2560183
0.2325144
0.222979
0.223886
0.2643285
0.2732134
0.2408666
0.2443141
0.2274294
0.258801
0.228295
0.2778536
0.2367096
0.2424042
0.2264072
0.2686394
0.2275842
0.2660098
0.2396327
0.2318334
0.2330267
0.2343814
0.235239
0.2291514
0.2515345
0.2408295
0.2243223
0.235093
0.2598664
0.2310167
0.2275319
0.2406472
0.2399433
0.2483354
0.267665
0.2727387
0.2532629
0.2470958
0.2526317
0.263539
0.2567678
0.2620274
0.2501048
0.2302241
0.2368099
0.2330103
0.2821898
0.2321775
0.2462216
0.2474289
0.2466106
0.2679973
0.2518136
0.229433
0.2525824
0.2758898
0.2341296
0.2368252
0.2149822
0.2078973
0.2255929
0.2041613
0.2294568
0.2369632
0.2139157
0.1902369
0.2290641
0.2195314
0.2148937
0.2177185
0.220817
0.2263067
0.2501672
0.2135324
0.2227559
0.227467
0.2232373
0.228789
0.2317829
0.2451673
0.2359782
0.2291661
0.2390617
0.2593882
0.2625474
0.2528621
0.2361415
0.2665739
0.2626084
0.2398783
0.2487301
0.2579159
0.2528156
0.2494349
0.272532
0.2572164
0.2501741
0.2671424
0.2588247
0.2359381
0.2219036
0.2602642
0.2526802
0.2758047
0.2435514
0.2689397
0.2686937
0.2585164
0.2722317
0.2626828
0.2656151
0.2755753
0.283545
0.2741758
0.2874752
0.2654793
0.2429065
0.2347777
0.2628715
0.2311915
0.2298159
0.2487098
0.2648033
0.2583582
0.255562
0.2548097
0.2942253
0.2940865
0.2771473
0.2463094
0.2448177
0.2525298
0.22545
0.2442743
0.2747281
0.2541997
0.2413652
0.2584296
0.2600234
0.2471808
0.224662
0.2421074
0.2536108
0.2464912
0.2684408
0.2521293
0.2546851
0.2435072
0.2381547
0.234368
0.2574672
0.2901316
0.2593322
0.2641875
0.2556087
0.2755889
0.2744972
0.2831115
0.2474767
0.2603146
0.2491722
0.2495678
0.2536258
0.2723811
0.249975
0.2517075
0.2807537
0.2595228
0.2767332
0.2480712
0.2540609
0.2713926
0.2531776
0.2469298
0.2553378
0.2640856
0.2673196
0.2835384
0.2508601
0.2600751
0.224834
0.2496593
0.2630776
0.2560285
0.2634154
0.276881
0.2484752
0.2319721
0.2670098
0.2195035
0.223023
0.2327373
0.2655723
0.2398299
0.2538495
0.2409146
0.2343107
0.2678684
0.2804684
0.2565458
0.2637932
0.2603252
0.228996
0.2629641
0.2333617
0.2361457
0.2303831
0.2416601
0.2284387
0.2233779
0.2162814
0.2652854
0.2605377
0.227077
0.277569
0.2667854
0.264267
0.2580861
0.2784885
0.2956656
0.2633921
0.255989
0.2372583
0.2359996
0.2607471
0.2573135
0.2369392
0.2634795
0.2948738
0.2895248
0.3459057
0.2915268
0.2907791
0.2755804
0.3012218
0.2951944
0.2644742
0.3166394
0.2718106
0.2834089
0.2798545
0.3489943
0.2926116
0.3000175
0.282494
0.2976113
0.3352822
0.3119268
0.2874366
0.2949866
0.2824979
0.2867577
0.2853832
0.3249528
0.2659191
0.2762414
0.2793139
0.2942702
0.3018863
0.268758
0.2715166
0.2902914
0.2913208
0.2744134
0.2663332
0.2658757
0.2930542
0.2762798
0.238299
0.2507731
0.2622638
0.2689429
0.275357
0.2663319
0.2681886
0.2913426
0.2535259
0.3031775
0.2752454
0.2702703
0.2934545
0.2560511
0.2518952
0.3041813
0.2642446
0.2817035
0.2742271
0.2687075
0.2581686
0.2847986
0.2363826
0.2672774
0.2935357
0.2565239
0.2548369
0.2571439
0.2623555
0.2324559
0.2614858
0.2255885
0.2213178
0.2160938
0.2517459
0.2996261
0.3000017
0.2375613
0.2465885
0.2640567
0.2478082
0.2362383
0.2762231
0.2427377
0.2585272
0.2498761
0.2617468
0.2813441
0.286282
0.2711802
0.2749421
0.2864102
0.2550657
0.2264238
0.2567008
0.2478007
0.2317973
0.2564305
0.2382399
0.2283137
0.2496534
0.2526878
0.2581296
0.2288798
0.2196766
0.216738
0.2361986
0.2610249
0.2544262
0.2465578
0.2460025
0.2834975
0.2386229
0.2342587
0.2560169
0.2166806
0.235917
0.2538598
0.2103851
0.260204
0.2419005
0.2342002
0.2499418
0.2659283
0.2872238
0.2820118
0.3001765
0.2678657
0.2669566
0.238296
0.2523317
0.2388787
0.2452714
0.250489
0.2415663
0.2612312
0.2569745
0.261732
0.2365494
0.2497625
0.2626526
0.2783378
0.2920967
0.2588364
0.2512306
0.2541985
0.2772653
0.2458242
0.2134406
0.2302251
0.2400615
0.2264324
0.2187246
0.2329561
0.2095115
0.2291237
0.2387264
0.2282658
0.2424116
0.2244689
0.2456309
0.257857
0.2502045
0.2530949
0.2734486
0.2445655
0.225139
0.25844
0.2398015
0.227843
0.2674795
0.2568098
0.2505364
0.2368346
0.2788069
0.2537743
0.2491241
0.2601918
0.2735334
0.2532591
0.2719392
0.2901181
0.2673902
0.2476266
0.2680276
0.2379577
0.2597426
0.2502911
0.2580924
0.2571541
0.2701493
0.2591245
0.2570775
0.2334593
0.2536162
0.2831278
0.2558022
0.2566675
0.2441872
0.245345
0.2686933
0.2514
0.2385669
0.248342
0.244155
0.2518812
0.2276274
0.2277771
0.2500871
0.2214091
0.2543789
0.236373
0.2428508
0.2662191
0.2469965
0.2706603
0.252223
0.2621304
0.2789375
0.2952983
0.2644004
0.282392
0.247758
0.2841439
0.2579611
0.2362146
0.2292657
0.2533448
0.232653
0.2708029
0.2649869
0.2584646
0.2366313
0.2738513
0.2934637
0.2520751
0.2465449
0.261289
0.2554367
0.235246
0.2293539
0.23505
0.2710381
0.3024462
0.2682741
0.2664731
0.3082321
0.2300171
0.2597627
0.2500786
0.2188777
0.236621
0.2710836
0.2509128
0.2428624
0.2311585
0.2361891
0.2450006
0.2609478
0.2442614
0.2302025
0.2483736
0.2280842
0.2309057
0.2230603
0.2465791
0.2864772
0.2528644
0.2623104
0.2336542
0.2388589
0.2526624
0.2245297
0.2454562
0.2535633
0.281228
0.262143
0.2454418
0.2459672
0.2512941
0.2504872
0.2424809
0.2496621
0.2590353
0.2564727
0.2573778
0.2461524
0.2492026
0.2418707
0.2584386
0.2482763
0.2419077
0.2477063
0.2516301
0.2317466
0.2382523
0.2608191
0.2278041
0.2607271
0.2417644
0.2437029
0.2594438
0.2490967
0.2593515
0.2546191
0.231265
0.2820497
0.2996772
0.2636265
0.2544157
0.2473087
0.2497889
0.2644858
0.2335106
0.2549942
0.2659489
0.2876641
0.2767965
0.2602337
0.2807131
0.2881593
0.2754045
0.2469953
0.2549054
0.2709243
0.2667378
0.2770365
0.2880364
0.3143992
0.2756579
0.3226974
0.2862057
0.271959
0.2959135
0.2937138
0.3177294
0.296817
0.2788038
0.3112704
0.2713739
0.2875732
0.2758983
0.3129349
0.3432178
0.3294955
0.3283515
0.3158605
0.3299462
0.3093244
0.3456024
0.3203553
0.3143201
0.2977828
0.293066
0.2905449
0.3064602
0.3014631
0.3259917
0.3165106
0.2921041
0.3295737
0.3069873
0.3098192
0.3237244
0.3063313
0.3058229
0.2659146
0.2630786
0.2842573
0.279665
0.2947237
0.2695967
0.2715102
0.2308308
0.3016667
0.3128303
0.3190292
0.3158176
0.3249193
0.3520645
0.3428848
0.3468972
0.3247809
0.3224744
0.2974842
0.3215753
0.294779
0.33117
0.3125864
0.3262288
0.3079701
0.2939581
0.3053038
0.2968431
0.3144863
0.317783
0.2993606
0.283556
0.2924801
0.2927063
0.2938336
0.2872381
0.2792395
0.3313781
0.3388169
0.3294939
0.2921784
0.3079668
0.317264
0.3225572
0.3063563
0.3009664
0.3120551
0.315668
0.3265695
0.315181
0.3029267
0.2836404
0.2897668
0.3038008
0.3217062
0.3288724
0.3099693
0.298373
0.305199
0.3213041
0.2695983
0.2758505
0.2849446
0.2906598
0.3185238
0.2945605
0.2891986
0.2672643
0.267997
0.2664225
0.244986
0.2790479
0.2601368
0.2772477
0.3161967
0.2925383
0.2757303
0.2976109
0.3247672
0.2859224
0.2982882
0.2923592
0.2874575
0.287809
0.2781825
0.3021215
0.2991439
0.3021273
0.2749528
0.2815936
0.2624606
0.297954
0.2928232
0.3069784
0.3008988
0.2988145
0.3063551
0.3016005
0.2981628
0.3082746
0.3158829
0.2879825
0.3012005
0.2747799
0.2861323
0.2863821
0.2959644
0.2975874
0.2900667
0.3044891
0.2801087
0.3025739
0.3081531
0.2908427
0.2972412
0.2927058
0.2942654
0.2846818
0.2873359
0.2912655
0.3225692
0.2936905
0.2927794
0.2973749
0.2854465
0.2958567
0.305769
0.2963833
0.2855457
0.3057747
0.3076025
0.3061421
0.2948639
0.3065089
0.3281637
0.3277144
0.2931538
0.2862841
0.3179012
0.2849635
0.30098
0.2963511
0.2595282
0.2816268
0.292913
0.2799702
0.2959381
0.2920305
0.3281917
0.2909625
0.2880324
0.267034
0.3170924
0.2910305
0.2937762
0.3027031
0.3056596
0.3035771
0.2897641
0.302607
0.3076498
0.3125768
0.300472
0.2816416
0.3081822
0.2629022
0.303602
0.2974469
0.2894228
0.3071813
0.2966662
0.2876006
0.2956009
0.2993377
0.2967592
0.2793227
0.2960932
0.2868444
0.2993411
0.292583
0.3008683
0.3508336
0.3365412
0.3154192
0.3339843
0.3379475
0.2994515
0.3036165
0.3230852
0.3108356
0.2977077
0.2867953
0.3169584
0.3268077
0.3255774
0.3081551
0.3072145
0.2986794
0.3543964
0.3557001
0.334906
0.3009883
0.350136
0.3207164
0.3246779
0.3029756
0.2644486
0.2940881
0.29396
0.2685788
0.2857307
0.2719114
0.2760991
0.3064105
0.3235913
0.3171713
0.3437856
0.3480778
0.3213527
0.3129986
0.3333261
0.3050126
0.3049568
0.3266245
0.3334267
0.3217217
0.3337596
0.3385152
0.3196664
0.3149467
0.3148064
0.3196233
0.3190267
0.3152375
0.3463608
0.3327411
0.3208773
0.3258257
0.310995
0.3362753
0.3240806
0.3250263
0.3324639
0.3414585
0.3405924
0.3373539
0.3068706
0.3254749
0.3211614
0.3322057
0.3311845
0.3147211
0.3100014
0.3435048
0.3147908
0.2989777
0.3130269
0.3499592
0.3173318
0.3044845
0.3116914
0.318523
0.2806787
0.3065326
0.2919212
0.312605
0.3135338
0.3021412
0.3195573
0.3217115
0.3121186
0.2897052
0.3122483
0.3464473
0.2961235
0.3046381
0.3111672
0.3208429
0.3121385
0.2894025
0.3124502
0.3151695
0.3178753
0.2962326
0.2902238
0.3240668
0.3261226
0.3197277
0.3134116
0.3049666
0.2885339
0.3033886
0.2969871
0.2904522
0.2811931
0.303079
0.3053631
0.2952261
0.3089865
0.3228196
0.3155151
0.2713172
0.3323792
0.3061837
0.3061661
0.3357927
0.31697
0.3425997
0.3246415
0.3273727
0.3052737
0.3256657
0.304087
0.3003047
0.2280379
0.2752991
0.2814145
0.2644419
0.2789874
0.2703445
0.2477026
0.2545938
0.2817561
0.2534914
0.2776676
0.3083002
0.2879685
0.3019551
0.2762547
0.2812662
0.2443567
0.2572194
0.2463128
0.2846431
0.254952
0.2271649
0.2498938
0.2475296
0.2439608
0.2490284
0.2297018
0.22399
0.2429559
0.2282625
0.2491753
0.2387906
0.2407104
0.2454023
0.2272881
0.2585748
0.2318652
0.2403091
0.2479587
0.2542328
0.2585243
0.2482748
0.242743
0.2330128
0.2124548
0.2155337
0.2370752
0.2510473
0.2092561
0.2462468
0.2240967
0.2407166
0.2521939
0.2637428
0.2208671
0.216451
0.2573145
0.212744
0.2377573
0.2507224
0.231032
0.2663065
0.2709797
0.2651673
0.2598644
0.2510455
0.244787
0.2445183
0.2378231
0.2476585
0.2724465
0.2841814
0.2694324
0.2589434
0.2824776
0.2551194
0.2574701
0.2689458
0.2773303
0.2646672
0.2515694
0.261911
0.232299
0.2472963
0.2772945
0.2631531
0.2632746
0.2436675
0.2569301
0.2603584
0.2585666
0.2293004
0.2347888
0.2444881
0.2200767
0.2378358
0.2344164
0.2576512
0.2512887
0.2304768
0.2391907
0.2601221
0.2441525
0.2329284
0.2416275
0.229363
0.2324401
0.2649318
0.2372365
0.2415561
0.2146318
0.2201179
0.2125749
0.2144052
0.2169997
0.2108482
0.2211498
0.1832086
0.2024076
0.214885
0.2138104
0.194712
0.1960052
0.217872
0.2291464
0.2063977
0.2219467
0.215051
0.2200129
0.1977591
0.2368104
0.2279837
0.2107928
0.2188062
0.2212141
0.271721
0.195397
0.2192467
0.1717728
0.211726
0.215442
0.2118311
0.250101
0.2288574
0.2239239
0.2288127
0.2558665
0.2302659
0.231464
0.2384836
0.2130391
0.2245772
0.216999
0.2165404
0.2253841
0.2198571
0.2467998
0.2320155
0.1974853
0.2013267
0.2219054
0.1912996
0.2039919
0.2245889
0.2311609
0.2271102
0.1936782
0.2186956
0.2231618
0.1997865
0.2000607
0.2022482
0.2073317
0.2069128
0.2036767
0.2118427
0.1879647
0.2013882
0.2070212
0.2028384
0.2161304
0.201578
0.2495644
0.2338198
0.1900551
0.2273539
0.2072761
0.2153937
0.2166035
0.2020658
0.2014064
0.2206276
0.1985215
0.1968693
0.2384742
0.2196522
0.2142677
0.1785388
0.1958668
0.1895594
0.2152215
0.1771366
0.1883186
0.1870484
0.1947992
0.1704813
0.1722043
0.1855799
0.1866539
0.186609
0.1851365
0.1833514
0.1854479
0.1727629
0.160282
0.1577162
0.1664879
0.1668105
0.1721811
0.1683931
0.1978341
0.1854227
0.1953232
0.1782896
0.18359
0.1856546
0.1766423
0.2009374
0.1754588
0.1798174
0.182982
0.1731625
0.1681822
0.1917208
0.1730243
0.1542517
0.1747876
0.1763634
0.1900806
0.1927759
0.1843332
0.1807593
0.1861182
0.1880851
0.1904996
0.1977127
0.2029101
0.1988797
0.1863302
0.2042786
0.1997924
0.2110088
0.1897078
0.1939832
0.193548
0.1971839
0.2005253
0.193522
0.2018328
0.17952
0.2040739
0.1964138
0.2153011
0.2058948
0.181167
0.1995091
0.2107943
0.2127066
0.1919954
0.2129451
0.2029103
0.2029972
0.2382512
0.2247756
0.1920345
0.1834375
0.1642447
0.1847245
0.1787845
0.1935058
0.1953858
0.1723374
0.2020173
0.1910297
0.1850241
0.1920318
0.1825472
0.2021111
0.1710447
0.2055691
0.1888259
0.2042859
0.1945449
0.2164236
0.2082635
0.2457245
0.2016164
0.2031023
0.1915839
0.1941757
0.1695092
0.1748719
0.1744694
0.1851832
0.1699101
0.1943144
0.1934731
0.2240175
0.2398174
0.2293632
0.1873301
0.1725164
0.1719725
0.1891749
0.1790656
0.1848828
0.1916378
0.209158
0.21332
0.2089231
0.2067469
0.2291853
0.1925596
0.2066008
0.2024501
0.1910271
0.2150966
0.2066215
0.176865
0.1946659
0.2011679
0.2273638
0.1801934
0.1730177
0.2249028
0.1981422
0.2034426
0.1999898
0.2110415
0.1866376
0.1910789
0.1984443
0.1732166
0.1846486
0.1886866
0.1884035
0.2292332
0.2015328
0.1890373
0.2124739
0.2157546
0.220903
0.1731976
0.2169953
0.2158152
0.2053193
0.196974
0.2280598
0.2272145
0.2215534
0.2068119
0.2294969
0.2111237
0.2135471
0.2227036
0.2249545
0.2020078
0.2094302
0.2360486
0.2080943
0.2007723
0.2220329
0.1904188
0.2078092
0.1780308
0.1630415
0.2096104
0.2187629
0.2303606
0.21617
0.2101155
0.2047656
0.1953682
0.2091892
0.2156464
0.2113974
0.2025854
0.1826645
0.1843598
0.1763635
0.1949469
0.1942603
0.1908084
0.1594539
0.1695733
0.1852722
0.1819569
0.1844614
0.2059969
0.19997
0.1982423
0.1889896
0.2057861
0.1838048
0.1753917
0.1565298
0.1783528
0.1830324
0.1682492
0.1889274
0.1940479
0.2011689
0.164187
0.1612853
0.1920019
0.1939103
0.2048429
0.2022824
0.2093131
0.213904
0.1806356
0.2036041
0.1827251
0.1681937
0.191048
0.1665999
0.1832687
0.1856931
0.1877753
0.1984009
0.204335
0.1739256
0.1825233
0.231329
0.1744472
0.178237
0.1853431
0.175069
0.1705161
0.1722309
0.1797312
0.1937345
0.1951803
0.2133611
0.203681
0.1750849
0.2218174
0.200722
0.1997292
0.2173988
0.2205084
0.208831
0.2108163
0.1829317
0.1919994
0.1798887
0.2202368
0.1685899
0.1731704
0.2077764
0.1935363
0.1540786
0.219537
0.2206189
0.1878325
0.1840597
0.2240701
0.2120506
0.2390954
0.1981989
0.2258222
0.2223251
0.2077267
0.2057554
0.2066881
0.2000117
0.2141126
0.1910271
0.2276919
0.1967391
0.2211354
0.1865579
0.170487
0.1857439
0.1692178
0.1848256
0.1727418
0.1865819
0.2145639
0.2024419
0.196662
0.2352458
0.2175447
0.2051692
0.1898216
0.1756968
0.2035065
0.2263604
0.2424122
0.2255881
0.2263817
0.217065
0.2215757
0.2242858
0.1894836
0.2227206
0.2146374
0.2169853
0.2384644
0.2152825
0.2343916
0.227353
0.19698
0.2367385
0.2325165
0.2177166
0.2297849
0.1858354
0.1927353
0.2163182
0.2220619
0.1911708
0.2314984
0.2423236
0.1971426
0.2001773
0.2199257
0.2414506
0.2072333
0.2301573
0.2320629
0.2129165
0.2208317
0.209314
0.2143752
0.199716
0.2083977
0.2068012
0.175184
0.1978244
0.2041081
0.2072658
0.2139169
0.1805849
0.1934887
0.1822397
0.1930023
0.1920034
0.1995728
0.1999423
0.1850727
0.1862831
0.1857432
0.202789
0.1870449
0.1914449
0.1821164
0.1913303
0.1968174
0.1969853
0.1899455
0.1917675
0.1878635
0.1896544
0.1869977
0.1887823
0.1776128
0.1738904
0.1787025
0.2031841
0.164066
0.1937379
0.2054818
0.2188987
0.2272583
0.2165273
0.2323592
0.1887778
0.1963837
0.1888925
0.2079492
0.2026934
0.1797496
0.2047905
0.2200664
0.1937218
0.2153822
0.1863935
0.2022842
0.2091474
0.1927573
0.1946568
0.1880004
0.2061566
0.2017903
0.2276645
0.2051739
0.2083818
0.2108527
0.217472
0.229136
0.2310884
0.2300208
0.1872147
0.1780202
0.1948199
0.2222554
0.1973399
0.2094904
0.2292546
0.1924364
0.2263943
0.2135163
0.2163577
0.2332001
0.2033679
0.2146645
0.2085607
0.2096834
0.1960273
0.2136516
0.2119922
0.1756382
0.1882789
0.1773019
0.1872782
0.2064716
0.1903447
0.2096775
0.2137171
0.1882258
0.19441
0.1978569
0.2123826
0.221824
0.1814983
0.1953545
0.2089234
0.2069295
0.2084344
0.1815125
0.1864289
0.1910562
0.2011364
0.1995621
0.2206191
0.1998512
0.2098081
0.19135
0.1926704
0.1881008
0.2073843
0.2098615
0.2168215
0.2180466
0.1968499
0.1816064
0.1984145
0.2028245
0.2398146
0.198289
0.2099861
0.1746741
0.1816866
0.1731016
0.1796518
0.187067
0.1667883
0.1696146
0.1634407
0.1753112
0.1785408
0.1752382
0.178728
0.1647024
0.1871511
0.1777859
0.1830477
0.1870842
0.1780544
0.1788235
0.2042274
0.1813338
0.1622432
0.1783082
0.1825302
0.157883
0.1726108
0.1573348
0.1680451
0.1622463
0.1746802
0.1450791
0.1624353
0.1731667
0.1619591
0.1776176
0.1671584
0.1693293
0.1716228
0.180361
0.1779144
0.1438176
0.1459789
0.1738908
0.1579329
0.1568945
0.1515556
0.1677941
0.180299
0.1394382
0.1459963
0.1586181
0.1556709
0.1653152
0.1625846
0.1744696
0.2062423
0.1822578
0.2139595
0.1844865
0.1887566
0.1708661
0.1821287
0.1758022
0.2331484
0.20295
0.2305784
0.2292175
0.1834223
0.1969905
0.1912643
0.1951605
0.1818355
0.1749905
0.1841951
0.1910027
0.1689049
0.1908149
0.1642689
0.1456449
0.1835362
0.1772435
0.1535862
0.1679338
0.1993873
0.1860106
0.1866836
0.2047393
0.2108974
0.1783773
0.2188368
0.2466478
0.1842354
0.1691508
0.1628805
0.2265528
