0.2054397
0.1883296
0.2341663
0.2390764
0.210503
0.2301137
0.2405668
0.2525806
0.2171937
0.2095603
0.220365
0.2544364
0.2339546
0.2213206
0.2105103
0.2206675
0.1840139
0.1953581
0.1920066
0.2476393
0.2200388
0.2271726
0.2059936
0.2126781
0.1978712
0.2146213
0.2495975
0.2283817
0.2527306
0.2296508
0.2110909
0.2385432
0.2279413
0.2325929
0.2573394
0.2258003
0.2365791
0.2322185
0.2509143
0.2476183
0.2222158
0.2551898
0.251063
0.2536737
0.2150666
0.2019661
0.2738247
0.2918915
0.2481761
0.1844502
0.2021034
0.2275716
0.2602999
0.2413138
0.2337952
0.251655
0.274103
0.2273648
0.2509268
0.2417352
0.2421652
0.2574257
0.2608536
0.2493434
0.2365153
0.2535016
0.2494403
0.2329856
0.2675506
0.2612247
0.2821868
0.264715
0.2732926
0.2849334
0.2547908
0.2798757
0.3039851
0.2488404
0.282033
0.277412
0.2517082
0.2690392
0.2847174
0.288373
0.2648927
0.2923582
0.2518502
0.237643
0.2764795
0.2959247
0.2989236
0.2788524
0.2934805
0.28667
0.2899475
0.2862177
0.2635508
0.279018
0.2612483
0.2478062
0.2631548
0.282984
0.2478427
0.2626896
0.2787426
0.2988509
0.3044317
0.2858522
0.2846269
0.2820388
0.3085601
0.2814035
0.2142119
0.2449733
0.2299312
0.2463227
0.2210215
0.2479357
0.2601617
0.2134917
0.2467933
0.226589
0.2474463
0.207691
0.2208013
0.2508034
0.2669709
0.2563435
0.2397689
0.2352119
0.2615545
0.2277309
0.2299042
0.2702254
0.2403441
0.2834836
0.3047406
0.2493814
0.2750377
0.2584247
0.2636316
0.2084831
0.2515472
0.2397127
0.2733608
0.2048836
0.2034077
0.2121594
0.1811123
0.2384187
0.2225229
0.2473527
0.2034173
0.1792516
0.2473093
0.2327187
0.2209637
0.2275316
0.2521628
0.2119117
0.2637013
0.2525689
0.1943555
0.2285699
0.2133985
0.1954841
0.2525789
0.2365112
0.255329
0.2629319
0.2358384
0.1939121
0.2195461
0.240226
0.2438371
0.2352231
0.2225354
0.2264121
0.2276876
0.2323187
0.2310537
0.224696
0.2644099
0.2839772
0.2635959
0.2916307
0.2504319
0.2834023
0.2499319
0.2332318
0.3197282
0.2962866
0.288772
0.2643814
0.245994
0.2663241
0.2730992
0.3091426
0.324491
0.2487119
0.2655545
0.2482142
0.2781456
0.2557068
0.2517846
0.2633293
0.2657353
0.25675
0.286915
0.2570643
0.2718573
0.2643467
0.2780828
0.3114574
0.2671996
0.2668107
0.2768473
0.2970245
0.2275743
0.2719629
0.2285827
0.2517072
0.2466989
0.2568678
0.2815231
0.2861233
0.2798772
0.290781
0.2923752
0.2889771
0.2705039
0.2927952
0.2851961
0.2972201
0.3125474
0.2856806
0.2842246
0.2575281
0.2648903
0.3111039
0.2998079
0.2848575
0.2622328
0.2899449
0.2942642
0.32593
0.3078817
0.2877417
0.3109134
0.3286833
0.2931722
0.3210952
0.3009145
0.2783522
0.3003338
0.3315725
0.2975059
0.305043
0.3164719
0.2965542
0.2834247
0.2975537
0.2510682
0.2967982
0.2736614
0.2899271
0.283609
0.2623248
0.3053937
0.2645721
0.3146898
0.2627252
0.3040736
0.2857181
0.3088408
0.3172615
0.300635
0.3225004
0.2883252
0.2892163
0.2707156
0.2539173
0.3084064
0.3116841
0.3077145
0.3377171
0.3390596
0.2923262
0.2960932
0.3411778
0.3032911
0.3044979
0.3310501
0.357478
0.3060737
0.3065828
0.2983516
0.3023794
0.2858257
0.30934
0.3040339
0.3161061
0.28198
0.317864
0.321615
0.3080421
0.2878524
0.3250937
0.3066268
0.3277032
0.3178627
0.2726654
0.3143827
0.317379
0.2947921
0.3179566
0.3257432
0.3162776
0.2895049
0.3726009
0.3746117
0.3810858
0.341701
0.3309796
0.3300581
0.3018054
0.3234634
0.3098851
0.2841077
0.2997849
0.2569972
0.2704319
0.3068319
0.3072811
0.2986902
0.3061033
0.2819996
0.3031343
0.2967526
0.2935982
0.3177945
0.3213723
0.3169274
0.3088564
0.3286301
0.3283508
0.3308329
0.3015607
0.2691996
0.2584983
0.2540598
0.2734282
0.2958004
0.2853025
0.2936379
0.2949852
0.2679527
0.2846623
0.2734433
0.2970622
0.2916299
0.337443
0.3087669
0.335188
0.287858
0.2979976
0.2797772
0.2788289
0.2893481
0.2838905
0.2855195
0.2865631
0.2670501
0.2974653
0.2981551
0.3140305
0.3299279
0.3088473
0.2966251
0.2414131
0.24107
0.3150703
0.2614959
0.2626948
0.2208193
0.2808774
0.2657554
0.2366803
0.2566735
0.2246082
0.2942388
0.261658
0.2388323
0.274147
0.2529784
0.2909087
0.2223339
0.2810789
0.2916143
0.2435145
0.2369733
0.2363333
0.2833125
0.2550203
0.258176
0.2678163
0.2303773
0.2936478
0.2813815
0.2689666
0.2704087
0.2664752
0.2703064
0.2595339
0.2688738
0.2629393
0.2667745
0.2348132
0.265674
0.2417987
0.2358056
0.249481
0.2507103
0.2859747
0.2622806
0.2616882
0.2693047
0.2604171
0.2931357
0.2786936
0.2809152
0.2663586
0.2811948
0.2971953
0.2810542
0.3036531
0.2858976
0.3021767
0.3121923
0.2792644
0.281136
0.27883
0.3118747
0.2428098
0.252227
0.2782255
0.2588935
0.2832042
0.2637057
0.3107411
0.2747523
0.2944544
0.2767411
0.3149507
0.2934157
0.2904279
0.2741559
0.302122
0.3267694
0.3037377
0.2752049
0.2801043
0.26408
0.2615354
0.272849
0.2766333
0.3225542
0.270918
0.305046
0.2866052
0.2765316
0.2956211
0.3487203
0.2849021
0.2973512
0.3466763
0.3303209
0.3207657
0.2992787
0.3182089
0.3115297
0.302686
0.2635452
0.3007774
0.2869159
0.3051769
0.3337501
0.3241325
0.3405928
0.3178157
0.3314921
0.3286186
0.3293848
0.3333452
0.3347027
0.3774257
0.3556088
0.3017075
0.3285085
0.2866701
0.2721915
0.302744
0.2410145
0.2775372
0.2913837
0.3325278
0.3017846
0.2830539
0.2876275
0.2816725
0.2877521
0.2596832
0.2661547
0.2396359
0.2873769
0.2730503
0.277996
0.2582998
0.298135
0.309754
0.2778505
0.2949733
0.2548544
0.2793485
0.2905222
0.2897488
0.2907403
0.2853858
0.2773651
0.2828265
0.2774442
0.2816423
0.301503
0.2822152
0.2716832
0.3006935
0.2980417
0.2875501
0.2464748
0.3016782
0.2871695
0.2814474
0.3348587
0.2787633
0.2867866
0.3140343
0.3024499
0.2863511
0.3285833
0.2937202
0.3294127
0.2849058
0.3294237
0.2895136
0.3034588
0.318809
0.3098622
0.3180473
0.3170253
0.2972554
0.3203771
0.3029243
0.2905793
0.2954089
0.3074458
0.3029385
0.311014
0.3174343
0.3006079
0.2866159
0.2986568
0.3199131
0.2951787
0.2923789
0.3068549
0.277593
0.3012948
0.2920848
0.319412
0.2709662
0.2685922
0.2984295
0.3114865
0.3189434
0.2919061
0.3410746
0.3250226
0.2911589
0.319866
0.3016501
0.312221
0.2897654
0.3090165
0.3261998
0.3115579
0.3211044
0.3362682
0.2942849
0.2590494
0.3139577
0.2888605
0.3169262
0.2913472
0.3056727
0.281284
0.2584699
0.2992198
0.2597277
0.3003302
0.2717285
0.2915818
0.2892382
0.2895992
0.2908735
0.2792652
0.2916818
0.2701308
0.3009257
0.2639922
0.3042471
0.2682427
0.305117
0.292968
0.2928613
0.3006454
0.3153575
0.3488947
0.2998578
0.3046004
0.2950396
0.3120967
0.2708076
0.306685
0.3018539
0.2823989
0.2918341
0.2872932
0.3110546
0.2811143
0.3094326
0.3220109
0.2734824
0.2661316
0.2729332
0.2909819
0.2928376
0.2723454
0.2945262
0.2832968
0.2991452
0.2752977
0.2748369
0.2786397
0.3037241
0.3120652
0.2744634
0.3020478
0.3202538
0.3264042
0.3050058
0.2758953
0.3067756
0.3111283
0.2972259
0.2806512
0.3279915
0.2702751
0.3240637
0.2933373
0.3096517
0.300214
0.2883455
0.2667313
0.3005364
0.3050163
0.295027
0.3050606
0.2981023
0.2951464
0.3030244
0.3244057
0.3083934
0.281353
0.272301
0.3041335
0.2899259
0.2750739
0.292359
0.2703143
0.2924587
0.2787952
0.2630174
0.2751395
0.2792289
0.2809286
0.3065385
0.2907887
0.2956999
0.2624384
0.2952317
0.3180208
0.2997757
0.3011689
0.2947033
0.2986525
0.2950547
0.2599005
0.282297
0.2879126
0.3052648
0.2852328
0.2797342
0.2886857
0.285579
0.2815125
0.2887661
0.2777905
0.2960487
0.309727
0.2780907
0.2669249
0.283718
0.2683414
0.2785744
0.2624288
0.3033326
0.2762415
0.2929206
0.2681277
0.2874926
0.2836795
0.2840374
0.2792751
0.2760392
0.287323
0.2836536
0.2929669
0.2918557
0.2541026
0.2873763
0.2866802
0.2962124
0.3086587
0.3230233
0.30397
0.2651438
0.2808726
0.2768881
0.3069124
0.3146122
0.3060364
0.2638944
0.2957858
0.289736
0.2717964
0.3147545
0.2847473
0.2837458
0.2852231
0.3073652
0.2904716
0.2736133
0.2649803
0.2843933
0.2764411
0.2918909
0.2969478
0.2878108
0.2976272
0.3102296
0.2908334
0.320224
0.3028763
0.2981685
0.3171329
0.2817541
0.2474431
0.2798089
0.2387588
0.268213
0.2760745
0.2960053
0.2651047
0.2844111
0.2846506
0.2827338
0.2849258
0.2860234
0.2978421
0.2183879
0.2677595
0.2729653
0.2780261
0.2794473
0.2935905
0.265413
0.2761094
0.2969922
0.3072262
0.3015306
0.279403
0.2560546
0.2583292
0.2767068
0.2798772
0.2662227
0.2736597
0.2743467
0.2586356
0.2593067
0.2676859
0.2767239
0.2703077
0.267184
0.2810419
0.2876633
0.2749421
0.2679344
0.2659228
0.269303
0.2858423
0.2764768
0.2976946
0.3294138
0.2982871
0.2808799
0.2913564
0.3068191
0.2357373
0.2922405
0.267578
0.2748756
0.3144931
0.2979497
0.2973097
0.2673396
0.2697871
0.2713943
0.2655565
0.2933551
0.2609067
0.2679907
0.2646245
0.2607448
0.2623596
0.2767725
0.2938603
0.2769643
0.2951382
0.2816345
0.285318
0.303378
0.3027301
0.2828809
0.2747214
0.2965316
0.3093175
0.3086878
0.2899002
0.2395153
0.2794747
0.3057413
0.2974043
0.3068031
0.2835509
0.2682355
0.2705432
0.2707531
0.2618175
0.2799133
0.2728707
0.2573674
0.2852843
0.2656669
0.2945625
0.2414209
0.2617133
0.284519
0.2712293
0.2669028
0.3003081
0.2666956
0.2743854
0.2745789
0.247259
0.2712587
0.2685266
0.260969
0.2771628
0.2904227
0.2668221
0.2584722
0.247195
0.2661001
0.280456
0.2685627
0.2927245
0.2869113
0.2825742
0.2951524
0.3064951
0.2867015
0.2651688
0.2808291
0.24668
0.3046695
0.2808097
0.2891863
0.2564924
0.2814005
0.2980952
0.2996485
0.2867092
0.2781022
0.2862989
0.3047972
0.2721002
0.2942951
0.2995164
0.3131375
0.3019325
0.3121721
0.3562995
0.3199583
0.2856827
0.3393702
0.3179052
0.2997652
0.3056055
0.2857066
0.3051795
0.3404638
0.2771906
0.3332
0.3007698
0.2965707
0.3081956
0.329547
0.2542765
0.2611126
0.2808702
0.2672247
0.2731603
0.2926022
0.2848455
0.2860193
0.3228246
0.2964407
0.2993655
0.3046626
0.3111009
0.2767375
0.2460738
0.2689373
0.2608686
0.3091586
0.2684079
0.2896615
0.2783508
0.2705691
0.2562639
0.3000165
0.2841821
0.2466178
0.2877416
0.263608
0.2671995
0.250772
0.2768751
0.2687035
0.2784118
0.3034958
0.2898567
0.2657225
0.2842563
0.2786939
0.2866452
0.2953872
0.3059804
0.3167322
0.2989639
0.3383309
0.2714796
0.2678508
0.2804513
0.2994731
0.2789898
0.2841903
0.2683772
0.3059448
0.2701913
0.3111531
0.2945853
0.2924431
0.2930903
0.2884977
0.3199121
0.3003257
0.2718882
0.3091787
0.3012613
0.3135295
0.3283965
0.2828644
0.2736775
0.3211502
0.3064609
0.2805905
0.2819357
0.2837022
0.2806379
0.2946391
0.2748021
0.2823076
0.2632883
0.2823751
0.2579563
0.3027278
0.2723265
0.2627731
0.2964314
0.3134713
0.3111942
0.2986202
0.2774438
0.3037001
0.2661
0.277554
0.2643818
0.2830196
0.2657529
0.2818655
0.3025312
0.2947456
0.3110507
0.3263649
0.305147
0.3017182
0.2519308
0.3034415
0.2933438
0.2698486
0.2971818
0.3043797
0.3113722
0.2851186
0.2990349
0.3191445
0.2934318
0.3040114
0.3086191
0.2891497
0.2855272
0.3115108
0.3302418
0.3038678
0.318068
0.3173164
0.2864793
0.2979776
0.3162468
0.3374511
0.3106753
0.3073831
0.312278
0.3156053
0.3025202
0.3012329
0.2904033
0.2698827
0.2851402
0.2821935
0.3032178
0.3183203
0.3192391
0.2979343
0.3334374
0.3123214
0.2993648
0.329975
0.2875002
0.3128517
0.2862578
0.3378162
0.2885229
0.3042848
0.3040018
0.3167139
0.3241149
0.3449279
0.3020762
0.2916319
0.2913019
0.325335
0.3550149
0.3013863
0.3178152
0.3106817
0.2707629
0.3113777
0.2764524
0.2661302
0.2964419
0.3138263
0.3041652
0.3170092
0.2830923
0.3000603
0.2691317
0.295752
0.289863
0.2861699
0.3053019
0.3060041
0.310175
0.3420883
0.2968257
0.3099872
0.3214096
0.3139612
0.3054305
0.3081911
0.2913209
0.3036377
0.3112996
0.3109036
0.3036563
0.3050362
0.2741556
0.2969796
0.3167018
0.2908194
0.3104523
0.2760604
0.2779777
0.2922798
0.3024075
0.2931029
0.2839456
0.299511
0.2612837
0.2632588
0.274557
0.2573656
0.2779855
0.2864293
0.2847432
0.272666
0.268066
0.2777559
0.2729344
0.2730698
0.2710455
0.2660102
0.2606375
0.2757662
0.2731822
0.2662228
0.2617221
0.3054
0.2970221
0.292172
0.251313
0.2717267
0.2712769
0.2558362
0.2582655
0.2742804
0.2778251
0.2523546
0.321941
0.2878951
0.2911241
0.3075939
0.2843401
0.2585301
0.3076385
0.3029233
0.3050005
0.2884078
0.2873801
0.2886097
0.2944903
0.2996432
0.3255917
0.2929638
0.2919755
0.3055108
0.301375
0.3187363
0.2965
0.2619567
0.288662
0.2602364
0.2793629
0.2642967
0.264407
0.2845121
0.2783038
0.284262
0.2511943
0.2917121
0.3333921
0.271545
0.2795514
0.2580363
0.2820803
0.298116
0.2870805
0.2985497
0.2958522
0.2886697
0.2811681
0.2916771
0.2682357
0.2907985
0.2766441
0.2851402
0.2773957
0.2680643
0.304562
0.3134524
0.2936893
0.2798326
0.3096632
0.2796949
0.2958366
0.2996729
0.2953913
0.2829753
0.2563941
0.2575862
0.2588058
0.2353226
0.2665028
0.2888336
0.271385
0.3031629
0.2900204
0.2862633
0.2783586
0.2642803
0.2726762
0.2788911
0.257561
0.2840561
0.2862681
0.2711265
0.2682076
0.2680707
0.2848879
0.2833261
0.2752034
0.2886458
0.2453398
0.303482
0.2887823
0.2791947
0.2692836
0.2925782
0.2803803
0.3044501
0.3158491
0.3251879
0.3439135
0.3413087
0.3365867
0.2981926
0.3018777
0.3231889
0.3096475
0.2963987
0.2704662
0.3433074
0.3117281
0.3415033
0.3607289
0.3494234
0.3308938
0.3268831
0.3719679
0.3726338
0.3482828
0.3256443
0.3151699
0.2758934
0.3132775
0.2869097
0.2993383
0.2582407
0.2969494
0.2632611
0.2961474
0.3321178
0.338303
0.2966419
0.3184053
0.2826405
0.3142605
0.3098036
0.3164737
0.3092934
0.3498446
0.3101717
0.2769056
0.2854365
0.3133844
0.3154061
0.308434
0.3384472
0.3201224
0.2990143
0.3193211
0.3174683
0.3712838
0.3039222
0.3545931
0.3455832
0.3365259
0.3387542
0.3244635
0.3313993
0.3313486
0.3187934
0.3198337
0.337648
0.2923699
0.3039457
0.3224152
0.2882649
0.2783215
0.3304677
0.3205176
0.2941361
0.2910005
0.3217071
0.2917647
0.3398898
0.301295
0.2894506
0.3132446
0.2560379
0.2826962
0.2835324
0.3063419
0.2908408
0.2828673
0.2969806
0.2915753
0.2707351
0.2861167
0.2983207
0.2972096
0.3103782
0.2560303
0.2812221
0.2526253
0.279693
0.2885039
0.265037
0.2828094
0.276686
0.2709758
0.2740366
0.283003
0.2765445
0.2924671
0.2817154
0.2744852
0.2866207
0.2658218
0.2999659
0.3125082
0.3217624
0.2994876
0.2781014
0.3045607
0.2661121
0.2876993
0.2762446
0.2451488
0.2590693
0.2755654
0.2796808
0.3208364
0.2987261
0.2951359
0.3142426
0.3359948
0.3188339
0.3131964
0.3280179
0.3259354
0.3075383
0.3265688
0.2838936
0.310019
0.3013638
0.2888374
0.3316234
0.2987002
0.3911888
0.3105836
0.3370449
0.3265573
0.3259179
0.3189845
0.3015488
0.321625
0.304063
0.3185878
0.3252665
0.3073072
0.3412491
0.3281093
0.3173818
0.3058028
0.3201509
0.3088054
0.3484742
0.3471979
0.3406954
0.3151558
0.3277983
0.3218449
0.3500708
0.352654
0.3668227
0.31017
0.3558598
0.3198864
0.3162542
0.3508582
0.3413344
0.335328
0.3107513
0.3563761
0.3276451
0.3025129
0.3320476
0.3099333
0.3496042
0.3234279
0.3156723
0.3446888
0.3374542
0.3443756
0.3325116
0.3252125
0.3142324
0.3499663
0.3365137
0.3281098
0.2845255
0.2742663
0.3267086
0.295379
0.3147724
0.3340155
0.2866112
0.3219325
0.2931013
0.2679094
0.2861843
0.27549
0.2772158
0.2640468
0.2737525
0.2600153
0.296954
0.2744597
0.2841186
0.3003828
0.3032956
0.2837774
0.2719289
0.2659695
0.2903668
0.2799409
0.2821809
0.2642495
0.2394145
0.2267659
0.2696829
0.2701665
0.2889594
0.2498752
0.2823608
0.2754273
0.2905554
0.3247957
0.3379049
0.3463374
0.2812487
0.2857218
0.2817264
0.2932757
0.3462731
0.3541719
0.3435993
0.3072191
0.3473289
0.3465879
0.2891559
0.3216256
0.3217756
0.2964655
0.2760578
0.3096651
0.3196706
0.2830743
0.3012932
0.281384
0.2914974
0.2510636
0.2806998
0.2764427
0.2610645
0.2421108
0.264715
0.2777059
0.2626951
0.243141
0.2043133
0.2519714
0.2285639
0.2614504
0.2346622
0.243874
0.2125508
0.2233175
0.2404413
0.2561455
0.2586724
0.246509
0.2467423
0.2578816
0.2826787
0.2758875
0.2515867
0.2529424
0.2428397
0.2448058
0.2686245
0.2693347
0.2606283
0.2647221
0.2856637
0.3002021
0.2953975
0.2881198
0.2871243
0.3119397
0.3217468
0.2789551
0.2704232
0.223286
0.2453552
0.2766134
0.2560214
0.2434626
0.2529827
0.241047
0.2927488
0.2869245
0.2705517
0.2890986
0.2905156
0.2578984
0.2345624
0.2843616
0.3021079
0.2889307
0.226395
0.2350029
0.2371212
0.2663417
0.2327562
0.2259301
0.2399884
0.2529825
0.2408161
0.2273442
0.2563138
0.2190001
0.2237805
0.2457479
0.2150735
0.2239733
0.2151953
0.2227012
0.2369718
0.2371925
0.2547985
0.2440622
0.2389088
0.2518005
0.238275
0.2544709
0.2473395
0.2603534
0.2698627
0.2587594
0.2591185
0.2362465
0.2489115
0.2440086
0.2306066
0.2363655
0.2372471
0.2490082
0.2446854
0.2471877
0.2611122
0.2296476
0.2592606
0.2594451
0.2340769
0.2544579
0.2727882
0.2709263
0.2827082
0.2399612
0.1960769
0.2067439
0.2563346
0.2442502
0.2501508
0.2499907
0.2707738
0.2432143
0.2132703
0.2286568
0.2401977
0.2432864
0.2495318
0.2328525
0.2366496
0.2548565
0.2389278
0.2579738
0.2308202
0.2274195
0.2400181
0.232791
0.2327315
0.2211646
0.1910765
0.2149857
0.2149932
0.2863927
0.2762015
0.2679701
0.2528039
0.2670507
0.2605411
0.249942
0.2803666
0.2380775
0.2381142
0.2577984
0.2772477
0.2709951
0.286646
0.2730215
0.2770897
0.2833867
0.281573
0.3033764
0.2928433
0.281928
0.2862387
0.2539053
0.3040001
0.2658376
0.2914003
0.2997887
0.2769326
0.2950409
0.309486
0.2719836
0.2692906
0.2627239
0.2969184
0.2771068
0.2820481
0.2931316
0.2896448
0.2957116
0.2958446
0.2943332
0.3027986
0.2666306
0.2358323
0.2579928
0.2349302
0.3013775
0.299033
0.2623852
0.2851112
0.3041875
0.2931984
0.2750992
0.2940379
0.2708124
0.2718363
0.2666852
0.2886883
0.2709594
0.3174996
0.3059152
0.2795512
0.2704754
0.2994173
0.3007242
0.2899643
0.306655
0.3013184
0.2986883
0.2874071
0.2988072
0.3071799
0.3095128
0.3007497
0.295903
0.2997289
0.2823884
0.3002262
0.2795032
0.2734184
0.2952589
0.3334269
0.312794
0.2750181
0.289319
0.3076423
0.2810495
0.2718293
0.2946081
0.2960269
0.2662656
0.2740802
0.2881557
0.2622332
0.3009634
0.3173269
0.2917835
0.2961674
0.2845873
0.2627999
0.2712436
0.2742227
0.2779482
0.2930041
0.2679886
0.2790043
0.2951446
0.2536648
0.283792
0.3192741
0.2604945
0.2937042
0.2752313
0.2876618
0.305256
0.2976242
0.272824
0.2800601
0.2877166
0.266993
0.2965612
0.3056436
0.2594959
0.3164361
0.2874757
0.3199451
0.3055885
0.273408
0.2955832
0.2891207
0.2841201
0.2942588
0.3054115
0.2779675
0.2818208
0.2612758
0.3149359
0.2774585
0.2698727
0.2555879
0.2714534
0.3095585
0.260831
0.2837199
0.296355
0.2754759
0.2720287
0.2694471
0.2863845
0.2509121
0.2578605
0.2785224
0.2924434
0.28521
0.2727462
0.2933878
0.2641159
0.2875068
0.2900511
0.3081092
0.2807929
0.2748399
0.2853953
0.2686778
0.2362789
0.2785689
0.2942098
0.3088399
0.2908219
0.2784456
0.3104185
0.2713459
0.2665787
0.2601559
0.2795651
0.2434162
0.2727101
0.2939563
0.2745101
0.2460495
0.2879836
0.2875578
0.2933346
0.2687915
0.2711548
0.2859449
0.2739926
0.3078093
0.2695177
0.2473925
0.2670393
0.2901222
0.2983184
0.3051396
0.2858173
0.2958873
0.2786188
0.2209799
0.2548874
0.2421551
0.2521384
0.2407364
0.2322235
0.1830692
0.2307063
0.2395628
0.2487329
0.2826706
0.2861431
0.2800742
0.2772357
0.2580759
0.2945668
0.2580263
0.2789036
0.2761509
0.2573769
0.2809077
0.2710281
0.2902871
0.2649738
0.2707206
0.2842971
0.2699563
0.2790351
0.2425917
0.3012155
0.2465343
0.2567366
0.2769195
0.2770462
0.2768315
0.2575135
0.2915519
0.2460166
0.2633606
0.2467354
0.2909246
0.2627705
0.2602361
0.2366884
0.2961225
0.2564973
0.2662517
0.2692304
0.2693028
0.2829765
0.2619601
0.2512926
0.277858
0.2993903
0.2914998
0.2538874
0.2900002
0.2851224
0.2656708
0.2951256
0.267947
0.2499922
0.2707804
0.2863253
0.2764265
0.2892046
0.2555826
0.2408639
0.2336225
0.2858712
0.2655793
0.2556627
0.2594373
0.282822
0.2688508
0.2870202
0.2923162
0.258768
0.2742663
0.30811
0.2530742
0.2904831
0.2867457
0.2651715
0.2515404
0.2426581
0.2368641
0.264269
0.2724082
0.2604406
0.2508853
0.2815557
0.2957156
0.2544154
0.2299988
0.2561589
0.2708366
0.2669144
0.2796237
0.2796075
0.2691784
0.2531573
0.2605271
0.2794423
0.3039333
0.2808511
0.2869845
0.2753917
0.2895582
0.2957995
0.2892148
0.2553008
0.2721073
0.2847716
0.2693876
0.2729774
0.2946477
0.2864228
0.2951639
0.259629
0.2834082
0.2921014
0.2887136
0.2911511
0.2713798
0.2625661
0.2586212
0.2685505
0.2857633
0.3286326
0.316183
0.299539
0.2959512
0.3042485
0.2962215
0.2889217
0.2884392
0.271723
0.3076175
0.275492
0.3055342
0.2492746
0.2780072
0.2995552
0.2593668
0.270097
0.2851488
0.2707309
0.2928879
0.3007465
0.3057048
0.3278694
0.2743509
0.2803616
0.3004088
0.3010884
0.2761123
0.2638507
0.2820651
0.3096951
0.3172966
0.3092194
0.3078216
0.3439684
0.357214
0.3138753
0.3223016
0.368364
0.3299572
0.3270202
0.3034821
0.2650626
0.3154632
0.3112643
0.2585913
0.2445015
0.2439329
0.2532946
0.2735047
0.2317405
0.2223699
0.2232683
0.2466508
0.2371079
0.2426292
0.2561349
0.2661389
0.2617951
0.2456807
0.2603476
0.2810118
0.2574755
0.2615875
0.2588421
0.2778204
0.2612151
0.2750397
0.2571994
0.2585359
0.2512279
0.2693238
0.2734152
0.2972024
0.2840615
0.2653528
0.2359534
0.2874126
0.2692895
0.2843276
0.2699442
0.2571547
0.2573892
0.2350043
0.2452685
0.2341077
0.2246146
0.2471139
0.2174893
0.2697844
0.2697096
0.2839558
0.2880763
0.2823315
0.2742612
0.2966501
0.2784818
0.2901973
0.2597896
0.2828639
0.3239557
0.2911394
0.3017128
0.2717163
0.2862734
0.2401164
0.2734394
0.2835758
0.2826259
0.2885885
0.2876964
0.3140589
0.3158164
0.3122172
0.3241352
0.3465728
0.3294299
0.2783391
0.3008067
0.2752341
0.2610513
0.2621886
0.2969002
0.2535796
0.2981505
0.2968152
0.2687213
0.2498285
0.2607117
0.2812859
0.2760222
0.2806293
0.280948
0.2577554
0.2906412
0.2593412
0.2656308
0.2849752
0.271404
0.2913952
0.2853253
0.2511632
0.2763777
0.2619674
0.270683
0.3044137
0.2822485
0.2539809
0.2981617
0.2957824
0.2605486
0.2875974
0.2773406
0.2735451
0.2780429
0.2608361
0.2352584
0.2723216
0.2407908
0.2655417
0.2985578
0.2687531
0.284952
0.3069221
0.292383
0.2635701
0.2867402
0.272772
0.3133907
0.2943329
0.3027425
0.3059024
0.291743
0.2666032
0.2883222
0.2824216
0.276801
0.274337
0.2612013
0.2539568
0.2427126
0.232224
0.2804574
0.2467574
0.2533986
0.2799474
0.2473052
0.2242984
0.2369864
0.2941974
0.2525104
0.2744453
0.2377529
0.3034851
0.2449406
0.2519896
0.2770616
0.2670703
0.2757442
0.2725404
0.292249
0.2398563
0.2573782
0.2660005
0.2492853
0.2512519
0.2948141
0.304917
0.2828525
0.2868294
0.2633997
0.2659639
0.249266
0.240133
0.274761
0.25907
0.2604584
0.2708628
0.2591747
0.316975
0.2751189
0.2821575
0.2737487
0.2423798
0.285675
0.2337785
0.2261354
0.238605
0.2072662
0.2212148
0.2519082
0.2409297
0.2709685
0.2934132
0.2763106
0.2469156
0.232273
0.248499
0.2410381
0.2334837
0.2504727
0.2532842
0.239485
0.2398964
0.2342069
0.276512
0.2063045
0.2458993
0.2208874
0.2358204
0.2297088
0.2300367
0.2369832
0.2559682
0.2490144
0.2519027
0.2338821
0.2337897
0.2352869
0.249526
0.2462323
0.2523575
0.2470066
0.2591935
0.2362206
0.2593744
0.2158638
0.2505031
0.2236668
0.2468133
0.2291045
0.2364177
0.2098598
0.1961486
0.2398609
0.2500539
0.240649
0.2450576
0.231842
0.2591354
0.2374341
0.2433295
0.281884
0.2348602
0.2659696
0.2413583
0.2700831
0.2712715
0.2101967
0.2763264
0.2564998
0.2332918
0.2696849
0.2610586
0.230931
0.244717
0.2465592
0.2325637
0.2453071
0.2407005
0.2496368
0.2473756
0.2189685
0.2317989
0.2503003
0.2578067
0.2464309
0.2234057
0.29421
0.2407591
0.258779
0.2381895
0.2122765
0.2233039
0.2150642
0.2219474
0.2345115
0.2467668
0.2475629
0.2441315
0.2165072
0.2615575
0.2268136
0.2532346
0.265274
0.2577343
0.2358324
0.2370392
0.2572186
0.2864004
0.2150582
0.2203274
0.229052
0.2314522
0.2230331
0.2375187
0.2216616
0.2130354
0.2301594
0.2603514
0.2457847
0.2705634
0.245157
0.2573815
0.2125256
0.2533033
0.2200466
0.2222017
0.236115
0.2147595
0.2130449
0.2337572
0.2501086
0.2469313
0.2663907
0.2315837
0.2321202
0.2385734
0.2743812
0.2618624
0.2454934
0.2359843
0.2207176
0.2445958
0.2623763
0.2644764
0.2652857
0.2827553
0.2867706
0.2785707
0.2804361
0.2549915
0.3308321
0.3397892
0.3100935
0.3487635
0.3446659
0.2995226
0.3103144
0.3123592
0.2742627
0.2916143
0.3448559
0.3173071
0.3185533
0.2897249
0.3051808
0.3146242
0.3219675
0.3277974
0.3359438
0.3206084
0.3152849
0.3271122
0.3528107
0.3047333
0.3196622
0.2911034
0.3171679
0.3164397
0.3257602
0.3368101
0.3268965
0.3132255
0.314677
0.2953165
0.2803162
0.2910214
0.252058
0.2487306
0.2682961
0.257289
0.2961483
0.2535655
0.2949682
0.3168809
0.2769855
0.3053922
0.2846172
0.2883378
0.2300852
0.2719621
0.3193897
0.3269386
0.3508748
0.3651171
0.3612773
0.3429721
0.3432622
0.3245448
0.3593602
0.3045903
0.2876862
0.3115544
0.3079498
0.333093
0.2916932
0.3334228
0.2814444
0.3393574
0.3189897
0.3584529
0.3138544
0.3367256
0.3138345
0.3245242
0.3122918
0.3116276
0.3333729
0.3338843
0.3347362
0.3058962
0.2995346
0.2549013
0.2820082
0.282434
0.2962092
0.291241
0.3041758
0.3343877
0.3107354
0.2668652
0.2759453
0.2880034
0.2898688
0.3013402
0.2705103
0.280033
0.3081005
0.3457738
0.3662466
0.333922
0.3004453
0.2637423
0.2998886
0.3314675
0.3035451
0.2959441
0.2916349
0.2926323
0.3014797
0.3043498
0.2796181
0.2907511
0.305542
0.3178147
0.2819966
0.3167165
0.3129584
0.3433775
0.3126022
0.3245161
0.2936058
0.2841296
0.2555
0.2630586
0.2770314
0.2737152
0.2893029
0.297096
0.2881347
0.2779438
0.2736479
0.2966683
0.3085178
0.3067027
0.3112262
0.3081223
0.2798259
0.2799605
0.2815122
0.2760968
0.2554014
0.2702712
0.2975117
0.2842672
0.2858408
0.3031439
0.2795722
0.3234209
0.2852677
0.3032918
0.2930433
0.2659169
0.3214606
0.2881114
0.2611564
0.2948712
0.2826183
0.2947546
0.2931329
0.291447
0.2770631
0.2901392
0.2739391
0.280476
0.2608445
0.3109753
0.2601832
0.2710896
0.2582759
0.256001
0.2548337
0.2682824
0.2516245
0.2533675
0.2630329
0.2896577
0.2993278
0.2708443
0.2870828
0.2582801
0.2689461
0.2515627
0.2890233
0.266939
0.2859368
0.2867562
0.2731705
0.2677869
0.2915471
0.2845938
0.3144437
0.3100579
0.3298799
0.3360796
0.3361898
0.3106382
0.3053845
0.3013706
0.2951217
0.2882711
0.2967146
0.3454744
0.2982551
0.3342334
0.3174677
0.3307857
0.3208908
0.2913785
0.351787
0.2937608
0.3396455
0.3007235
0.2899583
0.2995307
0.2923301
0.303096
0.2975537
0.3108005
0.284753
0.3117985
0.3022509
0.3127222
0.3071522
0.3398434
0.3202491
0.2768587
0.2943576
0.2910902
0.2839065
0.2964111
0.3148235
0.3245852
0.3217287
0.296733
0.3042217
0.2788243
0.3003149
0.3032871
0.2536553
0.2753433
0.2494648
0.2624119
0.2731965
0.3126895
0.2724202
0.2919938
0.2618184
0.2899969
0.2786811
0.2922391
0.291898
0.3004345
0.2875637
0.2709246
0.303729
0.2835133
0.2848411
0.3087979
0.310451
0.3274114
0.3172828
0.3307505
0.3305654
0.3216483
0.2974894
0.294576
0.285991
0.2473253
0.2458405
0.2845879
0.288682
0.306428
0.2337113
0.2465611
0.2919821
0.307536
0.2583257
0.2900297
0.264499
0.3002002
0.2733211
0.2754329
0.2862357
0.2975085
0.3032366
0.30895
0.2888923
0.31195
0.3020327
0.3360239
0.2840298
0.3031418
0.3513955
0.3364905
0.3285457
0.3203489
0.2975381
0.3182725
0.3225662
0.3145041
0.2851151
0.2910434
0.2829446
0.3270675
0.2837799
0.3256553
0.2714615
0.3055449
0.28097
0.2949175
0.3040538
0.3033942
0.2909244
0.2481875
0.2840737
0.2626809
0.2830558
0.2893252
0.1906504
0.2744639
0.2760062
0.2828628
0.2955846
0.3049243
0.3017624
0.2821029
0.2934148
0.3357919
0.3032092
0.2909663
0.2603042
0.2917472
0.2421503
0.2921385
0.274657
0.27416
0.2961192
0.3082623
0.3229613
0.2722342
0.3149165
0.3368784
0.2689368
0.2687445
0.2816536
0.2872436
0.2305836
0.2623641
0.2573697
0.2702748
0.2889298
0.22875
0.3054149
0.3178848
0.2940808
0.2756585
0.3165933
0.2916828
0.3136633
0.3003096
0.2790878
0.2754169
0.3369587
0.3283012
0.3288416
0.3079227
0.3022754
0.2810555
0.2759874
0.3339394
0.2997669
0.2716425
0.2738275
0.2802239
0.2401128
0.2594719
0.2000088
0.2517251
0.2089097
0.2539902
0.261908
0.2724121
0.2718787
0.2736636
0.28438
0.2683496
0.240314
0.2240982
0.2420355
0.2280081
0.2465077
0.2798539
0.2859198
0.2992015
0.2590793
0.3076621
0.2468225
0.3157341
0.2714424
0.3409752
0.2766424
0.2566862
0.2483236
0.2290439
0.2694976
0.2867482
0.2993568
0.3333056
0.3058368
0.2793584
0.3629971
0.3387759
0.3157377
0.3046616
0.3094082
0.2919895
0.2982571
0.3283774
0.303387
0.3099644
0.2940872
0.3048593
0.3188216
0.304959
0.2942246
0.3447224
0.3281789
0.295871
0.2836285
0.2950558
0.288268
0.2675368
0.2936803
0.2641026
0.29726
0.2809769
0.2907824
0.2929465
0.2712535
0.265891
0.2699919
0.2978539
0.2957732
0.2839969
0.2936634
0.3192922
0.3045912
0.3216721
0.3221738
0.2974373
0.2785236
0.2706265
0.2961788
0.3080625
0.3119017
0.3237115
0.2979092
0.3178959
0.3118403
0.3159094
0.2738537
0.2849328
0.3107064
0.3053208
0.3215544
0.28815
0.2990379
0.2773806
0.3305114
0.327973
0.3396503
0.3209511
0.3109733
0.272327
0.3267516
0.2756156
0.3133411
0.3191451
0.2610582
0.2855146
0.3012972
0.3031511
0.2861861
0.2864506
0.2884588
0.3033214
0.3393405
0.3178604
0.3473828
0.2873369
0.3124691
0.3039933
0.3372813
0.2986307
0.331983
0.3218236
0.2941013
0.3224642
0.2855333
0.282279
0.2910638
0.2874991
0.2971497
0.2814072
0.2850503
0.2781225
0.2903592
0.300701
0.3032866
0.2902051
0.2942781
0.2829293
0.2966129
0.2845653
0.2869475
0.2427158
0.2767538
0.2912964
0.2549826
0.3029079
0.261649
0.2836342
0.247994
0.2547599
0.2707271
0.295382
0.2706338
0.2635326
0.2534192
0.3106793
0.2970601
0.3156556
0.2795165
0.2862957
0.2959908
0.2740677
0.2656308
0.271258
0.3145746
0.3092912
0.2791579
0.3283766
0.2850794
0.2834046
0.2813297
0.281817
0.2860144
0.2591626
0.2774253
0.3051612
0.2794251
0.2896684
0.248519
0.2720014
