0.1285551
0.1469764
0.1542486
0.1704764
0.1740709
0.1849749
0.160157
0.1648732
0.1636308
0.1618158
0.1488564
0.1454678
0.1422782
0.1635947
0.1625969
0.1646149
0.1522709
0.1348427
0.1642081
0.1399924
0.1739976
0.1817716
0.1629909
0.1433242
0.1512706
0.1269377
0.0963871
0.1377358
0.1535691
0.1368804
0.1257961
0.1338961
0.1345433
0.1410234
0.1301694
0.143668
0.1359549
0.1216498
0.1068301
0.1422782
0.1357754
0.1048257
0.1350675
0.1350731
0.1397455
0.1395017
0.148334
0.1414118
0.1387831
0.1494158
0.1602385
0.136069
0.1118913
0.1536247
0.1302502
0.1646634
0.149361
0.1531331
0.1589825
0.1416381
0.1328101
0.1249387
0.1571766
0.1435662
0.1382527
0.1463969
0.1476529
0.1464767
0.1531821
0.1203058
0.1402309
0.1536483
0.1195799
0.1282156
0.1412553
0.1416163
0.1271096
0.154841
0.1538502
0.1420243
0.135464
0.1077988
0.1624144
0.1571093
0.1552225
0.1200134
0.142194
0.1575424
0.1532467
0.2021636
0.1603721
0.1421362
0.1557202
0.1365236
0.1334205
0.1183705
0.1186249
0.1172661
0.15248
0.1130103
0.1527899
0.1311895
0.1104422
0.131105
0.1265415
0.1562965
0.1324191
0.1629466
0.1065328
0.130581
0.1240553
0.1305251
0.1294151
0.1645047
0.1504
0.1184883
0.099281
0.1085076
0.1045252
0.117652
0.1045317
0.0918846
0.1250924
0.1145969
0.1205326
0.1267366
0.1327856
0.1297271
0.1394294
0.1225782
0.1320214
0.1239502
0.1433053
0.156551
0.1542395
0.1444402
0.1444787
0.1296359
0.132331
0.1321172
0.1405988
0.1142603
0.1075863
0.1411875
0.1345894
0.1463238
0.130356
0.1420022
0.1470229
0.1300015
0.1676226
0.1574366
0.1838678
0.1487871
0.1283676
0.1063261
0.1188392
0.1178461
0.1349954
0.1339805
0.1346324
0.1733284
0.1412931
0.1388859
0.1764712
0.1753019
0.1665251
0.1237671
0.1420443
0.1593612
0.1284184
0.1514353
0.141661
0.1369018
0.1678317
0.1580944
0.1791311
0.1430325
0.1401736
0.1253518
0.1342813
0.1340135
0.1064963
0.1109486
0.1232772
0.1245719
0.1024406
0.1025475
0.118784
0.1093625
0.1200366
0.0999149
0.0846026
0.1387168
0.1104074
0.1156982
0.1531013
0.1081349
0.1057369
0.1220923
0.1436919
0.1303943
0.1607955
0.1809285
0.1157204
0.1422499
0.1803617
0.1408978
0.1446978
0.1479998
0.1599676
0.1605648
0.1447377
0.1363539
0.1438508
0.1561879
0.1434273
0.1267695
0.1214041
0.1285007
0.1131846
0.1228742
0.1390262
0.1336623
0.1829132
0.1549009
0.1442339
0.1252217
0.1398763
0.1152464
0.1234031
0.1440923
0.1294525
0.1372408
0.1532011
0.1413284
0.1384559
0.1459997
0.159231
0.1652433
0.1592907
0.1719731
0.1392267
0.1446396
0.1244254
0.1398993
0.140384
0.1239089
0.1581717
0.1417212
0.1395738
0.135848
0.1394898
0.1296172
0.1406368
0.1420124
0.129924
0.1131203
0.1002605
0.1255337
0.1662243
0.1309346
0.1180349
0.1368031
0.1536335
0.1221141
0.1118388
0.1588342
0.1241108
0.1220106
0.1255114
0.1102495
0.0969149
0.1052598
0.0925968
0.1031022
0.0890927
0.0986373
0.0985702
0.1084369
0.134165
0.1266927
0.1119572
0.1001425
0.1155667
0.0788443
0.1048282
0.1145609
0.1140058
0.1160379
0.0786298
0.0916546
0.0778004
0.105768
0.103127
0.0859824
0.0900628
0.0782942
0.0860196
0.0831086
0.1152681
0.1199016
0.1301275
0.1046238
0.1225334
0.1025219
0.1408871
0.1126165
0.1429564
0.121419
0.1279848
0.1357191
0.1440963
0.1118118
0.1190862
0.1577502
0.126597
0.1348491
0.1361339
0.1466079
0.1615013
0.1245746
0.1261513
0.0946836
0.1075844
0.1065931
0.1357997
0.1108359
0.1112679
0.1093524
0.0927244
0.1005102
0.1030828
0.0766299
0.1165536
0.1041291
0.1079575
0.1105978
0.1355833
0.1108145
0.1095264
0.1043784
0.1035517
0.0909331
0.1093472
0.0841203
0.1255215
0.1230766
0.1187648
0.0801352
0.0800397
0.0957508
0.1171176
0.1026969
0.0956281
0.0838396
0.0812163
0.0837429
0.1092698
0.0707349
0.0841107
0.0838822
0.0923869
0.103574
0.0949974
0.0935616
0.0864616
0.104216
0.0882642
0.0955289
0.1204858
0.0935094
0.2000362
0.1720469
0.1694875
0.1452458
0.1567213
0.1856336
0.1478874
0.141865
0.190178
0.163121
0.1909411
0.1849046
0.1582778
0.1554458
0.1533586
0.1675608
0.1597713
0.149613
0.1456933
0.1935294
0.1692018
0.163253
0.2024489
0.1854042
0.1720016
0.1744453
0.1752756
0.2032787
0.1764082
0.1529723
0.1552182
0.159025
0.1924512
0.179427
0.1976995
0.2176822
0.1882296
0.1775122
0.1645406
0.1835274
0.1645294
0.1698118
0.1553158
0.1565862
0.1656748
0.1657122
0.1665447
0.1704713
0.1838064
0.1706427
0.1956577
0.1705681
0.1730798
0.1741488
0.1664813
0.1758111
0.1790681
0.1543405
0.1678665
0.1655422
0.1691851
0.1659243
0.1440718
0.1445818
0.1582959
0.1632681
0.1701483
0.1934945
0.1662241
0.1484455
0.1438286
0.1809437
0.1545182
0.1686307
0.1667436
0.1737294
0.1728259
0.1697672
0.1593643
0.1684538
0.1656314
0.1512094
0.1479862
0.1376363
0.1406276
0.1718507
0.1556765
0.158747
0.1602882
0.1680382
0.1651256
0.1546085
0.1518586
0.1478666
0.1693463
0.1313714
0.1443411
0.1622725
0.1539606
0.1539236
0.160927
0.1659867
0.1375261
0.1702728
0.1843713
0.2063368
0.2116866
0.2255759
0.1965454
0.162674
0.1851061
0.1943304
0.1935857
0.1734132
0.1997947
0.1803255
0.1831638
0.1958456
0.2114146
0.1921424
0.2173245
0.2301729
0.2414766
0.1721249
0.1536891
0.1221931
0.1728831
0.1802422
0.1304092
0.1171773
0.1270937
0.1264142
0.1246496
0.1517029
0.0865571
0.1119498
0.0663852
0.1017459
0.0953518
0.1042365
0.1088053
0.1193952
0.1302224
0.1032449
0.1184055
0.1171458
0.1066926
0.1170406
0.1166777
0.1424528
0.1586964
0.1429754
0.1304775
0.1231272
0.1195379
0.132909
0.131053
0.154666
0.1354608
0.1307912
0.1227278
0.1022278
0.1074395
0.1042192
0.1043168
0.1148336
0.1015546
0.0905346
0.1266136
0.102921
0.1071639
0.1046918
0.1257606
0.1196922
0.1154367
0.1285038
0.1516902
0.1738683
0.136379
0.1160753
0.1233568
0.0923099
0.116465
0.1105523
0.0836415
0.1025415
0.1051199
0.0883725
0.1161149
0.1302049
0.1175857
0.1287875
0.1329946
0.0965633
0.0952669
0.1158247
0.1178523
0.1141326
0.1358093
0.1120149
0.1214717
0.0928628
0.112218
0.1010157
0.1094938
0.128866
0.0885578
0.1030309
0.1183337
0.1050153
0.1116643
0.1270011
0.0944471
0.129062
0.1278829
0.117751
0.127985
0.104261
0.1148629
0.1383157
0.1002999
0.1217121
0.1359645
0.1159971
0.1235536
0.1194413
0.1229679
0.1315049
0.1066715
0.1152586
0.1117485
0.117552
0.1376572
0.1185704
0.1057185
0.1155542
0.106174
0.0999382
0.1058026
0.1431697
0.1418192
0.1239697
0.1350397
0.1185465
0.1154922
0.1365541
0.132496
0.1519456
0.1327641
0.1495012
0.1396104
0.1279506
0.1314098
0.132361
0.1443635
0.1254045
0.1280989
0.1043213
0.149158
0.1238001
0.1398415
0.1341874
0.1362454
0.1257921
0.1522008
0.1460962
0.1203729
0.1108438
0.1118508
0.1226363
0.101001
0.1221305
0.1110428
0.1214229
0.1212555
0.1176306
0.1226469
0.1198467
0.1225149
0.1381211
0.1202094
0.1436601
0.12093
0.1125936
0.1358041
0.1241284
0.1303341
0.1292789
0.1283043
0.1295884
0.1319073
0.1321727
0.1172761
0.1224427
0.1208926
0.1495332
0.1336284
0.1305945
0.1236347
0.1500811
0.1184798
0.1166095
0.1246286
0.1164457
0.1259066
0.1308451
0.1291177
0.1216912
0.1135269
0.12687
0.1265038
0.1529097
0.1334167
0.1328425
0.1429133
0.137419
0.1362182
0.1487121
0.1367627
0.1508157
0.127333
0.1166128
0.1325834
0.1330142
0.114632
0.1319067
0.134407
0.1324146
0.1395672
0.1849177
0.1423732
0.1440805
0.1796382
0.1661949
0.1845865
0.193138
0.1667357
0.1689801
0.1976417
0.1722067
0.1491618
0.1551723
0.1540073
0.1756281
0.1713899
0.1490717
0.1676775
0.1414405
0.1440389
0.1518003
0.1563967
0.1509786
0.1678406
0.1681576
0.1677817
0.1612149
0.192995
0.1597239
0.1861705
0.1783625
0.1807782
0.1690589
0.1350967
0.1669306
0.1563791
0.1532266
0.1788562
0.1332226
0.1704967
0.1615172
0.1556541
0.1622951
0.1773015
0.1730915
0.2094477
0.1800968
0.1936729
0.1691576
0.1632033
0.1836975
0.1574566
0.1766607
0.2044441
0.2322732
0.1875838
0.1941074
0.212643
0.1921799
0.1793716
0.2046559
0.1752153
0.1960233
0.1883953
0.1977799
0.226245
0.1791268
0.214569
0.1920184
0.1991636
0.1848793
0.1960529
0.1668857
0.1620984
0.2194526
0.1908056
0.2324442
0.1986806
0.2029175
0.1968392
0.1651253
0.1941083
0.1961161
0.1442336
0.1508283
0.1562234
0.1649318
0.170527
0.1488748
0.1635302
0.1524065
0.1448268
0.1636369
0.1940346
0.151283
0.1700998
0.1659234
0.179237
0.1590354
0.1551668
0.1632002
0.1492617
0.1705208
0.1757075
0.1625706
0.1737906
0.1313001
0.1502714
0.1734988
0.1646004
0.1508099
0.1611518
0.1435567
0.1436849
0.143345
0.1898957
0.1938712
0.1877028
0.1636323
0.1707574
0.1602729
0.2024643
0.1818792
0.1913218
0.1869628
0.1546172
0.1729285
0.1683156
0.1805046
0.1885131
0.1652697
0.1817553
0.1855377
0.1995876
0.1713257
0.1769838
0.1774949
0.2012219
0.1839129
0.1303314
0.1491313
0.168302
0.1856803
0.1654614
0.169388
0.1835075
0.1997786
0.1429359
0.1857964
0.1828205
0.1912238
0.1960834
0.1991631
0.1747654
0.1719207
0.1813179
0.1681755
0.1733614
0.1806579
0.1692788
0.1909441
0.1826885
0.1657304
0.1651502
0.1744537
0.1715339
0.2020146
0.1894021
0.1914367
0.1746135
0.1774333
0.1987602
0.1624188
0.2083282
0.1817961
0.1780567
0.2144712
0.1509456
0.1762401
0.1945513
0.1744375
0.1501653
0.1829163
0.1684239
0.1882076
0.2019961
0.1972544
0.2149122
0.1882074
0.169126
0.156779
0.1775844
0.1863841
0.1602303
0.1495047
0.1986434
0.1766014
0.1834604
0.1523074
0.1305816
0.1610743
0.1809592
0.1440322
0.1477275
0.1248291
0.1557523
0.1986143
0.2094113
0.202785
0.2010411
0.1586256
0.1546995
0.1900732
0.1855417
0.1969471
0.2097924
0.2326728
0.2128143
0.2685185
0.2538795
0.2354817
0.209988
0.1928991
0.2010503
0.2266046
0.2315851
0.2741957
0.2458455
0.2269728
0.2438626
0.2165508
0.2242677
0.2558137
0.250909
0.2460893
0.250354
0.2260318
0.2191845
0.2576875
0.2635047
0.2726295
0.2455551
0.2340651
0.2343099
0.293059
0.2545764
0.2590566
0.2856095
0.260207
0.263566
0.2522172
0.2628098
0.2890751
0.2657806
0.2281951
0.2029573
0.2368743
0.1939754
0.1956928
0.2037286
0.2043962
0.2361176
0.237641
0.2356076
0.242787
0.2462135
0.2501069
0.2995442
0.2462423
0.2654342
0.2440633
0.2531652
0.2384216
0.2227297
0.2186382
0.2283078
0.2167151
0.2129783
0.2228463
0.2100437
0.2052531
0.2475876
0.2486734
0.2529814
0.2319928
0.1923033
0.1992205
0.2120151
0.1565527
0.2211488
0.2223009
0.2193991
0.2202071
0.1829293
0.1922515
0.2017492
0.1911564
0.1627088
0.1727418
0.1914768
0.2110083
0.19452
0.2262033
0.2153318
0.2333469
0.2179068
0.2057864
0.168694
0.2174223
0.2023116
0.1925331
0.1942405
0.2152848
0.192006
0.1716717
0.1629387
0.2371187
0.195728
0.2438671
0.2433936
0.2309643
0.2353483
0.2382319
0.2809019
0.2041254
0.2420189
0.2473385
0.2412182
0.2623902
0.248942
0.2356437
0.2609494
0.2319174
0.2558208
0.2056231
0.199713
0.2284858
0.2212892
0.2205435
0.2133375
0.1930387
0.2318699
0.2111066
0.2054314
0.2097772
0.2394869
0.2402583
0.2063135
0.2135119
0.2131051
0.2270401
0.1847821
0.1817471
0.2031278
0.2032883
0.2391069
0.1949158
0.2117108
0.2217587
0.1950812
0.2187436
0.2332546
0.2391869
0.2321361
0.2050969
0.2409821
0.21412
0.2114941
0.2113832
0.2012634
0.1989257
0.2324823
0.2552872
0.1935141
0.2185423
0.2025087
0.2185802
0.209019
0.209176
0.2256163
0.2044851
0.2179871
0.1969048
0.1912614
0.23318
0.1680682
0.1928062
0.2120481
0.2094263
0.2223747
0.2116994
0.2133589
0.225863
0.1963498
0.2202071
0.2245975
0.2331792
0.2196488
0.2198024
0.2150272
0.2207691
0.2774017
0.2282452
0.1823206
0.2050761
0.2403762
0.2532812
0.2414987
0.2198353
0.2268938
0.2133841
0.2637599
0.2169111
0.2257517
0.2023859
0.1860205
0.2079768
0.217364
0.2476936
0.2042612
0.1904008
0.2231239
0.2402491
0.2169421
0.2249337
0.2216312
0.2332368
0.2577634
0.2273559
0.2170226
0.212022
0.2172014
0.1932158
0.2090335
0.2118992
0.2155797
0.1972123
0.1904845
0.2015669
0.2115475
0.2150037
0.2046849
0.2122731
0.1898198
0.2379809
0.2223128
0.2195502
0.2192253
0.2013384
0.2363063
0.2070488
0.2280064
0.2235573
0.1899526
0.2310301
0.2310285
0.2231751
0.2220245
0.2176159
0.2111441
0.2106992
0.2083746
0.2190477
0.2154492
0.2003594
0.1698007
0.1926191
0.2120919
0.1974187
0.2046117
0.2167944
0.2144727
0.2155525
0.2152269
0.215383
0.1940425
0.1808234
0.197832
0.2058631
0.1870995
0.1805122
0.1846232
0.227624
0.212986
0.2180622
0.2307555
0.1681693
0.1611442
0.1704312
0.1755182
0.1735799
0.1698
0.1773828
0.164811
0.1703364
0.1843955
0.1994906
0.1827848
0.156695
0.1529669
0.1421469
0.174776
0.166587
0.2056816
0.2195807
0.2121131
0.199121
0.1987685
0.2087814
0.2057538
0.216773
0.2006951
0.174822
0.2145462
0.1926307
0.2138056
0.1964267
0.2123393
0.1700377
0.1879589
0.2260755
0.2065182
0.1928782
0.2301248
0.2120636
0.2246761
0.2576164
0.2192501
0.2074591
0.2357476
0.2346775
0.2190666
0.2497638
0.1957551
0.2944885
0.2511795
0.262041
0.2448487
0.2626105
0.2580515
0.2714506
0.2527635
0.2529734
0.2648947
0.2473429
0.2425417
0.2609178
0.2311241
0.2809319
0.2738632
0.2706363
0.2752053
0.2032284
0.2849863
0.2781492
0.2763322
0.2656169
0.2413319
0.1874558
0.222722
0.2176435
0.218727
0.2671885
0.2820372
0.2685525
0.2320552
0.2319295
0.2572054
0.2320729
0.2618853
0.2492414
0.2714253
0.2308449
0.2704423
0.2648108
0.2154042
0.2115986
0.2372904
0.2326223
0.2165547
0.2494706
0.2238064
0.2809941
0.2067633
0.2185819
0.2605533
0.2436321
0.2379805
0.2636918
0.2377321
0.2797009
0.2592714
0.2637329
0.2115843
0.2646298
0.2799647
0.2723679
0.2722266
0.2541827
0.2073172
0.2570753
0.2605914
0.2443186
0.2368884
0.2391454
0.2837128
0.2716488
0.2742237
0.2870895
0.2750275
0.2248122
0.2490489
0.2272415
0.2202869
0.2603961
0.2381157
0.2416656
0.2315039
0.2104962
0.2539268
0.2661871
0.2571351
0.2703681
0.2560055
0.2370544
0.2803265
0.2732507
0.2668442
0.2783668
0.2310739
0.2648009
0.2672442
0.2562283
0.2592824
0.2428478
0.2543648
0.2876241
0.2442756
0.2309916
0.2848648
0.2657683
0.2326912
0.2793409
0.2514547
0.2265433
0.2467456
0.2317944
0.2478469
0.265765
0.2572062
0.2507696
0.256231
0.2598151
0.2536155
0.2695454
0.2520968
0.2483376
0.2641372
0.2838653
0.255868
0.2553897
0.2550329
0.299495
0.2843582
0.2841466
0.2825591
0.3090321
0.2858389
0.3198345
0.2785102
0.2533845
0.3008593
0.2552654
0.2354046
0.2129228
0.2416237
0.2779367
0.2408081
0.2543865
0.2384538
0.2753871
0.2779881
0.2594358
0.2605805
0.2397018
0.261083
0.2470424
0.2611591
0.253115
0.2526253
0.2556011
0.2863868
0.2809832
0.2300674
0.2562071
0.2758715
0.2338369
0.2443433
0.2597179
0.2708527
0.2410091
0.2428385
0.2210515
0.2849493
0.2031993
0.2196855
0.2112388
0.2181616
0.2189813
0.2426389
0.2523977
0.2445912
0.2479048
0.2469928
0.2410538
0.2177678
0.2201342
0.2322276
0.2739174
0.2229881
0.2591456
0.2495311
0.2621486
0.2646536
0.2337926
0.2312426
0.2250346
0.2372124
0.2472456
0.2294081
0.2237002
0.2324988
0.2374724
0.2294194
0.2381186
0.2606894
0.2145552
0.2177505
0.2482534
0.2261664
0.192237
0.2139367
0.1968341
0.1608109
0.1867796
0.2233179
0.1893524
0.2003893
0.1900356
0.1894141
0.2292698
0.1736674
0.1737652
0.2323418
0.1938437
0.2248656
0.1900565
0.1908636
0.1814814
0.1688109
0.1859156
0.1959632
0.2265674
0.1930359
0.2134727
0.207167
0.212679
0.21854
0.2109057
0.189788
0.1636679
0.189725
0.1521491
0.1972241
0.1763279
0.2160372
0.2077083
0.2268403
0.2140727
0.2104018
0.2091546
0.2459695
0.2170238
0.2081694
0.2044024
0.2115098
0.221389
0.2107325
0.2027368
0.2425197
0.2257028
0.2051693
0.1922861
0.2162837
0.2244707
0.2284521
0.2190599
0.1862428
0.1898187
0.1994293
0.2136952
0.228176
0.2064334
0.2025632
0.2304778
0.2184736
0.2203514
0.2103403
0.1978404
0.2279864
0.2011003
0.2716431
0.2222549
0.2031489
0.2263773
0.1939709
0.2126367
0.2178581
0.1689466
0.1945341
0.2135157
0.1867157
0.1670957
0.1488353
0.2120036
0.196453
0.1981402
0.1780215
0.1876809
0.1866851
0.1792881
0.2011395
0.209458
0.2046863
0.2173314
0.168544
0.2166383
0.207812
0.2012776
0.2368354
0.2491102
0.1817231
0.1900304
0.1767143
0.1689723
0.1852249
0.1931079
0.1825039
0.1573299
0.1777862
0.1697574
0.1735244
0.1867904
0.1867692
0.1549239
0.1985994
0.1966324
0.1906791
0.1582975
0.1677636
0.2149836
0.2041042
0.142009
0.157313
0.1381822
0.1562141
0.1546336
0.1675166
0.1943906
0.1330532
0.1347779
0.1435051
0.1461441
0.1399819
0.1877929
0.2097315
0.1626367
0.1715726
0.166068
0.1620361
0.2013509
0.1820588
0.192436
0.190964
0.2010925
0.2011996
0.1973971
0.1786983
0.1937789
0.1677233
0.1908596
0.1854082
0.1971679
0.2057666
0.1802024
0.1963536
0.186893
0.1900622
0.1828426
0.2237814
0.2689707
0.2235842
0.2195713
0.2340986
0.1979574
0.2455133
0.2189458
0.2076812
0.2081555
0.1937905
0.2488691
0.2168044
0.2286659
0.2198138
0.2020546
0.214337
0.1977048
0.2275511
0.2338786
0.2395052
0.2418719
0.2742758
0.2595036
0.2522979
0.2420298
0.2653575
0.2391522
0.2039099
0.1743382
0.2049751
0.2167293
0.2928968
0.2131492
0.1905493
0.2150276
0.2314057
0.2271253
0.2135074
0.2116358
0.2243641
0.191374
0.2202224
0.232895
0.2141548
0.2056617
0.2071789
0.239797
0.2140909
0.2046915
0.1831775
0.2071116
0.2348537
0.2132954
0.2179208
0.2492652
0.2201717
0.2196242
0.2406476
0.2250223
0.213641
0.2009123
0.1751262
0.246761
0.1801064
0.2070996
0.1954698
0.1994666
0.2115647
0.21974
0.1966586
0.207176
0.1968048
0.1941271
0.2001349
0.1952879
0.2040216
0.1858984
0.2055182
0.2322666
0.2171875
0.2341786
0.2257556
0.2119055
0.2143009
0.2025299
0.2229609
0.2091465
0.1811986
0.2071114
0.1791281
0.1523872
0.1792143
0.1599772
0.1559073
0.1659456
0.1799823
0.1801132
0.1444048
0.1744574
0.1419699
0.1633032
0.174978
0.1629722
0.1579059
0.1208845
0.1392096
0.1690831
0.1787091
0.1677538
0.1279852
0.1774634
0.1574574
0.148598
0.115432
0.1684537
0.1535995
0.1975314
0.1574818
0.1775345
0.1899428
0.1688506
0.1983104
0.2168271
0.1931112
0.2169037
0.2009912
0.1483495
0.2146975
0.1505957
0.1913478
0.1919604
0.1968383
0.2065239
0.1982653
0.2345012
0.2247685
0.2017222
0.1986012
0.1918209
0.2071954
0.1749376
0.2006363
0.2399404
0.2130595
0.2073342
0.2165763
0.2268354
0.2238393
0.179533
0.1877335
0.1888676
0.1963949
0.2342391
0.2145506
0.1873619
0.2068144
0.2216702
0.2456005
0.2498056
0.2522806
0.221522
0.190715
0.2199986
0.1838637
0.2055264
0.2051983
0.2506955
0.2069002
0.2611665
0.2449786
0.23891
0.2768531
0.277494
0.255488
0.223883
0.2432362
0.1801548
0.1946746
0.1297968
0.1245812
0.1306163
0.1485865
0.1681079
0.1613598
0.1522586
0.1458272
0.1624222
0.1399067
0.1539596
0.1353174
0.1346755
0.1598276
0.1414605
0.1805156
0.1368378
0.1418962
0.1294672
0.1534746
0.154853
0.1878267
0.1658767
0.1856359
0.2144094
0.1651641
0.1598479
0.1337051
0.1750411
0.1890303
0.1935824
0.1590045
0.1480511
0.179848
0.1646704
0.142751
0.127725
0.1537331
0.1798373
0.1983904
0.1467842
0.190644
0.1935851
0.1627671
0.1874936
0.1695272
0.1783814
0.1999309
0.2493288
0.1896336
0.2234612
0.2124491
0.1749884
0.1946841
0.2072968
0.227689
0.2324199
0.191726
0.2027293
0.202749
0.1731042
0.2187345
0.195199
0.1834421
0.2015104
0.1858581
0.179396
0.1763184
0.1749789
0.190008
0.1944024
0.1989103
0.19289
0.2002862
0.2253731
0.2349543
0.2284996
0.2354084
0.2174541
0.2471355
0.216945
0.2587304
0.232366
0.2618136
0.2682082
0.2368026
0.2255994
0.2199216
0.2415832
0.2074176
0.2287883
0.2383404
0.2802972
0.3103131
0.2507706
0.2206843
0.2028696
0.2303749
0.2215364
0.2570021
0.2289674
0.2520273
0.2435568
0.2451992
0.2372522
0.2238192
0.1973977
0.2090787
0.2291346
0.2337449
0.1814184
0.1806918
0.2038473
0.1924903
0.218539
0.2169003
0.1908881
0.2002087
0.2132362
0.2106371
0.2194519
0.2207248
0.2187228
0.2316745
0.2535498
0.239152
0.2020023
0.2067953
0.1944016
0.1588879
0.2141448
0.2036944
0.2129715
0.2083144
0.1799903
0.2211232
0.2183161
0.1711922
0.2073054
0.2391513
0.2401383
0.2482915
0.2447822
0.2258514
0.2317795
0.2048986
0.2243778
0.2272148
0.2964597
0.2551936
0.2655686
0.2270066
0.2402829
0.2187401
0.2236663
0.2441487
0.209208
0.2384206
0.2456305
0.2592054
0.2242991
0.2213648
0.2062369
0.1959664
0.2482854
0.2269919
0.2350447
0.2915536
0.2172212
0.2584638
0.252174
0.2345094
0.2383914
0.2882429
0.2576355
0.2659764
0.2834948
0.2392751
0.2474257
0.2492326
0.2680279
0.2615386
0.263919
0.2824675
0.2824229
0.2592374
0.2658284
0.2857957
0.2879424
0.2832854
0.2751536
0.2434562
0.2352749
0.239737
0.2783923
0.2538342
0.2609183
0.2415786
0.2518682
0.2392092
0.2467328
0.2423051
0.2526886
0.2727032
0.2570556
0.2702733
0.310571
0.2574586
0.2441392
0.2332162
0.2582904
0.2388822
0.262241
0.2596844
0.2436413
0.2693317
0.2619662
0.2489105
0.281473
0.2310307
0.2830144
0.254943
0.2696866
0.2513846
0.2379131
0.2263845
0.2631497
0.2768386
0.2818766
0.2750372
0.2601891
0.2671292
0.2475479
0.2332067
0.2484527
0.2156532
0.2297633
0.2876905
0.229888
0.269367
0.2490192
0.2549628
0.2633473
0.2664431
0.2328359
0.255814
0.2501537
0.2796423
0.2840324
0.2736795
0.2512956
0.2516675
0.2502477
0.2225599
0.2216188
0.2136704
0.2401071
0.2173381
0.2275659
0.2309664
0.2359847
0.2195781
0.2057318
0.2259078
0.1395405
0.1074333
0.1512108
0.2139686
0.2156658
0.2014296
0.1531499
0.1577414
0.1447753
0.15502
0.2117683
0.1902741
0.2032945
0.1878318
0.2055989
0.19851
0.1825404
0.1777166
0.1629079
0.1780252
0.1416445
0.1612552
0.1578675
0.1861407
0.1493776
0.1725841
0.171369
0.1384827
0.137042
0.1370603
0.1397727
0.1588388
0.1429656
0.1302983
0.1494733
0.145368
0.173452
0.1651762
0.1551927
0.1513654
0.1799239
0.189698
0.1440139
0.1394165
0.1424341
0.1097513
0.1314011
0.1257862
0.1100268
0.1042786
0.0894703
0.1095648
0.1377276
0.1704938
0.149874
0.1494141
0.1497267
0.1143943
0.1674272
0.183395
0.1293366
0.1541634
0.1751244
0.1449096
0.1456249
0.1662814
0.1854431
0.1558592
0.1666862
0.1442528
0.1396051
0.1583349
0.1469788
0.1366778
0.1384044
0.1430634
0.139379
0.2034645
0.2046289
0.1886286
0.1713947
0.1533714
0.1421818
0.1604873
0.1437741
0.1693367
0.1230875
0.1684737
0.1437701
0.1696259
0.1823016
0.1429364
0.1624865
0.1305308
0.1738478
0.1467902
0.1481888
0.1600672
0.1686012
0.154796
0.1365226
0.1352217
0.1735845
0.1736245
0.1767933
0.176771
0.1929301
0.1521643
0.1694742
0.1837695
0.1676424
0.1507948
0.1578124
0.1536729
0.1479443
0.1585074
0.1373534
0.1274083
0.1453402
0.1348657
0.1413004
0.1619883
0.1270702
0.1387993
0.1276136
0.1474491
0.1396905
0.1251682
0.1171926
0.1343775
0.1356691
0.1302575
0.1512921
0.1480851
0.1468665
0.1709982
0.1210056
0.1211756
0.142264
0.1486005
0.1704526
0.1250622
0.1575828
0.1287464
0.1486701
0.1498756
0.1444019
0.1451469
0.1339991
0.1149621
0.1543927
0.1479432
0.1497548
0.1621585
0.1438469
0.1696892
0.1803086
0.1682036
0.1726605
0.1647971
0.1762256
0.1734601
0.1569057
0.1431407
0.1703129
0.1715736
0.147973
0.1571571
0.1772649
0.1771201
0.1955454
0.1541965
0.1669922
0.1469569
0.1571603
0.1530285
0.1419207
0.1481733
0.1431853
0.1405493
0.1395642
0.1246905
0.150156
0.1439349
0.1449193
0.1453891
0.1204665
0.1861914
0.1525527
0.1353525
0.1685467
0.1444846
0.1746768
0.1813296
0.1412472
0.16088
0.1526446
0.142912
0.1644265
0.1439657
0.1856105
0.1349654
0.1471089
0.1254343
0.1624064
0.1517324
0.1204302
0.1533534
0.1827434
0.1808763
0.164238
0.1423741
0.1548853
0.1533961
0.1714034
0.1555348
0.1473563
0.1531184
0.1708561
0.1409006
0.129728
0.1672256
0.1259645
0.1438209
0.1854906
0.1865603
0.1607384
0.1735984
0.1335874
0.1518966
0.1736922
0.1822921
0.1799775
0.1795076
0.1434782
0.1878206
0.1617138
0.1580161
0.1139716
0.1617137
0.1378072
0.1377126
0.1597258
0.1696267
0.139168
0.1332222
0.1563948
0.1359513
0.1220751
0.1082186
0.1117653
0.1697368
0.085066
0.0929301
0.1690305
0.1694242
0.1791167
0.1598459
0.1629556
0.2047014
0.1795008
0.1799824
0.1632079
0.1052602
0.1672366
0.1554425
0.1559805
0.1613439
0.1395714
0.1252321
0.1359878
0.1573598
0.1209118
0.1729514
0.1527483
0.1618684
0.1363711
0.1532039
0.137166
0.1495196
0.1335746
0.1448234
0.1421697
0.1461993
0.1515015
0.1501984
0.1225046
0.1478515
0.1482853
0.1462428
0.1389902
0.1463125
0.1407364
0.1390191
0.1368773
0.1233692
0.1129739
0.1498128
0.138969
0.1630698
0.1405197
0.1475006
0.1430489
0.1496138
0.1611211
0.1531477
0.1284965
0.1220206
0.1377495
0.1348585
0.1345086
0.1539412
0.1573997
0.1678655
0.1420462
0.1504171
0.1550215
0.1258334
0.1462964
0.1375444
0.143747
0.135543
0.1462924
0.1585405
0.1328582
0.1775395
0.1800557
0.1621078
0.1552226
0.1441596
0.1626162
0.1691763
0.1928243
0.1845889
0.1738472
0.1559124
0.1863922
0.1398846
0.1751606
0.153738
0.1749578
0.1468872
0.1542994
0.152765
0.1740621
0.1794031
0.1684673
0.1981702
0.1397483
0.1809714
0.122765
0.1547121
0.1630293
0.1348295
0.1521645
0.1465262
0.1656208
0.153167
0.161975
0.1549022
0.1636763
0.1399262
0.1692448
0.1664335
0.2030063
0.1627426
0.1437109
0.1500969
0.1487796
0.1473691
0.1463036
0.1540123
0.156261
0.14087
0.1547628
0.1601156
0.1495839
0.1527119
0.1456262
0.148546
0.1511494
0.1459493
0.1575253
0.1542362
0.1277812
0.119736
0.1319962
0.1524749
0.1479851
0.1533444
0.150269
0.1567166
0.1683019
0.1311601
0.1650177
0.14348
0.156615
0.1626209
0.1525658
0.1479577
0.1414634
0.1386377
0.141206
0.1746242
0.1547567
0.1447652
0.1705303
0.1418512
0.1627501
0.1705382
0.1635657
0.123995
0.133634
0.1244005
0.1507928
0.1143548
0.1268062
0.128888
0.1243043
0.1408282
0.139154
0.1380409
0.1432658
0.1301462
0.1317535
0.1399194
0.147912
0.1225035
0.1495742
0.1370521
0.155947
0.1462888
0.1436886
0.1299885
0.1369999
0.1213129
0.129862
0.1396113
0.1458329
0.1662452
0.1408796
0.157028
0.1549219
0.1749236
0.1380215
0.1512509
0.1309231
0.1570576
0.1407254
0.1380766
0.1337026
0.1135125
0.110129
0.1184512
0.1483077
0.1341903
0.1474223
0.1563165
0.1287026
0.1345438
0.1299173
0.1316881
0.1295251
0.1597743
0.1429825
0.1666741
0.1276588
0.1308088
0.1394355
0.1382616
0.1364103
0.1244508
0.1420342
0.1561189
0.1649775
0.1549173
0.1689297
0.1449581
0.1656414
0.1940124
0.1686009
0.1421359
0.1625838
0.1482339
0.1839925
0.1655005
0.1745761
0.1572245
0.151131
0.18337
0.1705565
0.1533447
0.1948103
0.167453
0.1594307
0.1588954
0.1645803
0.1838726
0.1550106
0.1410902
0.1596551
0.1748157
0.1417054
0.1704938
0.136603
0.1639192
0.173914
0.1299337
0.1255879
0.1356462
0.1499028
0.1556662
0.1457807
0.1479577
0.151942
0.1154874
0.1707985
0.1251725
0.12071
0.1310776
0.1539316
0.1508696
0.1364518
0.1576555
0.162309
0.1513804
0.1262165
0.1498831
0.1329606
0.1374596
0.1361836
0.1495015
0.1692964
0.154837
0.1526527
0.1637855
0.1714026
0.1259122
0.1362019
0.1213166
0.1583917
0.1657799
0.1491393
0.1791139
0.1602115
0.1796377
0.1605565
0.1479886
0.1687725
0.1442004
0.1446619
0.1435242
0.1712844
0.1670568
0.1618319
0.1509471
0.176723
0.181912
0.1591533
0.1616435
0.1644178
0.1422734
0.1262842
0.1523056
0.148174
0.1552881
0.1330808
0.1551287
0.1410103
0.1638015
0.1391566
0.1630293
0.1202076
0.1299979
0.1075002
0.1275177
0.1286346
0.1290606
0.1235564
0.1362211
0.1513828
0.1439898
0.1494499
0.1602325
0.1621957
0.1288492
0.120264
0.1411394
0.1241421
0.1387759
0.131492
0.1393348
0.117057
0.130098
0.1348029
0.1549087
0.1383538
0.1407223
0.1612661
0.1312297
0.1255117
0.1476641
0.1496015
0.1503631
0.1451395
0.1455813
0.1272763
0.142183
0.1466262
0.1344663
0.1508247
0.152994
0.1534508
0.1363473
0.1282958
0.1463192
0.1314159
0.1277821
0.1477466
0.1299061
0.1571801
0.1286453
0.1426353
0.1383472
0.1403459
0.1607019
0.1643228
0.147016
0.1732015
0.1515283
0.1670704
0.1620496
0.1951064
0.1884286
0.1652751
0.1737733
0.1462735
0.1464407
0.1444312
0.1364242
0.1754505
0.1294133
0.1344392
0.1518728
0.1680137
0.132793
0.1383412
0.1376077
0.1194977
0.1473538
0.1131121
0.1245921
0.1433403
0.1575978
0.1567499
0.1436702
0.179904
0.1306724
0.1446711
0.1232678
0.1631331
0.1664162
0.1737594
0.1583431
0.1786266
0.1692961
0.1666389
0.1839563
0.1702252
0.1544045
0.1631051
0.1812269
0.135694
0.1734529
0.1739104
0.1448478
0.1645442
0.1622414
0.1635629
0.1461612
0.1546631
0.1485631
0.1808541
0.1310828
0.1632727
0.1472096
0.1477071
0.1482605
0.1274059
0.1526409
0.1398018
0.1786459
0.1756939
0.1368492
0.1559075
0.170663
0.1910367
0.1605785
0.1676318
0.1567116
0.1393221
0.1333697
0.1460362
0.1530744
0.1718841
0.1647204
0.1548891
0.1605389
0.1418302
0.1488645
0.1393574
0.1584923
0.1598619
0.1577114
0.173909
0.1300729
0.1435746
0.1524402
0.1361516
0.1433367
0.140969
0.1517192
0.1475927
0.1291687
0.1497092
0.1299527
0.1616237
0.1228369
0.1169581
0.1437837
0.1509043
0.1595501
0.1256037
0.1452329
0.1469842
0.1402722
0.1304048
0.1217475
0.1379803
0.1404493
0.134881
0.1035392
0.1536197
0.1208983
0.1469463
0.1309548
0.1322897
0.1466229
0.1307056
0.1326726
0.1414583
0.1089157
0.113273
0.1341753
0.1352401
0.1452628
0.1348508
0.1503187
0.1397604
0.1337872
0.14902
0.1247306
0.1414768
0.1431758
0.1537632
0.1427419
0.1671893
0.142377
0.1789349
0.1579929
0.1677017
0.1586238
0.1780872
0.1650054
0.1436979
0.1127604
0.1223568
0.1420025
0.1291811
0.1351561
0.1216876
0.1426923
0.1286989
0.1461988
0.1451929
0.1374563
0.1578604
0.1616462
0.1535496
0.1317645
0.1241158
0.1526357
0.1244109
0.140275
0.1326365
0.1535361
0.1271565
0.1428069
0.1248052
0.1373103
0.1269758
0.1490759
0.1400167
0.1349215
0.127212
0.1298791
0.1512656
0.1318346
0.1355283
0.1214154
0.1316853
0.1339639
0.1275463
0.1230863
0.119996
0.1345433
0.1071052
0.1162721
0.1195518
0.1268779
0.1133701
0.1179869
0.1383838
0.150765
0.1265524
0.1322557
0.1343675
0.1167422
0.1438351
0.1290238
0.1238146
0.1090412
0.141811
0.1147666
0.1163724
0.1415637
0.1167275
0.124466
0.1277464
0.1338484
0.147121
0.1191745
0.1386227
0.1138749
0.1210323
0.133929
0.1396864
0.1377068
0.1329971
0.1334615
0.1522265
0.1395178
0.1376939
0.1479057
0.1380569
0.1410063
0.1317757
0.127461
0.1497529
