0.2002876
0.2575647
0.2836016
0.2726677
0.2688573
0.3057373
0.2516922
0.2749688
0.2715062
0.3117538
0.2637646
0.2422665
0.2608874
0.2652114
0.2621583
0.2816032
0.2649141
0.2333721
0.2412036
0.2550513
0.2551656
0.2738278
0.266805
0.288487
0.2857731
0.2397911
0.1862954
0.2428479
0.280493
0.2507895
0.2382724
0.2446262
0.2442855
0.2329144
0.228999
0.2425438
0.290868
0.2153354
0.1886628
0.2188284
0.2775024
0.2085697
0.2111665
0.244707
0.2855615
0.2640526
0.2577136
0.2049303
0.2149022
0.2477061
0.2122113
0.2482975
0.2052626
0.2442264
0.2967584
0.2450268
0.2514893
0.2941387
0.2484863
0.2271754
0.2469963
0.214501
0.2361286
0.2569608
0.2639644
0.2475058
0.2121201
0.299789
0.2688976
0.2397196
0.2595283
0.2598246
0.2616754
0.2974691
0.2428688
0.2866242
0.288739
0.2913148
0.2721469
0.2708076
0.2627903
0.2717097
0.2751263
0.3189382
0.2918074
0.2566702
0.2581577
0.2578171
0.2543015
0.275355
0.2803397
0.2661804
0.2836254
0.248432
0.231898
0.2598959
0.2592581
0.2352082
0.2336386
0.246976
0.2112319
0.2584187
0.241677
0.2570969
0.2355421
0.2555084
0.2197613
0.2260617
0.2605279
0.2103811
0.1913127
0.1973473
0.2111254
0.228972
0.2828405
0.1859677
0.2198709
0.2251745
0.2057191
0.2117036
0.2254585
0.2053397
0.1697883
0.2227293
0.1851996
0.2073742
0.212522
0.2099223
0.2105175
0.1923664
0.239552
0.1996958
0.2141282
0.1920192
0.2548638
0.2086733
0.1791361
0.2059603
0.2319466
0.2869393
0.2423269
0.1910936
0.2452052
0.2761993
0.2320009
0.2250513
0.2297338
0.2605012
0.1997785
0.1988034
0.1664858
0.1926825
0.2045508
0.2180235
0.1969106
0.1912354
0.2212469
0.1943545
0.2525319
0.2223436
0.2031091
0.2206818
0.2599783
0.2671156
0.2800529
0.236059
0.2307639
0.2146935
0.1950675
0.2044871
0.2052842
0.2379466
0.2155083
0.2153674
0.2254834
0.178111
0.1685453
0.1875834
0.2181132
0.1594559
0.2045914
0.1610092
0.2030926
0.1931221
0.1594414
0.2074399
0.2004076
0.1837803
0.1913647
0.1825741
0.2002971
0.1777138
0.1553804
0.2290964
0.1758313
0.183116
0.2012396
0.1791613
0.1479742
0.2216127
0.2109931
0.2014335
0.1632709
0.2291943
0.1936315
0.1858197
0.2418683
0.1957781
0.201022
0.2164054
0.1776053
0.2224222
0.172555
0.2005093
0.1849246
0.2012136
0.1801691
0.2160871
0.2287637
0.2074247
0.228051
0.2134653
0.1924506
0.1854543
0.2141652
0.2256033
0.176972
0.2243876
0.1856288
0.234569
0.1870778
0.1922489
0.2425865
0.2640023
0.286449
0.2161878
0.2707286
0.2505446
0.198834
0.2245104
0.1950438
0.2643525
0.2361867
0.2280624
0.2183921
0.1829203
0.2093893
0.1748818
0.1987503
0.2038373
0.2001779
0.1839539
0.243477
0.2200879
0.1833245
0.1936221
0.1795528
0.1764224
0.1924955
0.1745199
0.2167975
0.196149
0.2503422
0.1978247
0.2066846
0.1982936
0.1895829
0.2352481
0.1794894
0.1973358
0.1801508
0.2160437
0.1777238
0.1767082
0.1732944
0.1904937
0.1915126
0.1646933
0.2010824
0.2110327
0.1900736
0.2156584
0.1757336
0.1658233
0.1602804
0.1783173
0.1733101
0.1837139
0.1513444
0.1525457
0.159286
0.1785853
0.1540287
0.1630746
0.1727631
0.1678277
0.1977632
0.1900768
0.2050256
0.1609101
0.1849645
0.1786867
0.1722274
0.1524356
0.1702345
0.1717887
0.1424234
0.1566765
0.1890704
0.1613022
0.1702705
0.1905987
0.1731485
0.1434258
0.2120368
0.1904777
0.1938492
0.2023257
0.2150127
0.1893936
0.2025476
0.1764231
0.1759121
0.1844417
0.1845138
0.2039365
0.156343
0.1846395
0.2016181
0.2501476
0.2204993
0.2680075
0.2080864
0.2002457
0.1958652
0.2130817
0.2254218
0.206067
0.2177336
0.1898501
0.2063649
0.2194253
0.2111749
0.2005035
0.1922108
0.1890282
0.2001203
0.1773736
0.2040469
0.1909395
0.1676207
0.1541973
0.1843333
0.1369126
0.1525463
0.1595085
0.2365141
0.26083
0.2417891
0.1945583
0.1730679
0.1877699
0.1902056
0.1907959
0.2049314
0.2083943
0.1917647
0.1884756
0.2002162
0.1738328
0.1965192
0.2004177
0.2351139
0.180424
0.1749355
0.1609665
0.1654634
0.1853859
0.1573931
0.1809574
0.265395
0.2109962
0.2395077
0.2253914
0.2423617
0.2565528
0.2430174
0.2351951
0.2384006
0.2256237
0.2347319
0.256497
0.196656
0.1981602
0.2376448
0.202975
0.2403474
0.2523626
0.2900782
0.2501501
0.2248563
0.2230989
0.2535979
0.2285906
0.256744
0.2623762
0.2503608
0.2432293
0.2519895
0.225914
0.2399143
0.2004308
0.2401482
0.3228988
0.219001
0.2505721
0.2296026
0.2358832
0.2742225
0.2346523
0.2563919
0.2625657
0.2905704
0.2586873
0.2624703
0.2291967
0.2890413
0.2261671
0.2326601
0.2245683
0.2272944
0.1962607
0.1791875
0.1989256
0.2066057
0.1774685
0.195317
0.2804607
0.2610069
0.2427052
0.2079025
0.1910111
0.2014715
0.2311621
0.236483
0.2503273
0.2558784
0.2499948
0.2837301
0.1985199
0.2126116
0.2145095
0.2224053
0.1943995
0.1642922
0.173631
0.1997132
0.2205207
0.1955258
0.2078591
0.1443412
0.1942396
0.2390831
0.2367847
0.2119841
0.2130605
0.2177431
0.2130013
0.1992423
0.2105217
0.2076443
0.2216316
0.260507
0.2251453
0.2326144
0.1984739
0.1808184
0.2059158
0.1989003
0.1906101
0.1483982
0.1605902
0.1839939
0.2169193
0.1961062
0.1939136
0.1842601
0.1904457
0.2114411
0.199012
0.1887057
0.1633403
0.1725359
0.1964381
0.2317708
0.2801617
0.2381272
0.2045977
0.2604865
0.265246
0.1979116
0.2195141
0.2773896
0.2186324
0.213848
0.1855137
0.2432508
0.2181096
0.2052924
0.2442446
0.2192343
0.2354146
0.2397404
0.2291076
0.2033503
0.2297181
0.1719214
0.2616495
0.214883
0.2087417
0.2638298
0.2328441
0.253647
0.2144235
0.2400318
0.2162148
0.2117456
0.2246424
0.1534484
0.2110663
0.1909992
0.1801504
0.1640491
0.1852484
0.1828104
0.1661397
0.2282761
0.1826926
0.2212309
0.1513681
0.1702574
0.1485705
0.1731548
0.1601955
0.2010613
0.1730122
0.1600423
0.1657595
0.1413001
0.1819478
0.1759756
0.184336
0.1551716
0.1717666
0.2031657
0.1609564
0.1570837
0.154764
0.1630969
0.1995696
0.146493
0.1870346
0.1695413
0.214833
0.202049
0.1818342
0.2089638
0.1883864
0.1960218
0.199717
0.2170543
0.173238
0.192809
0.2036562
0.183881
0.1714949
0.1982191
0.1949591
0.2125737
0.1940995
0.2070834
0.1745658
0.1617492
0.1616344
0.1812441
0.1765148
0.1775161
0.2292804
0.2198573
0.2576792
0.2737543
0.2593323
0.2301819
0.2032255
0.2099441
0.2379441
0.1957716
0.1701545
0.1660177
0.1760846
0.1763317
0.1818695
0.1909547
0.1598233
0.1755613
0.1943372
0.1862258
0.2095756
0.2373188
0.2503278
0.2125194
0.2400711
0.2051999
0.2214074
0.1741558
0.1844986
0.1724534
0.1972978
0.2497834
0.1977074
0.1682674
0.1953142
0.3113684
0.2454089
0.2591377
0.1990245
0.2567569
0.2485282
0.2717086
0.1904754
0.2335287
0.23215
0.2339176
0.1843042
0.2319781
0.2212238
0.2658014
0.2633732
0.2904443
0.2119818
0.1853016
0.2708726
0.1873203
0.1989178
0.2071417
0.200001
0.2254075
0.2620371
0.2791778
0.2316654
0.2814062
0.2895874
0.3045853
0.2273798
0.2331308
0.3006989
0.2887973
0.2250202
0.2753471
0.2808988
0.2840903
0.319273
0.3293129
0.2911901
0.2466631
0.2566928
0.2210358
0.2740815
0.2681161
0.2601878
0.2309814
0.2900181
0.2925738
0.2393631
0.2371354
0.24909
0.2403066
0.2540001
0.1862176
0.2237876
0.2308147
0.2191114
0.2135402
0.2972922
0.1940678
0.1921792
0.2005888
0.2696896
0.2467917
0.2421519
0.2408718
0.227237
0.1959679
0.2179064
0.1897529
0.1694987
0.1855421
0.1930669
0.2036566
0.1832447
0.2118687
0.2601282
0.2496518
0.2589719
0.2810965
0.2748191
0.3032352
0.2858013
0.238185
0.2784088
0.2737742
0.2658145
0.2858518
0.2498024
0.2439841
0.2438604
0.2579985
0.2379402
0.2329506
0.2766884
0.2352837
0.2197646
0.2647531
0.2233327
0.2190633
0.2738136
0.2455357
0.2537797
0.2794993
0.2737225
0.2760886
0.2494008
0.2661
0.2458967
0.2262628
0.2409012
0.222686
0.2471309
0.2831944
0.2351993
0.2534318
0.2494977
0.2772959
0.2306965
0.2567553
0.3000171
0.2690806
0.2871152
0.2551567
0.2660285
0.2134576
0.2224299
0.2390546
0.1824938
0.2537289
0.2715623
0.2440536
0.2091559
0.2626807
0.2374237
0.2142203
0.2822685
0.2516542
0.2454129
0.2563776
0.2321341
0.2327581
0.2419091
0.2864249
0.255034
0.2652425
0.2444252
0.2518219
0.270612
0.2618372
0.2725318
0.2701678
0.2713653
0.2912579
0.3281946
0.2976482
0.3169432
0.2916225
0.3042679
0.2943012
0.2560876
0.2981378
0.2928074
0.3159281
0.3272216
0.3527892
0.3313509
0.3229915
0.3086571
0.3258528
0.2634537
0.2876695
0.2817899
0.2893901
0.2888761
0.3358075
0.2097183
0.1923344
0.1979582
0.1537918
0.2109554
0.180127
0.2272537
0.2125861
0.231787
0.2354489
0.1896757
0.2361549
0.2419711
0.2112352
0.206971
0.2338212
0.271129
0.2035587
0.2160867
0.1882142
0.2246959
0.2004115
0.1834687
0.2142162
0.2154697
0.1799436
0.2054242
0.248684
0.2231424
0.2403435
0.2116698
0.228158
0.2486492
0.2038767
0.2213305
0.2192835
0.2470809
0.251741
0.2606966
0.1938126
0.2275322
0.227077
0.2294899
0.2251787
0.2596584
0.2615521
0.2980707
0.2622336
0.2284883
0.2371569
0.2715349
0.2571629
0.2898321
0.2438911
0.2651349
0.2666912
0.2296676
0.2481583
0.2706844
0.2852328
0.2610269
0.2782112
0.2778085
0.241363
0.2608554
0.2786786
0.2847643
0.2754298
0.2757224
0.3385605
0.2964657
0.3622631
0.3258008
0.2863876
0.2943235
0.3153089
0.2616995
0.2787725
0.2688095
0.2568748
0.2632427
0.2671629
0.2401092
0.2438021
0.2354687
0.2478318
0.2319919
0.2449113
0.2400528
0.2009915
0.1989765
0.234584
0.2623851
0.2084945
0.3026189
0.2341146
0.2489264
0.2618218
0.2214831
0.2822349
0.2094057
0.2302044
0.1864572
0.2185908
0.1925754
0.2258159
0.2322157
0.2338437
0.2405545
0.2345939
0.2088048
0.2172523
0.2468499
0.2088997
0.243485
0.2463255
0.2365889
0.2694304
0.2660672
0.2617088
0.2507457
0.222503
0.2318468
0.2447939
0.2240189
0.263085
0.2509608
0.2271368
0.2367108
0.2307235
0.2594894
0.2392169
0.2326266
0.2175177
0.2212316
0.2306415
0.226014
0.2404815
0.2145208
0.2262248
0.2193158
0.2286983
0.2138418
0.2292915
0.2061696
0.245754
0.226309
0.2646986
0.2335677
0.2589465
0.2429073
0.2823951
0.2339484
0.2386226
0.2532016
0.2356903
0.2322006
0.2146258
0.2186037
0.2041351
0.20274
0.2165363
0.2474274
0.2272099
0.200347
0.2565045
0.3145066
0.302761
0.2695963
0.2678904
0.2518298
0.2544304
0.2674317
0.2587422
0.2587951
0.2415426
0.2756145
0.280488
0.2402227
0.2696353
0.2277493
0.2394946
0.2408153
0.2714227
0.2056371
0.2235096
0.2196061
0.2559732
0.2308978
0.2039881
0.2224288
0.2320369
0.2212668
0.2358168
0.2118653
0.2242784
0.2159656
0.2207317
0.1950206
0.2219465
0.2242201
0.2244478
0.2494104
0.2334231
0.2097214
0.2129176
0.2608584
0.2244732
0.2267985
0.2456853
0.23935
0.2110455
0.2376918
0.2282856
0.2241942
0.2279033
0.2710927
0.2391797
0.225833
0.2090241
0.2354122
0.2202457
0.2606377
0.2840393
0.2458067
0.276386
0.2686441
0.2464972
0.2401718
0.2763202
0.2441216
0.2546528
0.2209268
0.2307247
0.2326404
0.2438676
0.2586759
0.2308137
0.2029496
0.2244316
0.2303656
0.2128667
0.2303339
0.2055924
0.2126952
0.2547321
0.2195401
0.200707
0.2293399
0.2145586
0.2246172
0.2519578
0.2527199
0.2462758
0.238619
0.2564444
0.2618402
0.2529932
0.2541152
0.2468363
0.2483065
0.2674142
0.2418581
0.2487226
0.2416941
0.2617457
0.2365251
0.2498837
0.2361289
0.22206
0.2360879
0.2426686
0.2592452
0.2755474
0.2717653
0.2277459
0.2773061
0.2423573
0.3018241
0.2580635
0.2793694
0.2630458
0.2397533
0.2402757
0.2401389
0.2516605
0.259801
0.2929343
0.2946805
0.3020022
0.3414133
0.3226643
0.3631615
0.3195044
0.3210688
0.3211165
0.2844765
0.280468
0.2641428
0.2888031
0.2441897
0.2838055
0.2614059
0.2698043
0.2551857
0.2853375
0.2405187
0.2534629
0.2643665
0.3062369
0.2986478
0.2809851
0.2587444
0.2547028
0.2618693
0.2649594
0.2604198
0.3082536
0.2979974
0.3111367
0.2557353
0.2663147
0.2480875
0.2586326
0.2784952
0.2492317
0.2599173
0.2715487
0.2519557
0.2493696
0.2637735
0.3130583
0.258964
0.2584518
0.2439231
0.2417573
0.2533264
0.2296764
0.2730895
0.2671988
0.2785491
0.2439642
0.2785601
0.2514991
0.2545991
0.2962067
0.2482733
0.2748771
0.2490255
0.325893
0.26834
0.250059
0.2884635
0.2457025
0.2422299
0.2934347
0.2546775
0.2349469
0.3265824
0.3301542
0.3610208
0.3726242
0.367343
0.3444054
0.3382912
0.3399247
0.3352834
0.2941094
0.3277625
0.3351141
0.2927523
0.3128348
0.3349618
0.3229692
0.3205158
0.3503366
0.3190618
0.3361818
0.3232235
0.3482332
0.3525826
0.3798656
0.3231148
0.3012046
0.3509409
0.3651779
0.3028696
0.3095535
0.3144072
0.3705942
0.3340899
0.316771
0.2770614
0.3156455
0.2868404
0.3308347
0.3056486
0.3280597
0.2669759
0.2713115
0.3210578
0.3164192
0.3461441
0.3193508
0.3415404
0.3778541
0.3360449
0.35243
0.3309482
0.3402267
0.3479147
0.3142636
0.3138236
0.3201355
0.3173101
0.3393824
0.3075426
0.2731797
0.326932
0.3751476
0.3555432
0.3376946
0.334578
0.3320691
0.3276708
0.3796577
0.3630474
0.3639396
0.3165864
0.3233497
0.3865962
0.4135617
0.3719703
0.4230537
0.4358983
0.4014484
0.4194338
0.3786201
0.4143001
0.4152327
0.4203128
0.4121745
0.4236237
0.3795032
0.3847608
0.3799469
0.4220644
0.4193735
0.414829
0.4083843
0.4210167
0.4102471
0.3663931
0.3980315
0.3844087
0.3952643
0.4017988
0.3778003
0.3864664
0.4323758
0.4271051
0.4088893
0.4008231
0.4092138
0.4310661
0.4006012
0.3861131
0.4186881
0.3816164
0.4073592
0.4453323
0.4158249
0.4133551
0.4075235
0.4147937
0.3960716
0.3894598
0.4035062
0.3968755
0.3655803
0.4016548
0.3678132
0.3668857
0.3947583
0.375389
0.3958904
0.3521973
0.4232534
0.4198713
0.4307384
0.4062918
0.3885096
0.3872598
0.3587357
0.4006847
0.3936436
0.4285738
0.4420159
0.425869
0.3992718
0.4118905
0.4282589
0.4167176
0.3823009
0.3607194
0.4175233
0.379679
0.3455189
0.4049306
0.3624859
0.4009373
0.3768048
0.3623172
0.342085
0.4161337
0.4013026
0.3909746
0.3487941
0.3673137
0.3507083
0.4403974
0.3442436
0.3861479
0.4366455
0.364178
0.4217069
0.4440252
0.4288208
0.399434
0.3905851
0.3946424
0.3966756
0.4245321
0.4194103
0.38467
0.4115894
0.3939755
0.4212617
0.3729845
0.4044389
0.3810918
0.3707774
0.3562583
0.3773988
0.3891235
0.3788673
0.3547883
0.394288
0.4121175
0.3939835
0.3569253
0.383463
0.3775029
0.3770789
0.3922093
0.3995565
0.4302432
0.3986401
0.4260122
0.4153566
0.3982452
0.4058992
0.3852739
0.3619892
0.3942084
0.4345494
0.4276081
0.4035071
0.3738736
0.3652988
0.377223
0.4263907
0.3555478
0.4083371
0.3993638
0.4308396
0.3885316
0.4183589
0.4157273
0.4270354
0.4289016
0.441961
0.3708257
0.3826533
0.4132904
0.3675088
0.3860231
0.3866147
0.3529579
0.3919108
0.3785381
0.4032363
0.4297276
0.4189484
0.439812
0.4248303
0.4228064
0.4091099
0.4323486
0.4586526
0.4475397
0.4299622
0.4077579
0.4842215
0.38984
0.4021247
0.3920471
0.4291887
0.4365065
0.4191836
0.4262477
0.406249
0.4425182
0.4590624
0.3888979
0.3940299
0.3813228
0.4179872
0.4322016
0.41057
0.4143551
0.4510001
0.4466286
0.4817508
0.4400151
0.4494407
0.4528717
0.4337518
0.475715
0.4565502
0.4381025
0.4534591
0.4265313
0.4391574
0.452602
0.4757409
0.421895
0.43592
0.4318828
0.4639381
0.4193961
0.3963967
0.4076658
0.3195843
0.3728507
0.4014969
0.3672113
0.4020203
0.377599
0.3491401
0.4095189
0.3587812
0.3649107
0.3453015
0.3540839
0.3730152
0.3311825
0.3800978
0.3826616
0.3835681
0.3810018
0.3608257
0.3539254
0.3688724
0.3838248
0.4210741
0.3928473
0.3858169
0.3888432
0.3688167
0.332881
0.3444325
0.3405497
0.3725269
0.400394
0.4011514
0.4047973
0.4145307
0.4036412
0.4013003
0.3962157
0.4077896
0.4208797
0.4136338
0.4134883
0.3956655
0.397099
0.3944643
0.3747368
0.4070004
0.3630037
0.3519209
0.366659
0.3754406
0.450043
0.4088072
0.400337
0.3924032
0.3490937
0.3661678
0.3653506
0.3555733
0.3521147
0.3887169
0.3999376
0.3965231
0.3619023
0.3537776
0.3949728
0.4394373
0.4200328
0.4448588
0.4022961
0.3929089
0.4002635
0.3812223
0.4272095
0.4092104
0.3720306
0.4386069
0.3994893
0.3604392
0.379743
0.3803808
0.3917187
0.4136129
0.3710764
0.366128
0.4011433
0.4024015
0.3974992
0.3794318
0.3946392
0.4095988
0.4067026
0.3872523
0.4138537
0.4196384
0.4314898
0.3901757
0.4058112
0.3605917
0.3691692
0.3372535
0.3591062
0.3641829
0.4019333
0.3635663
0.3654112
0.3728269
0.3460342
0.3681865
0.3687871
0.3490225
0.3372668
0.3720066
0.3802552
0.3756367
0.3640028
0.367987
0.4185844
0.3739425
0.3661148
0.3584825
0.3647654
0.3399031
0.377272
0.3907802
0.3944259
0.269675
0.3056606
0.3102313
0.3351236
0.3202512
0.3411398
0.3429663
0.332206
0.3256162
0.324533
0.3182043
0.3103361
0.3183892
0.3347299
0.3358159
0.3412567
0.2757303
0.3538882
0.3438532
0.3563294
0.3383937
0.3266079
0.3308907
0.3836321
0.3630257
0.3248248
0.3040176
0.3052463
0.3681531
0.355547
0.3312604
0.3595671
0.3562271
0.3373902
0.3119652
0.3642796
0.3717918
0.4031667
0.3809933
0.3619606
0.3454336
0.3812882
0.4068215
0.4263439
0.3897349
0.3798586
0.371327
0.3634413
0.417272
0.3989012
0.3726966
0.3602017
0.4219775
0.4105185
0.431276
0.3644644
0.4126902
0.4033924
0.3971475
0.3846073
0.377347
0.4175412
0.4686462
0.4064595
0.397018
0.3994209
0.3756027
0.4000447
0.3864344
0.3899524
0.395144
0.3778195
0.407835
0.3888712
0.3673781
0.3589003
0.3774819
0.4133496
0.4068713
0.3857099
0.4101505
0.4469526
0.4265217
0.4431035
0.3770112
0.3956039
0.4263836
0.38997
0.4194402
0.436511
0.4047644
0.4416629
0.4497473
0.4377173
0.3779024
0.3662613
0.3779272
0.4128912
0.4258908
0.3892983
0.3826906
0.3374016
0.3795333
0.377787
0.3574924
0.3729871
0.3659135
0.3617457
0.3652669
0.3953914
0.3815381
0.3855714
0.3707392
0.3899095
0.3865908
0.4133086
0.3866292
0.3694192
0.4138798
0.3786527
0.396883
0.3542972
0.379435
0.3595048
0.3792736
0.3571039
0.3703862
0.3331262
0.3281555
0.3284312
0.3459294
0.373338
0.3804472
0.3441377
0.3233508
0.3352369
0.3413653
0.3162478
0.3857383
0.3704641
0.3681588
0.3620334
0.3625913
0.3200397
0.3495257
0.3812925
0.3302025
0.3641618
0.3850674
0.3775908
0.3753925
0.3663682
0.3771862
0.4088143
0.3743111
0.3404345
0.382149
0.3798273
0.4217035
0.3607056
0.3663695
0.3997836
0.365312
0.3795224
0.4026979
0.3998979
0.3816664
0.3787427
0.3699588
0.353867
0.4141216
0.3819679
0.3486876
0.403257
0.3676454
0.3326169
0.3501444
0.3872417
0.4104517
0.3470359
0.323935
0.3665666
0.364502
0.3938521
0.3910531
0.357291
0.3812481
0.4188003
0.3925357
0.3976965
0.4032545
0.3677866
0.3673208
0.3511823
0.3577189
0.3422698
0.3682929
0.3535051
0.3701549
0.3731084
0.4007795
0.3697365
0.3960136
0.3909304
0.3593895
0.3623941
0.3512099
0.3105379
0.2969248
0.2919012
0.2684893
0.3010955
0.2766848
0.2731287
0.2868057
0.2562045
0.2884683
0.3069375
0.2967735
0.3064528
0.3043516
0.3333943
0.3483039
0.3335168
0.3482611
0.3353753
0.3366286
0.3182346
0.3385115
0.3537954
0.3543656
0.35949
0.3376092
0.3673139
0.3506411
0.335767
0.3377776
0.3637417
0.3485521
0.3835597
0.3729031
0.3753755
0.3506211
0.3395108
0.3313471
0.3434646
0.3545077
0.3832034
0.3978465
0.3766631
0.3852288
0.4264131
0.4231867
0.4274409
0.3523663
0.3902686
0.302634
0.3022411
0.3071078
0.2866888
0.274104
0.2956744
0.3076937
0.3006291
0.3388211
0.3346895
0.325513
0.2723743
0.3110327
0.2708234
0.2896619
0.2496424
0.2343132
0.2981869
0.236421
0.2672111
0.2569284
0.2703743
0.2597019
0.2784751
0.2493988
0.2745106
0.2690475
0.308745
0.2976126
0.3402671
0.3296439
0.3149437
0.3404907
0.2770013
0.3120292
0.3114077
0.3586887
0.4051662
0.3440941
0.3276583
0.3398119
0.3331519
0.3453478
0.354837
0.3369089
0.2673036
0.3500506
0.3260036
0.3327035
0.2925763
0.3180435
0.334584
0.3100524
0.282535
0.3303521
0.3226658
0.3124444
0.2784582
0.2973115
0.2779879
0.247084
0.2140094
0.2840009
0.2821879
0.2669913
0.2489446
0.2850331
0.2598798
0.2421394
0.2375934
0.274597
0.2591885
0.2515042
0.2058776
0.2603726
0.2449005
0.2463819
0.2566139
0.27779
0.234884
0.2402435
0.2788445
0.2464901
0.2627344
0.2349596
0.2267971
0.210645
0.1751283
0.2443649
0.2539932
0.2230931
0.2653091
0.2904489
0.3231857
0.2865856
0.2396697
0.2660015
0.2774384
0.3196402
0.3065661
0.2813981
0.356936
0.3419607
0.3425816
0.3152827
0.336206
0.3278189
0.2745605
0.3137449
0.3103937
0.3226192
0.3457803
0.3706072
0.3327579
0.2918624
0.3179109
0.2877455
0.3393737
0.3005179
0.3262282
0.3581789
0.3349293
0.3431063
0.3354884
0.3190756
0.3501319
0.3676411
0.3292067
0.3742401
0.3535463
0.3097878
0.3276212
0.3373727
0.3187071
0.3140415
0.3503364
0.3721233
0.3564588
0.3431847
0.3386854
0.3487657
0.3607021
0.3533886
0.3868705
0.3834065
0.3772026
0.4004091
0.4349526
0.3910116
0.3674015
0.3482323
0.3240159
0.337495
0.3793178
0.3713791
0.4099968
0.4130578
0.3811642
0.3860155
0.3452273
0.3355417
0.288436
0.366505
0.3082455
0.2778485
0.3132207
0.2792403
0.2974055
0.3350285
0.2973524
0.3093231
0.2958621
0.3048195
0.3750892
0.3196523
0.3102415
0.3125089
0.3081521
0.3320629
0.3503995
0.3199789
0.3503474
0.3525139
0.3233412
0.3319606
0.3293097
0.302073
0.2697654
0.2946043
0.2672634
0.3627173
0.327561
0.3142413
0.3050528
0.2742873
0.3195599
0.3569409
0.3220982
0.3354183
0.2935089
0.3225622
0.2957017
0.3143374
0.292284
0.2829227
0.2665662
0.2531503
0.2405171
0.2555039
0.243572
0.290594
0.2623734
0.2624178
0.2933601
0.2389263
0.28126
0.2716082
0.2603654
0.2368629
0.2113754
0.2603264
0.2583383
0.2121762
0.2200911
0.1825908
0.2692306
0.2448756
0.2671757
0.218147
0.2336949
0.2314865
0.2384356
0.2658695
0.2169628
0.2318154
0.2175707
0.2588504
0.2005536
0.236947
0.2090803
0.2544692
0.2254227
0.2259088
0.2004247
0.1942352
0.1997002
0.2015847
0.2060963
0.259415
0.1947348
0.2101412
0.2314182
0.2794775
0.2635873
0.2521763
0.2649097
0.216431
0.2317266
0.2704357
0.2142884
0.1820541
0.2063979
0.1879558
0.2425437
0.247632
0.2411484
0.2118221
0.1868799
0.2711115
0.2343793
0.2834738
0.259297
0.2320702
0.258992
0.2310352
0.2548616
0.2399781
0.2517434
0.2394206
0.2936289
0.252693
0.2405915
0.2628358
0.2459926
0.2431741
0.240786
0.2428998
0.2397689
0.2315864
0.2094266
0.2123836
0.2389829
0.2198507
0.2807823
0.2720729
0.2837151
0.2491825
0.241529
0.1848257
0.2042524
0.2390168
0.2441816
0.243476
0.2357416
0.2277348
0.2077278
0.2242579
0.2355069
0.2148988
0.2131421
0.2164267
0.2477822
0.2257531
0.2244825
0.2413281
0.2562664
0.2164761
0.223717
0.2101527
0.2183099
0.224206
0.1941465
0.1940743
0.2004145
0.2150786
0.2042994
0.2522354
0.2280184
0.2184539
0.2227398
0.1980267
0.2291674
0.2484762
0.2201164
0.176424
0.1785635
0.2165408
0.1887993
0.2076063
0.1632222
0.2081398
0.1998684
0.1908094
0.1956938
0.2032428
0.1780557
0.1762515
0.1895072
0.212278
0.2313253
0.270384
0.2628309
0.2964734
0.2256597
0.2292846
0.2332444
0.2129111
0.2519435
0.2183693
0.2191198
0.2498241
0.2233038
0.232347
0.2052852
0.1954476
0.205978
0.1924051
0.231373
0.2620815
0.2229156
0.2295888
0.2105559
0.1886608
0.2204108
0.2110368
0.2111995
0.2394705
0.2436285
0.2215024
0.1992583
0.2278652
0.2322996
0.243896
0.2039647
0.2256147
0.2348845
0.22478
0.2325292
0.222578
0.224308
0.2161964
0.239609
0.2452411
0.2321876
0.2273066
0.2491013
0.250741
0.1985024
0.1857262
0.1827239
0.174126
0.2393006
0.2464563
0.2041735
0.2712073
0.2360187
0.2508886
0.2276738
0.199816
0.2090618
0.2765009
0.1959295
0.2953308
0.2205024
0.2217986
0.235331
0.1911211
0.264576
0.1977829
0.2144074
0.2201119
0.2224028
0.2148589
0.2045317
0.2396424
0.2812327
0.255172
0.2052822
0.1876311
0.1832808
0.1985864
0.2270785
0.2401621
0.2596282
0.215591
0.2224683
0.2349787
0.1804492
0.2374537
0.183714
0.2164119
0.2749017
0.238276
0.22363
0.2146468
0.208751
0.199163
0.2327136
0.2339734
0.254371
0.2254041
0.1921672
0.25419
0.2573599
0.2324065
0.1640289
0.2204394
0.2310658
0.2116805
0.2532296
0.2555579
0.2405162
0.3003446
0.2319413
0.2182666
0.2285928
0.2196296
0.2088984
0.2636924
0.2143945
0.2092019
0.2277677
0.2277416
0.2608224
0.2010481
0.2776704
0.3059624
0.3122302
0.2893937
0.2882851
0.1855004
0.2007058
0.2615454
0.2621816
0.2200307
0.228526
0.2209696
0.2534154
0.2225171
0.2295548
0.2422512
0.1897626
0.2574153
0.1656808
0.2413589
0.1735961
0.161881
0.2100334
0.1625443
0.2078483
0.2390401
0.2512944
0.2451794
0.2373066
0.2663998
0.2620603
0.2726532
0.2376156
0.2367544
0.2203753
0.252301
0.2741854
0.2630259
0.2577863
0.2680751
0.1624197
0.2204399
0.2189984
0.2016305
0.2174057
0.247804
0.2462645
0.20093
0.1755429
0.1763074
0.1691941
0.2121489
0.1789041
0.1792877
0.1527119
0.2451866
0.1958377
0.1726605
0.2413778
0.1848725
0.1955133
0.188904
0.1578052
0.1891603
0.1585734
0.1861788
0.1452299
0.1737871
0.1931216
0.1861003
0.1941141
0.197734
0.2199602
0.2262129
0.1958995
0.206203
0.1830801
0.1954381
0.1747764
0.206065
0.2051641
0.2085113
0.2255455
0.2155416
0.2399237
0.2081271
0.2533736
0.2484899
0.2025328
0.2254086
0.2042563
0.2389979
0.2191546
0.2621487
0.2029881
0.2257314
0.216051
0.23171
0.2348053
0.2025391
0.231588
0.2193155
0.2180181
0.2700362
0.2664098
0.2323654
0.3124833
0.2488344
0.228027
0.2643771
0.2662554
0.2221919
0.1972854
0.2055271
0.1607874
0.1825986
0.1996706
0.2426596
0.1874554
0.2025024
0.2028749
0.2654519
0.215626
0.2210642
0.2182294
0.2129641
0.2092436
0.2576323
0.2771394
0.281869
0.2497115
0.2933774
0.2247815
0.2540544
0.2626439
0.2480139
0.2399957
0.2443581
0.1848289
0.23486
0.174494
0.2543133
0.2463487
0.2745859
0.2119623
0.2280116
0.2670411
0.2398373
0.3129785
0.2647338
0.2661447
0.2582548
0.2645541
0.2682217
0.2283662
0.2337876
0.2254512
0.182824
0.1937265
0.2444446
0.2403664
0.1832358
0.2737445
0.2222755
0.2317205
0.179034
0.1786143
0.233462
0.2893786
0.1940243
0.2757003
0.1997841
0.2453468
0.2476255
0.2092497
0.1864637
0.2367476
0.2192039
0.2239931
0.2209451
0.1957983
0.2236122
0.2330726
0.1991433
0.1982973
0.2035053
0.1936136
0.2111221
0.2285568
0.2274939
0.2386119
0.2465499
0.2159719
0.2036299
0.2236643
0.2389538
0.2500473
0.2936776
0.2491777
0.238999
0.2196674
0.2622043
0.2521393
0.26352
0.2177094
0.2328914
0.2397243
0.2998931
0.2375117
0.2285495
0.2507421
0.2770743
0.176052
0.2103935
0.2091892
0.2377753
0.2952622
0.2634463
0.2638206
0.2622863
0.2346955
0.2570259
0.2785882
0.2423366
0.2776109
0.2434857
0.2788908
0.2369809
0.2824096
0.2837012
0.2328861
0.2786705
0.267144
0.2699258
0.2723135
0.2471006
0.2476177
0.2496599
0.285999
0.2817152
0.2961192
0.2914976
0.317516
0.3168122
0.2870839
0.3412561
0.2890158
0.2930032
0.2977984
0.2904918
0.2790089
0.2931619
0.2910874
0.2780063
0.273854
0.3306997
0.3040677
0.2735657
0.2721241
0.2658989
0.2907294
0.3033609
0.3408192
0.296901
0.3014967
0.3336852
0.3051112
0.2763567
0.2638822
0.3490738
0.3743279
0.3551852
0.3016732
0.308327
0.3082525
0.2844875
0.2874313
0.2755134
0.2945947
0.2293187
0.2111844
0.2375939
0.2787001
0.2763247
0.2709799
0.3106988
0.3128664
0.3138269
0.3065664
0.2860553
0.2555505
0.3090272
0.299347
0.2642631
0.3673784
0.3221732
0.323862
0.3173522
0.3283148
0.3329975
0.3157034
0.3280066
0.3401617
0.330247
0.3093055
0.3149338
0.2774745
0.3234342
0.2879156
0.2775298
0.268984
0.2992522
0.2857516
0.2535721
0.2887495
0.2912268
0.2549841
0.3161617
0.288379
0.3173941
0.2675851
0.3252394
0.2877792
0.3276513
0.2762914
0.2882503
0.2683016
0.2641783
0.2705143
0.2610237
0.2599198
0.2980825
0.2677302
0.2344697
0.2505379
0.2971385
0.3294412
0.2749602
0.2904828
0.2259056
0.2583914
0.2474818
0.2636509
0.3108281
0.2808389
0.244533
0.2944358
0.2698464
0.2739296
0.2750763
0.284294
0.2662326
0.2896667
0.2699718
0.3060192
0.2986208
0.2596578
0.2836932
0.2726739
0.2890775
0.2565169
0.2914729
0.3313629
0.2751584
0.300284
0.3092855
0.3060664
0.3156429
0.3231197
0.3320302
0.3882747
0.2931833
0.3037174
0.2883414
0.3044501
0.3761536
0.3180857
0.2894477
0.2856826
0.24599
0.2520326
0.2953744
0.3459687
0.285821
0.2613043
0.3645152
0.3439101
0.3365421
0.2932674
0.3357757
0.3007353
0.3403268
0.3164543
0.3149768
0.3627911
0.3362502
0.3540935
0.3423249
0.4026786
0.3266566
0.3509516
0.3444791
0.3451628
0.3519118
0.3514565
0.3798643
0.3662322
0.3405864
0.3585246
0.3648382
0.3709342
0.3441228
0.3523457
0.3374127
0.3502726
0.3627665
0.3411627
0.3343229
0.3149112
0.3498057
0.3164459
0.344579
0.3717322
0.3694769
0.3560078
0.3152772
0.336546
0.3388179
0.3302726
0.3449537
0.326738
0.3660212
0.2910684
0.3073859
0.3151706
0.3175103
0.3155842
0.3332855
0.3396945
0.3380488
0.3259912
0.3304954
0.2783129
0.3665657
0.3270572
0.3379419
0.336057
0.3524035
0.31168
0.3706827
0.3696249
0.3316456
0.3457879
0.3515667
0.3683158
0.3602697
0.3553571
0.341343
0.3580809
0.3357221
0.3523664
0.3543467
0.3694095
0.3269249
0.3748997
0.3324612
0.3292831
0.2909699
0.3217244
0.2896372
0.2924605
0.2962774
0.2953681
0.3198454
0.2757333
0.2958729
0.2533699
0.2517353
0.2439792
0.2325458
0.2248766
0.2078057
0.1887833
0.1719109
0.2163095
0.23135
0.2609625
0.2169252
0.2207793
0.2725027
0.258508
0.2149989
0.2462314
0.2793962
0.2528805
0.2333584
0.2631465
0.2619554
0.2590473
0.2667002
0.2856858
0.2512801
0.2727293
0.2877388
0.3072352
0.2869133
0.3133339
0.228341
0.2761426
0.3137625
0.309657
0.2619391
0.2399537
0.26028
0.2699365
0.23892
0.2684409
0.2572245
0.2637826
0.2156421
0.2081837
0.2077504
0.2119407
0.2267214
0.1977899
0.212376
0.1953089
0.1939594
0.1784828
0.1631509
0.1738745
0.1929855
0.1744977
0.1498412
0.1686934
0.197791
0.2076899
0.1955431
0.1767705
0.1902811
0.1652706
0.1558504
0.1545959
0.1701709
0.1741744
0.1713106
0.1823993
0.1819867
0.2083835
0.2194001
0.1779061
0.1911058
0.1945698
0.203866
0.2199142
0.194789
0.1895221
0.1916933
0.1889583
0.1986996
0.1859101
0.1982698
0.2069836
0.1736813
0.2506026
0.2299137
0.2102116
0.2222869
0.2301301
0.2036794
0.2403736
0.2586046
0.2568603
0.236182
0.2617874
0.2204221
0.2013367
0.2550054
0.1835146
0.1882093
0.1772744
0.2102032
0.2465413
0.1789488
0.1607475
0.1849219
0.1717104
0.2168241
0.1577838
0.1775606
0.2120046
0.225898
0.2065729
0.2374016
0.2407096
0.2372733
0.1879725
0.2035375
0.1860336
0.1795006
0.2181904
