0.252977
0.2703299
0.3006885
0.3022746
0.2948638
0.2721334
0.223966
0.2883855
0.2405217
0.2719507
0.2608918
0.2684172
0.2687852
0.2361984
0.2467476
0.2623489
0.2675872
0.2922287
0.2666804
0.3171193
0.3266059
0.340261
0.2956959
0.3224077
0.3237372
0.2919309
0.2825381
0.292226
0.3239241
0.3240278
0.2939764
0.2740489
0.2510286
0.3057419
0.3172987
0.3264347
0.3073286
0.3435071
0.3056849
0.3292186
0.2975572
0.2761194
0.2468657
0.3013191
0.3312387
0.3150287
0.2724206
0.2843218
0.2824528
0.3284963
0.2898198
0.2342996
0.2518379
0.2397771
0.2262044
0.2659792
0.2605989
0.2482354
0.3197381
0.2960894
0.3326314
0.3198215
0.2879522
0.2704011
0.3220989
0.3372437
0.325003
0.3124273
0.2655868
0.2776475
0.300435
0.3226792
0.2707622
0.3292058
0.248364
0.30287
0.2808108
0.2321866
0.2726879
0.2745461
0.2675073
0.2229031
0.2283673
0.294833
0.2717828
0.2473843
0.2420296
0.2546383
0.2268949
0.2677854
0.2518764
0.2847193
0.2449805
0.2186892
0.2328332
0.2505785
0.2323282
0.176364
0.2328753
0.2114613
0.229428
0.2629186
0.2165542
0.2601925
0.2289847
0.2226033
0.2383286
0.1861764
0.2181186
0.2100234
0.1816332
0.1951929
0.2125774
0.2146664
0.2450035
0.1875585
0.2289937
0.2125439
0.2283469
0.2058067
0.2191688
0.2149647
0.1846145
0.2189618
0.1851965
0.2036627
0.1938178
0.2007851
0.2151637
0.2058119
0.2304962
0.2070726
0.2023738
0.2358504
0.2462928
0.187809
0.2656545
0.1948217
0.2323057
0.2570487
0.2178334
0.2275195
0.2377555
0.2214899
0.244277
0.2169847
0.2287574
0.2166977
0.2251529
0.2717524
0.2312498
0.2167824
0.2453563
0.2386499
0.2332856
0.1997621
0.2010318
0.2304692
0.232826
0.210244
0.2287797
0.2455877
0.2657165
0.2570848
0.2516113
0.2723998
0.2689783
0.2730108
0.2695242
0.2712664
0.2733403
0.2458705
0.2497255
0.216419
0.2362715
0.2232037
0.2119304
0.2061251
0.2077031
0.1796561
0.2099818
0.1955917
0.2492523
0.2215717
0.2069006
0.2372471
0.223464
0.2231534
0.2201076
0.252437
0.2485331
0.2449435
0.2616708
0.2623636
0.2575063
0.2698968
0.2468739
0.2130238
0.2419038
0.2715839
0.2972932
0.2601021
0.2887006
0.2726032
0.2712062
0.2954378
0.2285305
0.223357
0.2749387
0.2370907
0.2631745
0.2754277
0.269338
0.239384
0.2368664
0.2483933
0.2430657
0.2647229
0.2514859
0.2416934
0.2095414
0.2343654
0.2034329
0.2168829
0.2186448
0.2215802
0.196134
0.2162371
0.2167566
0.2660659
0.1902449
0.2276791
0.2544097
0.2837958
0.2571632
0.2327494
0.2717249
0.2558128
0.252029
0.2684295
0.2475507
0.253464
0.2375011
0.2091459
0.2413621
0.2350933
0.2115758
0.225011
0.2112602
0.2227843
0.2218628
0.206955
0.2325029
0.2349826
0.2134341
0.2215812
0.2843625
0.2546313
0.226169
0.2506728
0.25793
0.2445743
0.2423078
0.2119451
0.2681087
0.2435732
0.2288842
0.2058975
0.2378229
0.23425
0.2139823
0.212284
0.2175129
0.2738344
0.2556511
0.2237912
0.2390745
0.2637133
0.2780656
0.2241648
0.1956018
0.2000254
0.24925
0.1986088
0.1961016
0.2029297
0.2038811
0.184218
0.2058087
0.2194989
0.1970287
0.1994121
0.1798416
0.2028908
0.2297842
0.2170616
0.2279391
0.2561709
0.24749
0.230887
0.2456098
0.2471047
0.2629369
0.2534422
0.2478329
0.248947
0.2037989
0.2393356
0.2269032
0.1792285
0.2189267
0.2534454
0.2233078
0.1766523
0.2164069
0.2309345
0.2228676
0.2472177
0.2150188
0.2470431
0.1984548
0.2708026
0.2288681
0.2058026
0.2011144
0.2152311
0.2367477
0.2290909
0.2014883
0.2158159
0.1923383
0.1880042
0.1941045
0.2099333
0.1917368
0.2069448
0.2196658
0.2776466
0.2195884
0.2359537
0.220191
0.2706596
0.2214342
0.2095331
0.219429
0.2151053
0.2024792
0.2087495
0.1821091
0.1859755
0.2042579
0.1911312
0.1995164
0.1931895
0.1802363
0.2026493
0.2107977
0.1934583
0.1891229
0.215034
0.1952011
0.2288976
0.1989345
0.1834338
0.2128478
0.2210898
0.2297572
0.1958281
0.2081182
0.2012669
0.1832336
0.2052313
0.2010458
0.2125325
0.2017723
0.214253
0.2492954
0.212901
0.1766737
0.2063375
0.2344284
0.2090273
0.2253904
0.2118969
0.2303345
0.2155347
0.2231693
0.2260562
0.1935089
0.2018265
0.1911523
0.2150947
0.1872605
0.225117
0.2100844
0.2164128
0.2030888
0.2316306
0.2411435
0.2354895
0.2117998
0.2081371
0.2322183
0.2440833
0.2346929
0.2611527
0.212679
0.2420373
0.2188292
0.2265823
0.2281342
0.2205743
0.21904
0.2364064
0.2562091
0.2668321
0.2362799
0.2132751
0.2263698
0.2422961
0.2173972
0.2168158
0.223084
0.219674
0.2337731
0.2231884
0.2515901
0.289844
0.2669788
0.2808263
0.2498349
0.2334565
0.3100035
0.2572863
0.3223771
0.2453124
0.2067599
0.2135997
0.219722
0.2952018
0.2449875
0.2657882
0.247683
0.2225322
0.2714921
0.2571194
0.263225
0.2302289
0.2546562
0.2204654
0.2276473
0.2254109
0.2465422
0.2363597
0.1986226
0.2534039
0.2570976
0.2419894
0.2396413
0.2259799
0.2281035
0.2038816
0.2494524
0.2185902
0.1964394
0.1964017
0.2387869
0.2081944
0.19051
0.1921126
0.2034562
0.2171796
0.2302614
0.194306
0.2478315
0.1792424
0.1691366
0.1919055
0.1877874
0.2161486
0.1900919
0.2225383
0.1804106
0.2076576
0.2289817
0.2080261
0.2142599
0.2208052
0.1858885
0.1994129
0.1878207
0.2140298
0.1873263
0.1949075
0.2013276
0.2035224
0.2079973
0.2032642
0.2353417
0.2174958
0.2300163
0.2000798
0.1980479
0.192182
0.2082171
0.195286
0.1960072
0.2112419
0.197477
0.2052516
0.210115
0.1907162
0.222684
0.2365036
0.2216215
0.200755
0.1854083
0.2335738
0.231828
0.2247237
0.2487859
0.2681102
0.2362356
0.2323361
0.258745
0.1968033
0.2243272
0.186808
0.2052972
0.2512504
0.2527997
0.2200058
0.2089798
0.2378123
0.2189049
0.2026848
0.2087228
0.2243952
0.1952187
0.1793245
0.2410951
0.2287369
0.260672
0.2318019
0.2503079
0.2159128
0.2275253
0.2690533
0.2091348
0.1947556
0.2407352
0.2709534
0.2542259
0.2115362
0.2557119
0.23389
0.2167057
0.2330388
0.2423535
0.2466116
0.2485685
0.2521355
0.2193861
0.2379992
0.2188611
0.2274338
0.2072715
0.2327339
0.2226471
0.2517525
0.2340913
0.2283583
0.2044504
0.2781578
0.2068394
0.2307863
0.213856
0.2435801
0.2341796
0.2479503
0.1847871
0.1686336
0.1871297
0.1561934
0.2192584
0.2010494
0.1312137
0.1615649
0.1462739
0.1844814
0.1682792
0.1662483
0.1758819
0.1799853
0.1493696
0.1643441
0.1667475
0.1546804
0.1823219
0.1632126
0.1900145
0.1814141
0.1605726
0.1699423
0.146821
0.1742351
0.1752298
0.1999506
0.1623998
0.1687078
0.1958084
0.1981476
0.1603441
0.1698984
0.14255
0.1708157
0.1588624
0.1876453
0.1951114
0.1857507
0.1701665
0.1881315
0.1965035
0.1989684
0.2476079
0.1493318
0.2295436
0.1344991
0.1527562
0.1488617
0.1390071
0.1735007
0.172077
0.1475379
0.1432306
0.1795001
0.2061213
0.1946201
0.1728875
0.1634518
0.2020004
0.1575762
0.1921661
0.2014615
0.1849446
0.1844644
0.1717708
0.1909731
0.1917452
0.1665136
0.1814532
0.1702359
0.1538899
0.1453394
0.2275725
0.2022771
0.1743774
0.1879372
0.1904976
0.1651506
0.1938426
0.1800967
0.1710424
0.1968945
0.1989458
0.1886017
0.2024754
0.2022888
0.1998189
0.2024999
0.2005602
0.1907904
0.229273
0.2055999
0.2252486
0.2199416
0.1941971
0.1998009
0.2264152
0.2146772
0.2412957
0.1966395
0.2223404
0.2367643
0.2079196
0.1928393
0.2047793
0.2432861
0.2504672
0.2340232
0.1996496
0.2089349
0.2198411
0.1832196
0.1828829
0.2146786
0.1979993
0.1909861
0.1809959
0.1933714
0.1913288
0.2350021
0.1956326
0.2275368
0.2120953
0.2396444
0.2365479
0.2223403
0.2013611
0.2247777
0.2089456
0.2228979
0.2501351
0.2101664
0.1920847
0.2240283
0.2060757
0.197876
0.194051
0.190551
0.2151741
0.2003715
0.225918
0.2216539
0.1937114
0.2065295
0.1973661
0.2249655
0.2137191
0.2050497
0.1944223
0.2081948
0.203262
0.1913864
0.1741671
0.2194618
0.2042931
0.2414693
0.2389452
0.1908082
0.2114204
0.1846274
0.2136287
0.1925119
0.2003705
0.2046292
0.2525064
0.2339462
0.2091793
0.216686
0.2126175
0.2049526
0.204834
0.1912941
0.2008233
0.2035597
0.1852653
0.210699
0.2486267
0.1986677
0.2274151
0.2346026
0.1930438
0.1900633
0.213114
0.2000391
0.2011478
0.1972157
0.2100092
0.1883318
0.1850498
0.185891
0.1906317
0.179135
0.2427275
0.2540196
0.2728658
0.2292226
0.193674
0.2082489
0.2301852
0.2089303
0.2216506
0.204747
0.2298082
0.2097261
0.2337807
0.2259463
0.1835663
0.2326376
0.2710179
0.2687709
0.2195202
0.2290961
0.2723731
0.2387313
0.2341818
0.2156889
0.2579292
0.2617236
0.2042278
0.2353543
0.2218966
0.2516215
0.2330258
0.2006354
0.2018155
0.2190688
0.2362351
0.2309105
0.2267283
0.1877617
0.232656
0.2713539
0.2630849
0.2485711
0.2121339
0.226825
0.1942884
0.2105165
0.2770272
0.228337
0.2464384
0.2516061
0.2436939
0.256237
0.2691616
0.1874039
0.1932277
0.1974481
0.2109737
0.1873866
0.1928845
0.2019006
0.1967981
0.1913257
0.2202083
0.1886353
0.24676
0.1853839
0.2122226
0.1979152
0.2435205
0.2030735
0.186196
0.2128919
0.2328254
0.1986333
0.1910383
0.2424386
0.201007
0.2342829
0.2287972
0.2571485
0.2456844
0.2452026
0.1893269
0.2069605
0.2368078
0.2053851
0.2259531
0.2125028
0.2437094
0.2207478
0.1982055
0.2180735
0.2017954
0.2001836
0.1815472
0.2156934
0.244243
0.2064087
0.2104643
0.2033171
0.1837859
0.2326464
0.2245777
0.2123232
0.2112267
0.2281913
0.2292076
0.1943398
0.2414961
0.1980857
0.2057265
0.1956052
0.1918404
0.2098469
0.1891588
0.1996115
0.2083249
0.1844708
0.2119412
0.2075042
0.2703508
0.2317636
0.1960183
0.2107837
0.2314453
0.206365
0.2451672
0.2200316
0.2167337
0.2239082
0.2760402
0.2683097
0.2338412
0.2336043
0.2447666
0.2208349
0.2221451
0.1833795
0.2105817
0.1987098
0.2077785
0.2065826
0.2194848
0.2082299
0.2212469
0.2156495
0.2168109
0.2297124
0.232115
0.2078387
0.2238844
0.2273135
0.2109119
0.1949138
0.2040453
0.2105703
0.2051852
0.2203027
0.2035293
0.2119312
0.2153394
0.2128415
0.2181119
0.2149004
0.2032559
0.2000272
0.1926825
0.2177391
0.2094347
0.2099688
0.2121401
0.2133566
0.2061859
0.212105
0.2061488
0.215153
0.222596
0.2102208
0.2039462
0.2165263
0.2089615
0.2153433
0.2103308
0.2140106
0.2057584
0.1828251
0.2182343
0.1890985
0.2153376
0.1857591
0.1966597
0.2042376
0.2108966
0.1863978
0.2029099
0.2101083
0.1928183
0.1703423
0.1899017
0.2312955
0.2110592
0.2144773
0.176221
0.2444542
0.191949
0.2001281
0.1943225
0.1903236
0.2008959
0.1891571
0.2033949
0.2060029
0.204358
0.1879505
0.2261528
0.2154761
0.1884381
0.2183808
0.2107079
0.1851301
0.2335276
0.2160017
0.1975373
0.2101094
0.1972442
0.2241343
0.2282433
0.2225996
0.2193594
0.1968084
0.206205
0.1920178
0.1968425
0.2104452
0.2193643
0.2081875
0.1952941
0.189438
0.2046819
0.2004794
0.1883772
0.2056829
0.1929727
0.1788259
0.2121836
0.1786226
0.194608
0.2089408
0.2001433
0.2080508
0.2167981
0.2400433
0.2245836
0.2170207
0.2166773
0.2428805
0.2395976
0.1951583
0.1976555
0.189398
0.2082795
0.1977808
0.2111046
0.2093574
0.2020111
0.1962463
0.2031949
0.1925153
0.1803652
0.2049284
0.1876877
0.2157131
0.20739
0.184374
0.189695
0.2011395
0.1949802
0.1998652
0.1881416
0.1893475
0.2001604
0.1838817
0.2016763
0.2006167
0.1912218
0.197426
0.1937621
0.1814509
0.2074751
0.2029522
0.1972641
0.1978953
0.2009053
0.1779472
0.2100059
0.1855311
0.18981
0.2040179
0.183329
0.2118919
0.1682579
0.1914023
0.1871405
0.2204228
0.1807455
0.1766229
0.1965119
0.203542
0.1810557
0.18531
0.2032695
0.1966758
0.1751955
0.1990057
0.1913604
0.1921596
0.1900648
0.2219336
0.1879323
0.211399
0.243455
0.2382365
0.26444
0.2243381
0.2085444
0.196807
0.2238802
0.202925
0.1902593
0.1873112
0.2212372
0.2432078
0.2244709
0.2133006
0.261408
0.200245
0.2128422
0.2436086
0.2176401
0.2211315
0.2221647
0.2194092
0.2063431
0.2081214
0.2141153
0.2212176
0.2106072
0.217185
0.215659
0.2160408
0.2305122
0.2277103
0.2062506
0.2142012
0.2096272
0.2191135
0.188795
0.2072134
0.2025131
0.1975257
0.2064974
0.2104044
0.2106123
0.1922719
0.1948296
0.1972876
0.2374683
0.2259424
0.2017792
0.2004499
0.2082793
0.2009122
0.2446228
0.2229586
0.2522205
0.2156725
0.2356777
0.2269369
0.1823405
0.2465478
0.2453042
0.2014128
0.2031333
0.2154139
0.2218719
0.2244248
0.265645
0.2678831
0.2146489
0.2404446
0.2306257
0.2338563
0.2321114
0.2112403
0.1848227
0.2228473
0.2168125
0.1945069
0.1944913
0.2337605
0.1798268
0.1826516
0.1990639
0.2064532
0.2334489
0.1904674
0.2055955
0.2070141
0.2164349
0.219601
0.1866318
0.2332093
0.2215208
0.2064619
0.217927
0.2257769
0.2404099
0.2571309
0.2548322
0.2186133
0.2098073
0.187915
0.2113056
0.165802
0.2191361
0.1848787
0.1926992
0.1813136
0.2095466
0.2306879
0.204712
0.2077494
0.1972103
0.190136
0.2069114
0.2077067
0.202526
0.1882414
0.2108027
0.1822306
0.1962938
0.1734196
0.1828288
0.1773991
0.1640424
0.2146148
0.1919496
0.1852409
0.2056114
0.2046783
0.1685242
0.1700832
0.2201933
0.2547293
0.2760548
0.2189205
0.1911843
0.1962007
0.2045363
0.2323169
0.2035588
0.1846616
0.1462149
0.1605774
0.1653857
0.1610936
0.1602182
0.1822399
0.1854131
0.1575326
0.1748437
0.1970463
0.1880254
0.1576598
0.1849116
0.1625475
0.1597898
0.1610963
0.1897845
0.2050265
0.1576724
0.1511447
0.1675731
0.1740268
0.1689278
0.1961924
0.1551811
0.1541536
0.135667
0.1564431
0.1559895
0.2289563
0.1869737
0.167971
0.2025168
0.1820797
0.167477
0.1525631
0.1808867
0.1738035
0.1568211
0.1542899
0.1648625
0.1456594
0.1368004
0.1501652
0.1433859
0.179173
0.1995191
0.2237431
0.2772659
0.2225717
0.1345792
0.1660446
0.2156977
0.1854356
0.1545708
0.1692313
0.1626449
0.1869697
0.1824705
0.1936903
0.1672671
0.197987
0.2344169
0.2227505
0.2156863
0.2213051
0.1857715
0.2048456
0.2219793
0.2076871
0.2249362
0.1782061
0.1700328
0.1674576
0.1505058
0.1781638
0.1915712
0.2615801
0.2492683
0.2271516
0.199119
0.23518
0.1864928
0.1875418
0.1732755
0.2211801
0.1932454
0.1648316
0.1576742
0.1867104
0.1665789
0.1783814
0.1772518
0.1727823
0.2095278
0.1865504
0.116632
0.1110104
0.1214361
0.1120235
0.1354934
0.10803
0.112439
0.1822706
0.1979291
0.1904494
0.2174521
0.1970566
0.2193985
0.239223
0.1924738
0.2277471
0.2470282
0.2646506
0.2626061
0.1911263
0.2490299
0.2268525
0.2047913
0.2219421
0.2454647
0.219559
0.1845314
0.248233
0.2291934
0.2446817
0.2169123
0.2459704
0.1620905
0.2307695
0.2478679
0.2336162
0.2132805
0.2032456
0.2084735
0.245454
0.2403308
0.2264896
0.2676806
0.2862632
0.284203
0.2622657
0.2509346
0.297273
0.2955284
0.2932945
0.2922464
0.2398846
0.2400361
0.2213414
0.2182361
0.2318804
0.2487411
0.2149482
0.2118271
0.2240303
0.210316
0.2349593
0.2082448
0.2391319
0.2247137
0.2378323
0.1830412
0.2414218
0.2563556
0.2031056
0.2105885
0.2105493
0.1838126
0.2190292
0.2211584
0.2348529
0.2502858
0.2628885
0.2291016
0.2453744
0.2166007
0.1314898
0.166836
0.1233382
0.1155399
0.171473
0.1320269
0.1307956
0.1325141
0.127502
0.1231382
0.1421365
0.1412469
0.1451444
0.129292
0.1578443
0.1333331
0.1301261
0.1562896
0.167822
0.1456632
0.1398149
0.1244939
0.1354261
0.1412791
0.1421598
0.1175636
0.1333758
0.1380302
0.1152784
0.1228297
0.1329875
0.1330437
0.1109895
0.1190817
0.1380023
0.1312542
0.1863384
0.2049579
0.2300388
0.255114
0.2419036
0.2132822
0.234547
0.2453538
0.2260923
0.2728732
0.2261139
0.2522546
0.2257572
0.232334
0.2511241
0.2381198
0.2974349
0.2851679
0.3156863
0.2806819
0.2926928
0.2791844
0.2692785
0.2311708
0.2654549
0.2559493
0.3047954
0.2765776
0.3040881
0.3564464
0.3322397
0.2531272
0.2741887
0.3053431
0.3093303
0.3304979
0.332756
0.3274836
0.2752301
0.3050401
0.3358651
0.282623
0.3120677
0.2773665
0.2772214
0.2663362
0.2602331
0.233055
0.2435791
0.2404816
0.24028
0.2356413
0.2041095
0.1939279
0.2110936
0.2579608
0.2932592
0.2148952
0.2905333
0.2487966
0.268761
0.3094286
0.2541774
0.2825672
0.2442672
0.2595243
0.2456382
0.2958795
0.315481
0.2645332
0.2449073
0.2875218
0.3207431
0.2804231
0.2777555
0.2462896
0.2908855
0.2791931
0.2437156
0.2518792
0.2762294
0.2600062
0.3199333
0.2950739
0.2923124
0.280168
0.2954619
0.2952641
0.3295314
0.2834769
0.3216729
0.3082571
0.2863662
0.2705273
0.268275
0.2897441
0.3221251
0.2999131
0.3022566
0.327456
0.3228125
0.3278253
0.2655471
0.2959495
0.2651204
0.2931917
0.3087899
0.25514
0.2903428
0.3096893
0.2600182
0.3136162
0.2743293
0.2810837
0.2920683
0.2249938
0.2643871
0.273224
0.2917773
0.2808941
0.2732027
0.23025
0.227
0.2450491
0.2044205
0.2338129
0.2389707
0.2408594
0.2078247
0.2070206
0.215704
0.2111281
0.1976092
0.2003342
0.193765
0.2052916
0.2059687
0.1872105
0.2420735
0.19104
0.2038989
0.2195399
0.1941951
0.220955
0.1982654
0.2399078
0.2037381
0.2284297
0.1940315
0.2187522
0.2445277
0.2217483
0.1819367
0.220128
0.2018408
0.1981607
0.2705827
0.2498895
0.2002013
0.2307094
0.2504898
0.2477659
0.2410539
0.2354038
0.2616282
0.2409637
0.2291532
0.2023268
0.2343
0.2480721
0.2544328
0.2255299
0.237519
0.2594274
0.2446577
0.2537949
0.2191714
0.2527984
0.2217749
0.231302
0.2337647
0.2633803
0.2675305
0.2471382
0.2347486
0.1825606
0.2418289
0.2210437
0.2567338
0.2491465
0.2470987
0.2683249
0.2284131
0.270737
0.2198348
0.2378068
0.2499021
0.2314858
0.2826093
0.2759365
0.2509544
0.2603541
0.2725484
0.2493939
0.2662116
0.2570466
0.2616435
0.26022
0.2383993
0.2570275
0.2660628
0.2881371
0.3132184
0.3185908
0.240358
0.2668048
0.23709
0.2663684
0.2645071
0.2685216
0.2322043
0.2418051
0.1993304
0.2404334
0.2181988
0.2227732
0.2402011
0.2169845
0.25206
0.2398826
0.2359368
0.2625402
0.2591302
0.2728333
0.2396473
0.2384368
0.2494586
0.2323578
0.2260679
0.2561134
0.2491433
0.2555
0.2603491
0.2696857
0.272177
0.2582982
0.254129
0.2655065
0.2234453
0.2467789
0.2071182
0.2341752
0.2613041
0.2472345
0.2212549
0.2007124
0.2353621
0.2218025
0.238252
0.2349023
0.242239
0.239948
0.2173423
0.245363
0.2416203
0.2102057
0.2433585
0.2202784
0.2182506
0.2541375
0.2165856
0.2064005
0.2178162
0.2297532
0.2604009
0.2496355
0.2127629
0.2007754
0.2306215
0.2401901
0.2216002
0.2429707
0.2100303
0.1986632
0.2290951
0.2564891
0.2549962
0.2293808
0.2138847
0.2054635
0.2446046
0.2324516
0.2366957
0.2082563
0.2673981
0.227118
0.2285499
0.2024889
0.2496104
0.2607411
0.2327497
0.2084878
0.2432403
0.2294662
0.2308645
0.2266419
0.22486
0.1980913
0.2505443
0.2650973
0.2528529
0.3017821
0.2648825
0.2469419
0.2171903
0.2442834
0.2441722
0.277195
0.2565366
0.2480931
0.2636237
0.2531799
0.2815371
0.2706801
0.2780868
0.2553255
0.249963
0.2370113
0.2234584
0.2408227
0.1517415
0.1643791
0.186048
0.1621916
0.1744884
0.2030101
0.1706108
0.1850947
0.2151372
0.2218256
0.215419
0.2070386
0.2654655
0.2497638
0.2287791
0.2207126
0.2280484
0.2329467
0.232602
0.2310375
0.2887025
0.2681925
0.23973
0.223101
0.1978737
0.2485651
0.2588229
0.285322
0.2638081
0.2573268
0.1595454
0.172694
0.1580367
0.1555724
0.1881476
0.1797367
0.157828
0.1663647
0.1913378
0.1530539
0.1491974
0.1324961
0.1092354
0.1545112
0.1422787
0.2018713
0.2092524
0.17771
0.1959143
0.1792856
0.200484
0.2248145
0.2649646
0.2698885
0.2356147
0.2884484
0.2551047
0.2298304
0.2220484
0.2152222
0.2275365
0.2380852
0.243912
0.2082174
0.1983711
0.1884705
0.2210288
0.2284902
0.2070525
0.1969535
0.2287078
0.2123111
0.2188812
0.2170584
0.2242642
0.2443793
0.2662178
0.2321474
0.2429597
0.2572315
0.242504
0.2163161
0.2383351
0.2803488
0.270763
0.2449347
0.2257473
0.2572927
0.2416645
0.226859
0.2669092
0.2196698
0.1890682
0.2526188
0.2365696
0.2372926
0.2591093
0.2692643
0.2483779
0.2185813
0.2508617
0.1966837
0.2248238
0.2363655
0.1830745
0.206469
0.1998932
0.1999559
0.1968281
0.2333391
0.2387834
0.2275787
0.1623911
0.1938739
0.2193968
0.2005529
0.2497367
0.1830725
0.2094208
0.2278693
0.2056828
0.2010587
0.2170914
0.1856711
0.2018882
0.2038591
0.1664881
0.2013118
0.1985281
0.1970056
0.208979
0.1889249
0.1763382
0.1908651
0.191082
0.1802246
0.2159706
0.2252253
0.2104212
0.222942
0.22232
0.2181812
0.1882733
0.1820273
0.1824718
0.2002445
0.1691128
0.1953293
0.2303953
0.2280389
0.2314219
0.216013
0.2514895
0.1902073
0.2179522
0.2464331
0.2396991
0.2301258
0.2667218
0.2110879
0.2171873
0.2071678
0.2294084
0.2551883
0.2217223
0.1947971
0.2187688
0.1725733
0.2394492
0.238528
0.2319461
0.2428568
0.2387931
0.2409028
0.2299593
0.2347802
0.2133348
0.2588102
0.2272052
0.2184609
0.2145463
0.2418593
0.2131857
0.2539245
0.2505076
0.2360601
0.2163265
0.1900687
0.208003
0.1940717
0.205747
0.2232464
0.2065797
0.2634417
0.2334652
0.2032849
0.1862123
0.1906563
0.1789667
0.2135843
0.2313082
0.1730939
0.2101853
0.2046169
0.2119591
0.2328362
0.218163
0.2333725
0.2158796
0.2205455
0.2224289
0.2378758
0.2486438
0.2269851
0.1987224
0.2383269
0.2287956
0.2461439
0.2289404
0.2560966
0.2854311
0.2315148
0.2384939
0.2484601
0.2320532
0.2468789
0.2485752
0.2335176
0.2100286
0.2237335
0.1935834
0.2156054
0.1882498
0.1884505
0.2133444
0.2246141
0.2205251
0.2202983
0.2259866
0.2484435
0.2484734
0.2650038
0.2395618
0.2485132
0.2304895
0.2572964
0.2291012
0.2668752
0.2228626
0.2230457
0.2536649
0.2046705
0.2133413
0.225041
0.2184934
0.2130717
0.2135594
0.2129677
0.215701
0.2254369
0.2317474
0.2589545
0.2557907
0.2063013
0.2546919
0.2095492
0.2369493
0.254607
0.1844104
0.1891743
0.2026854
0.2208514
0.2190286
0.2231241
0.1968071
0.1911392
0.2137951
0.2177354
0.2229874
0.2289835
0.1990117
0.2027976
0.2208605
0.2056609
0.2285626
0.2137564
0.2347899
0.2184039
0.2070554
0.2389435
0.2003462
0.2432632
0.2233117
0.2379912
0.2569038
0.2420267
0.2135147
0.2546947
0.2358454
0.2904744
0.2655772
0.2648093
0.2947085
0.1887535
0.2279861
0.209999
0.2421296
0.2247664
0.2681269
0.2732098
0.259746
0.2503784
0.1833482
0.2039182
0.2060317
0.2318422
0.209162
0.2138741
0.1944454
0.2017913
0.2019128
0.2021428
0.2041744
0.2089917
0.2105627
0.1729247
0.1856743
0.2028842
0.2127904
0.2035537
0.1798773
0.2286796
0.218959
0.2137104
0.2157424
0.196805
0.1980126
0.1888589
0.2415504
0.2074115
0.2471482
0.2043108
0.1946516
0.1888483
0.1966458
0.1932344
0.1969758
0.1925514
0.20606
0.2000869
0.2334282
0.1778366
0.2128891
0.2062288
0.2131341
0.2598452
0.2057364
0.2075666
0.2268181
0.2155179
0.2252871
0.2280627
0.2309206
0.2287114
0.2107632
0.2558617
0.2218558
0.2533524
0.1967982
0.1976759
0.207892
0.1929446
0.1852496
0.252424
0.2196334
0.2381196
0.2113099
0.2117976
0.2097534
0.204558
0.1851844
0.2403256
0.2204586
0.2229673
0.2167876
0.2394017
0.2460461
0.2136427
0.2445116
0.2210736
0.1512041
0.1804966
0.1378197
0.1407256
0.1180698
0.1910349
0.2023455
0.2300398
0.2254407
0.2104502
0.2065075
0.1794768
0.2313393
0.2151553
0.177318
0.1930341
0.212149
0.1999304
0.2041685
0.2137966
0.2064934
0.2043758
0.1443726
0.12499
0.1284656
0.149677
0.1375414
0.1251564
0.1696064
0.1356216
0.1502667
0.1387547
0.1559148
0.139521
0.1586097
0.164617
0.1155524
0.1608113
0.1592232
0.1915336
0.2024814
0.2197171
0.1724116
0.2078778
0.2282337
0.226416
0.2412595
0.2357992
0.2449526
0.246908
0.2463355
0.2262893
0.2490418
0.2395079
0.2155526
0.2554362
0.2138844
0.23407
0.240057
0.2407611
0.2430473
0.2629495
0.1971864
0.2111919
0.2224442
0.2782646
0.2114439
0.2605958
0.2666683
0.261658
0.2489298
0.2383128
0.2727629
0.2214276
0.2378894
0.2747444
0.2355289
0.2466752
0.2617196
0.2401909
0.2260784
0.2855141
0.2946588
0.2864828
0.2186532
0.2164917
0.206416
0.2168587
0.2532007
0.238578
0.2260423
0.2434688
0.240073
0.2194893
0.1978134
0.2223398
0.1970904
0.2506056
0.2137766
0.2246591
0.2336235
0.2173548
0.3064963
0.2338336
0.3159912
0.2343751
0.2106086
0.2233938
0.2229285
0.2373766
0.2400912
0.2733732
0.1932088
0.2710051
0.200637
0.2423206
0.2035111
0.2310573
0.2478548
0.2175652
0.2114705
0.2181776
0.237763
0.2125747
0.1979033
0.1712749
0.2343505
0.2299645
0.2214322
0.2070423
0.2097972
0.2397148
0.2116137
0.2252235
0.2399172
0.2326235
0.2238997
0.2145615
0.2022659
0.2132332
0.1962667
0.1780728
0.2032337
0.2342383
0.2951809
0.2946009
0.2764101
0.299353
0.291645
0.2586846
0.2636047
0.2030689
0.2106091
0.2345277
0.2121124
0.2194743
0.2082413
0.2646072
0.214163
0.2332155
0.242918
0.2600971
0.2729698
0.255312
0.2748769
0.2830117
0.3548348
0.2987583
0.3238121
0.2692802
0.2685425
0.2442769
0.2448694
0.2885363
0.3058652
0.3034635
0.2438303
0.2567668
0.2773284
0.2612436
0.2290981
0.2572355
0.2408351
0.2062988
0.24799
0.2525219
0.1856385
0.2120562
0.2511919
0.2537293
0.2007147
0.2022668
0.1930895
0.2013092
0.2211398
0.2482577
0.2137182
0.1840466
0.2462791
0.2556077
0.2217281
0.2402107
0.2849948
0.2733809
0.2688551
0.2161264
0.2551952
0.2375094
0.2581982
0.2722884
0.2977164
0.2468101
0.229562
0.2618466
0.2308451
0.2414845
0.225147
0.2847674
0.2626687
0.2596771
0.2299993
0.2925317
0.2504938
0.2662155
0.2534634
0.2475324
0.252457
0.2849826
0.2980417
0.2779259
0.2701086
0.2772381
0.2677435
0.2535362
0.2689433
0.2530422
0.2485169
0.1974432
0.2499103
0.228265
0.1978617
0.2598819
0.1979748
0.2256469
0.2203423
0.2297611
0.2003074
0.244752
0.2168423
0.2101106
0.1998175
0.2197099
0.2031693
0.2084426
0.2230948
0.2117674
0.250211
0.2228111
0.2391883
0.2273247
0.2640692
0.2804428
0.2653756
0.2342795
0.2200494
0.2055236
0.2161793
0.2485185
0.2686152
0.2178365
0.2458216
0.1852762
0.1965462
0.2025641
0.2005598
0.253862
0.2289148
0.221507
0.2452451
0.2230206
0.2539282
0.20001
0.2392533
0.2395814
0.2359599
0.2210074
0.1920832
0.1783496
0.1997689
0.1878587
0.1762798
0.187405
0.1824092
0.1877581
0.1862101
0.166293
0.1918402
0.2022802
0.1916845
0.2115088
0.2359497
0.2276863
0.286839
0.2511314
0.2077951
0.2345163
0.1836382
0.1928103
0.232837
0.1903454
0.1881345
0.1774202
0.2035097
0.2505479
0.1809126
0.2284198
0.2188673
0.2312075
0.1885065
0.2394411
0.2050287
0.2169393
0.2097209
0.2231993
0.2318083
0.2168323
0.2011525
0.1572299
0.269564
0.2670136
0.305812
0.2577618
0.2145682
0.2002985
0.2366015
0.2270254
0.1841104
0.265534
0.2051364
0.2725652
0.2208781
0.2409159
0.2436191
0.2500845
0.2558407
0.2807765
0.2495762
0.2402196
0.2788739
0.2544788
0.212292
0.2589247
0.22022
0.1906479
0.2463048
0.2357444
0.2408706
0.1765457
0.2112048
0.2319295
0.2345967
0.2855056
0.2315589
0.2803263
0.2231826
0.2171376
0.2182767
0.2552771
0.2336074
0.2418986
0.2797465
0.2885923
0.2506014
0.2949781
0.2994216
0.3289835
0.3285548
0.3032855
0.2923933
0.3160016
0.2727621
0.2819387
0.2824808
0.2767783
0.2753833
0.2771035
0.2216599
0.2336822
0.2401472
0.2412647
0.2614226
0.2283976
0.2280086
0.2855009
0.246552
0.2177517
0.2315732
0.2332171
0.2217684
0.2368328
0.2422109
0.2688544
0.251144
0.2717136
0.2582917
0.2571428
0.2128096
0.2307364
0.1973737
0.19985
0.220123
0.2156171
0.2074382
0.2131371
0.234044
0.2300408
0.2512113
0.2362541
0.2473804
0.2561346
0.2156842
0.199365
0.1849109
0.2141375
0.2302909
0.2080976
0.2111576
0.205628
0.1896766
0.1869677
0.2064975
0.1950325
0.1760349
0.177635
0.1825363
0.2239488
0.2127279
0.21292
0.2153099
0.2118177
0.2384834
0.2280133
0.1819917
0.2427157
0.2016903
0.2100632
0.1926924
0.2008688
0.1884408
0.2216977
0.2583276
0.2456245
0.1990158
0.1961018
0.2180638
0.2247239
0.2349288
0.1735909
0.2158727
0.2031409
0.2215553
0.2379375
0.245259
0.2581966
0.2335664
0.2051441
0.2629089
0.2698644
0.2743306
0.3040148
0.2620995
0.2385632
0.2458839
0.2270487
0.2521438
0.248037
0.2356069
0.2449652
0.2302466
0.2173892
0.1989542
0.1922279
0.2094373
0.2155362
0.2211815
0.2009878
0.2080852
0.189738
0.1773379
0.1666628
0.1956323
0.1982086
0.1991235
0.2048706
0.2300069
0.2238201
0.2297552
0.2013801
0.229898
0.2414368
0.2452493
0.2270536
0.2850232
0.2233129
0.2081549
0.2283219
0.2316706
0.2066887
0.2297921
0.1763601
0.2326857
0.2139347
0.2054767
0.2226707
0.1932843
0.2194898
0.1944724
0.1649315
0.2044087
0.213172
0.1995646
0.2642851
0.2617244
0.2730897
0.2362836
0.2392248
0.2249907
0.2207986
0.2316439
0.1913421
0.2532673
0.2227026
0.2218735
0.2213039
0.2330293
0.2221281
0.237171
0.2761343
0.2551701
0.2236655
0.2643309
0.1935383
0.2485922
0.2903626
0.2999925
0.2145218
0.2566327
0.2240484
0.2729504
0.2419146
0.1875192
0.2480861
0.2297302
0.273194
0.2665432
0.2215479
0.2643726
0.2453716
0.2745159
0.2472622
0.2435301
0.2833475
0.2415588
0.2700617
0.255788
0.2789875
0.2864585
0.2611896
0.2500103
0.2632538
0.2796949
0.2807938
0.2731535
0.299795
0.3444105
0.4360911
0.3700148
0.3185504
0.2958525
0.2950397
0.2381806
0.2655007
0.2765265
0.2193197
0.2155431
0.2539572
0.2781963
0.2428856
0.2813568
0.2484919
0.2458527
0.1814293
0.1803553
0.2041353
0.2251507
0.238674
0.2654915
0.1950858
0.222809
0.2492049
0.2397387
0.2283338
0.2260468
0.2229578
0.2171987
0.2345491
0.2277562
0.2522858
0.2717406
0.2552514
0.2296872
0.2640811
0.2666563
0.2801434
0.2421858
0.222256
0.2405595
0.2947195
0.2842721
0.2592645
0.2376338
0.2499833
0.2531936
0.2136365
0.2425683
0.2487219
0.2311435
0.2455441
0.2352095
0.202092
0.2372151
0.2469869
0.2811965
0.2848533
0.2366776
0.2296444
0.2242228
0.2892623
0.341523
0.2697079
0.2989539
0.2831384
0.3268809
0.2717555
0.2480873
0.3139062
0.2858819
0.1933551
0.18862
0.164233
0.191666
0.193885
0.1829414
0.2188562
0.2361097
0.265717
0.2080998
0.2256217
0.2030017
0.1951886
0.155041
0.1779909
0.1775338
0.188154
0.1732541
0.148105
0.1776831
0.1899739
0.148551
0.1863914
0.2182889
0.2555771
0.2241353
0.2255287
0.2367262
0.2402096
0.2224336
0.2745537
0.2601412
0.276859
0.2970122
0.288754
0.2660256
0.2735438
0.2686926
0.2563575
0.2730608
0.2647008
0.2695863
0.2506709
0.2456571
0.2580327
0.2692493
0.2553591
0.2749749
0.2689863
0.2880005
0.279528
0.2957935
0.2893966
0.2915271
0.290371
0.2701398
0.3209957
0.3051442
0.3180194
0.3091848
0.310038
0.267894
0.2801875
0.2770119
0.2271886
0.240577
0.2413736
0.2615955
0.2179825
0.2476083
0.2632037
0.2798254
0.2929527
0.2347405
0.2218783
0.2547058
0.2627982
0.2730129
0.2800279
0.2935766
0.2619164
0.2288561
0.2409826
0.259865
0.254615
0.2259266
