0.1186372
0.1233624
0.1268127
0.1493718
0.1314023
0.1226091
0.1145931
0.1353096
0.1429389
0.1440195
0.1204991
0.1296214
0.1669985
0.1368102
0.1481657
0.1404029
0.143357
0.1259732
0.1280947
0.1568039
0.1536947
0.1719766
0.174668
0.1586313
0.1576173
0.1546111
0.1626375
0.1902457
0.1679277
0.1439621
0.1673517
0.1920596
0.1688201
0.1690137
0.1441656
0.1427089
0.135078
0.1247975
0.1496822
0.1415347
0.1494883
0.1499996
0.1534252
0.1468287
0.146531
0.1671517
0.1470005
0.1468221
0.1328997
0.1347022
0.16388
0.1463658
0.1371647
0.1318692
0.1426274
0.1434483
0.1324887
0.1266365
0.1554359
0.1536233
0.1291348
0.1514592
0.1399201
0.1492003
0.1479211
0.1466206
0.1488044
0.1348654
0.1359107
0.1394624
0.1378818
0.1380726
0.1276928
0.1403169
0.1429954
0.1278863
0.14473
0.1443717
0.1815554
0.167909
0.1522745
0.1450962
0.1223627
0.1456313
0.1390417
0.1290419
0.129168
0.1397
0.1201547
0.1465152
0.119122
0.1315312
0.1337553
0.136552
0.1384857
0.126422
0.1282377
0.1181804
0.1347902
0.1358816
0.1388656
0.1488599
0.1475054
0.1324739
0.1319732
0.1261119
0.112991
0.136397
0.1268373
0.1265923
0.127839
0.140255
0.1390799
0.1421426
0.1490107
0.1641168
0.1507273
0.1542588
0.1534417
0.1527438
0.1253519
0.1450804
0.1238627
0.1451788
0.1375431
0.1311083
0.1647058
0.1625555
0.1310104
0.1431925
0.1415037
0.1318306
0.1386525
0.1348928
0.1716768
0.1400194
0.1477337
0.1420611
0.1460698
0.1624262
0.1548035
0.1477548
0.1536979
0.1320146
0.1460266
0.1477147
0.1471918
0.1241243
0.1302877
0.1287584
0.1366984
0.1384714
0.1442213
0.1486965
0.1427035
0.1262543
0.1280252
0.1411849
0.1516537
0.1535003
0.1412793
0.1311533
0.1323513
0.134059
0.1481921
0.1413099
0.144696
0.1276037
0.1248363
0.119267
0.1283062
0.1247248
0.1190664
0.12185
0.1202294
0.119824
0.1133413
0.1308013
0.1355012
0.132748
0.1198853
0.1260781
0.123157
0.1091008
0.1299375
0.1360057
0.1427709
0.1348079
0.122853
0.1115284
0.1369556
0.1195943
0.1210589
0.1435606
0.1285146
0.1364349
0.1452237
0.1431074
0.1294657
0.1346137
0.1876952
0.1377256
0.1277062
0.1125946
0.1129963
0.1174768
0.1426129
0.1269361
0.1207778
0.1305484
0.1043844
0.1161288
0.0973274
0.1329061
0.1319403
0.1313034
0.1063825
0.1061652
0.1146997
0.1066415
0.1191598
0.1129918
0.1137569
0.1041806
0.1259614
0.0885695
0.0951276
0.1083323
0.1058138
0.0998684
0.1063141
0.1028719
0.1372847
0.133401
0.1186796
0.1213408
0.1264167
0.1254151
0.1183503
0.1293757
0.1257578
0.1362459
0.1222527
0.1281176
0.1290469
0.124
0.115618
0.1231814
0.1204876
0.1282659
0.1280663
0.1218911
0.0907703
0.1250655
0.1197933
0.1226368
0.1310043
0.1307745
0.1071469
0.1251036
0.1206742
0.1258483
0.1064271
0.1053515
0.1249179
0.100055
0.0959444
0.1104751
0.1153703
0.1368793
0.1235678
0.118294
0.1564625
0.1416552
0.1303641
0.134336
0.1500726
0.1505864
0.1450046
0.1235029
0.1218565
0.1367528
0.1244031
0.1043805
0.1107484
0.0984138
0.0892412
0.1163904
0.1051501
0.1290899
0.0901234
0.1206578
0.1105462
0.1232001
0.106584
0.1470941
0.1244049
0.1435024
0.1414701
0.119402
0.1602395
0.148057
0.1357341
0.130663
0.1400893
0.1266792
0.1250327
0.1248485
0.1458778
0.1457606
0.1497235
0.122672
0.1227712
0.1217994
0.1400836
0.1295882
0.1309418
0.1304228
0.1316201
0.1357066
0.1263157
0.1208805
0.1277882
0.1160917
0.1191649
0.115781
0.1249619
0.1194079
0.1303881
0.1349639
0.1291962
0.1373524
0.1307843
0.1546146
0.1360686
0.1460086
0.143374
0.1404392
0.1688648
0.1544484
0.1398529
0.1391653
0.1362873
0.1410467
0.1528555
0.1666707
0.1596704
0.1410742
0.1492821
0.1571883
0.1631058
0.1573087
0.147711
0.1475033
0.1379949
0.1646355
0.1774698
0.1608696
0.1406221
0.139608
0.1496896
0.164294
0.1627619
0.1675011
0.1799179
0.1896238
0.1576064
0.1732947
0.1756449
0.1587398
0.1524626
0.150445
0.1707445
0.1572862
0.1545147
0.1618713
0.170695
0.1475782
0.1509847
0.171331
0.1716055
0.1531753
0.16784
0.162967
0.1593482
0.1579043
0.162971
0.1316893
0.1295366
0.1389227
0.1324532
0.1280062
0.1409685
0.1247468
0.1375446
0.1607098
0.163883
0.1802914
0.1770747
0.1720711
0.1607041
0.1647404
0.1826334
0.1675147
0.1811696
0.1328324
0.1801106
0.1702493
0.1867535
0.1569434
0.1514167
0.1731862
0.1798883
0.1740501
0.1576636
0.1557486
0.1557691
0.1448683
0.1397627
0.1461855
0.1362629
0.1408058
0.1627157
0.1672371
0.1698904
0.1575599
0.1641798
0.1518073
0.164213
0.1694368
0.1943952
0.1554081
0.1414997
0.1652376
0.1423567
0.1604918
0.1614781
0.1542338
0.1613211
0.1640153
0.1604751
0.1589231
0.1444351
0.1478406
0.1367055
0.1583745
0.1395654
0.1526508
0.1585188
0.1419279
0.1616121
0.1381539
0.1440623
0.1521633
0.1383254
0.1529149
0.1533202
0.1584864
0.1355651
0.1490023
0.1467165
0.1527793
0.1744402
0.1783355
0.1765324
0.1773762
0.1684275
0.1658991
0.1584352
0.1599234
0.1550677
0.1657635
0.1592141
0.1681341
0.1614972
0.1715964
0.1787632
0.1681466
0.1894447
0.1855295
0.1922085
0.1810067
0.1782896
0.181189
0.1857431
0.1782912
0.1846328
0.1794927
0.1846465
0.1770742
0.1537353
0.1744226
0.2013859
0.1884535
0.2099842
0.1646555
0.1848479
0.1753797
0.162028
0.2012175
0.1740834
0.1791133
0.1464086
0.1514165
0.1480238
0.150924
0.1483251
0.1503281
0.14187
0.1728917
0.1568745
0.1583686
0.1428152
0.1492774
0.1860094
0.1475592
0.1600062
0.1610731
0.1628855
0.1501173
0.1849582
0.1652006
0.1785701
0.1724933
0.1738886
0.179435
0.1657361
0.1716486
0.1557871
0.1819084
0.1773658
0.1814622
0.1762853
0.1792664
0.1460037
0.1509882
0.1475012
0.1348308
0.1457386
0.1471938
0.1572866
0.1545904
0.1853551
0.1647751
0.1480734
0.1443289
0.1352259
0.1317425
0.1320768
0.1359511
0.1402037
0.171473
0.1531313
0.1465216
0.1529049
0.1424738
0.1512862
0.1595453
0.1690154
0.1550409
0.1408443
0.1342558
0.1801674
0.1909127
0.1806658
0.1851039
0.1826498
0.1664738
0.1540889
0.1349722
0.1756386
0.1433236
0.145905
0.1670631
0.1408206
0.1305726
0.1596952
0.1608427
0.1327653
0.1391793
0.1386622
0.1201782
0.1233773
0.1266822
0.1474553
0.1309799
0.1651379
0.1419914
0.1681099
0.1388922
0.1660651
0.1368007
0.129233
0.1685862
0.1440363
0.135129
0.142752
0.1394014
0.1467674
0.141777
0.1339896
0.1410315
0.1521794
0.1377605
0.1612267
0.1474403
0.1252567
0.1552167
0.1329968
0.1484243
0.1551164
0.144667
0.1362032
0.1257074
0.127627
0.133057
0.1396875
0.1249687
0.1309648
0.1304765
0.111904
0.1078471
0.1060395
0.0951253
0.1112302
0.1067345
0.1142581
0.1263246
0.1116728
0.1179552
0.1209284
0.1441857
0.1584767
0.1363199
0.1364846
0.1066676
0.1256614
0.117685
0.1311951
0.1182898
0.128877
0.1353612
0.1580974
0.1303962
0.1601977
0.1416239
0.15798
0.1501898
0.1630762
0.1825546
0.156882
0.1589315
0.154323
0.1490945
0.1711817
0.155086
0.1765559
0.1610062
0.1786536
0.163578
0.1713683
0.1660963
0.1784462
0.1802063
0.1891898
0.1413528
0.1657795
0.1671705
0.1471038
0.1454394
0.1745469
0.1318607
0.1927968
0.1908423
0.1728241
0.2060147
0.1817766
0.1650988
0.1728379
0.1554409
0.1725267
0.1679785
0.1690636
0.194641
0.172504
0.172343
0.176835
0.1748033
0.1892533
0.1598285
0.1789111
0.1822232
0.1785344
0.1686657
0.1491252
0.1294256
0.1866955
0.1630899
0.1429452
0.1842539
0.1637144
0.1641392
0.1442004
0.1739498
0.1659437
0.1818066
0.1727801
0.1736524
0.1707419
0.1758465
0.1705429
0.14324
0.1472344
0.1154348
0.1196561
0.130147
0.173638
0.1819807
0.1690191
0.1664049
0.1897899
0.1910191
0.1780597
0.1866935
0.1854903
0.1968295
0.1877195
0.174519
0.1639426
0.1740047
0.1528124
0.1795323
0.1991242
0.2070754
0.1831823
0.186384
0.1889696
0.1968912
0.1958944
0.1909903
0.1637317
0.192518
0.1918774
0.2059372
0.1766044
0.1901611
0.200118
0.1923028
0.1928519
0.1773043
0.198053
0.2172508
0.1727032
0.1896176
0.2114928
0.1847994
0.1725357
0.1864183
0.1924026
0.1696321
0.1417119
0.1573492
0.1735262
0.183357
0.1359355
0.1764824
0.163714
0.1683201
0.1835986
0.1737976
0.1802453
0.2194
0.2013581
0.2344238
0.2100335
0.202571
0.2341013
0.1757496
0.186498
0.2405692
0.1984261
0.1982667
0.1977399
0.209722
0.1985478
0.1924109
0.1967435
0.1737669
0.1914317
0.167133
0.1546378
0.1566898
0.1726661
0.1773331
0.1897928
0.1873772
0.1901709
0.1811491
0.1860291
0.1752582
0.1862049
0.1903677
0.185105
0.1650345
0.1994372
0.1695895
0.1767308
0.1715143
0.1824225
0.1882381
0.1878173
0.1950268
0.1698478
0.1653587
0.1641253
0.1604307
0.1798982
0.1841524
0.1954206
0.1973502
0.1674808
0.1967176
0.1797398
0.2008104
0.1803342
0.1847652
0.1716485
0.1801721
0.1689226
0.1877059
0.1728966
0.1573328
0.1771048
0.1617595
0.155211
0.1659016
0.1681768
0.1866064
0.1766484
0.2043702
0.1802674
0.1861111
0.18141
0.1717625
0.1996061
0.2025665
0.2042736
0.1896974
0.1786142
0.1566993
0.1642799
0.1873327
0.1733154
0.170677
0.1722674
0.2013248
0.211746
0.1865592
0.1929695
0.1929191
0.1788047
0.2317946
0.1748532
0.1636963
0.1824307
0.1612953
0.1512342
0.1420156
0.1786551
0.207623
0.2094464
0.2273538
0.246436
0.219877
0.2272467
0.2107679
0.1795189
0.2030323
0.2276836
0.1905833
0.1707867
0.1989025
0.1815117
0.189448
0.186682
0.1797078
0.1768788
0.1409496
0.1770719
0.1700651
0.1958521
0.1885835
0.1936232
0.2160642
0.212406
0.193248
0.1990323
0.2067353
0.1763846
0.1848307
0.1839043
0.2143281
0.2130677
0.1912477
0.1860995
0.1880993
0.180424
0.1771671
0.2044398
0.2010059
0.1886458
0.1788262
0.1823979
0.171444
0.1835105
0.1920175
0.1828061
0.1910151
0.1743992
0.1765325
0.1807969
0.1573764
0.1656704
0.1949416
0.1628005
0.1751173
0.1856473
0.2140127
0.196754
0.1853794
0.1838088
0.18893
0.1874048
0.1819
0.1857423
0.179992
0.197639
0.1801084
0.1839369
0.1692563
0.1934812
0.2155854
0.1836429
0.1916426
0.1977626
0.1699126
0.1722711
0.1930541
0.1935356
0.1806872
0.2075726
0.1787714
0.1969456
0.1965696
0.2030612
0.1875364
0.1826469
0.2031399
0.190558
0.1887145
0.173215
0.1824118
0.1744552
0.1717418
0.1779841
0.1855385
0.2001867
0.1982605
0.1849148
0.205807
0.1848117
0.214641
0.1556612
0.1772982
0.1783118
0.1786547
0.1803095
0.1952372
0.1964485
0.1806015
0.1771925
0.1764254
0.1616079
0.1627564
0.1974096
0.1866546
0.1961425
0.1912742
0.1737596
0.2016816
0.1794223
0.1993696
0.2217737
0.1951382
0.1866995
0.188721
0.1863713
0.1866387
0.1785878
0.172186
0.1981557
0.1964595
0.1948454
0.1892022
0.1829957
0.1883826
0.1918327
0.2200091
0.1701774
0.1946409
0.1969346
0.1770705
0.1711302
0.1624403
0.1777709
0.1640888
0.178121
0.1569479
0.1631751
0.1786183
0.1882174
0.1862426
0.1824257
0.1744996
0.1899826
0.1661533
0.1520554
0.1477434
0.1694356
0.1706456
0.1716145
0.1605108
0.1784445
0.1768645
0.1974792
0.1737866
0.1829314
0.1794181
0.1876494
0.1805151
0.1870563
0.2018727
0.1837717
0.1885706
0.1503959
0.1745216
0.1813187
0.1810228
0.1795027
0.1669982
0.1815177
0.1869291
0.1972215
0.1780558
0.1610986
0.1939207
0.2124133
0.1899216
0.1996025
0.177028
0.1854944
0.1959066
0.1848564
0.2142893
0.1976184
0.2308865
0.187179
0.1993683
0.1934121
0.1836446
0.2101227
0.1749639
0.1836726
0.1853418
0.2123742
0.1986813
0.1746963
0.1820681
0.1893515
0.1868098
0.1906319
0.1933319
0.1838584
0.2157243
0.2121628
0.1848535
0.2073263
0.1941952
0.1821711
0.2014357
0.1995042
0.1827379
0.1923443
0.1870719
0.1930002
0.1970572
0.197823
0.2367656
0.2069927
0.1920433
0.2213787
0.1925519
0.1971459
0.2044185
0.2097257
0.2096644
0.2090106
0.2033153
0.2015071
0.2114339
0.2157104
0.2151242
0.2056628
0.1966248
0.2215737
0.2050447
0.1926796
0.2102119
0.2040264
0.1825036
0.1916009
0.1867558
0.2034828
0.1894408
0.1961541
0.1936532
0.2115391
0.2014209
0.2043212
0.2147266
0.2103737
0.1904231
0.1823358
0.2135098
0.1955694
0.1780289
0.1790196
0.1948953
0.1762491
0.1793128
0.1897978
0.1808864
0.1726176
0.1777566
0.1611338
0.1587724
0.1713767
0.1991127
0.2041967
0.1957209
0.1863066
0.2007625
0.1663554
0.200661
0.2029672
0.2111971
0.1880462
0.1775228
0.1929628
0.2208391
0.2344795
0.2209938
0.2391751
0.2008836
0.1959101
0.1965811
0.1909076
0.1934411
0.1778891
0.1830781
0.1946837
0.1651508
0.1627592
0.1939176
0.167605
0.174466
0.2054241
0.1795961
0.1937153
0.2114106
0.1801189
0.1829468
0.1921683
0.1852388
0.2123961
0.2015296
0.2164683
0.1627176
0.1833698
0.1827079
0.2082244
0.2209627
0.1825729
0.1687608
0.2099369
0.1778665
0.1991791
0.1874402
0.2180131
0.1892444
0.172385
0.1813583
0.1763057
0.2106597
0.2049513
0.2137532
0.1913503
0.1918306
0.1815521
0.185597
0.1938011
0.1818758
0.1610006
0.1718546
0.2114202
0.204273
0.1859842
0.1986675
0.216125
0.1895044
0.2128708
0.1958017
0.1612706
0.1654917
0.1995262
0.1805823
0.1802566
0.1881696
0.1928919
0.1920708
0.1766003
0.1621665
0.1971589
0.1795993
0.1928516
0.186194
0.1833293
0.1757107
0.1828289
0.1800272
0.1820837
0.165049
0.1818872
0.1704639
0.1877823
0.1654195
0.1590774
0.1606649
0.1860362
0.1741159
0.1897828
0.1811756
0.1731485
0.1636555
0.186547
0.1720907
0.213645
0.2005778
0.1598765
0.173239
0.1614604
0.1684385
0.1798357
0.1771017
0.1802656
0.1785585
0.1751648
0.1771487
0.1794561
0.1664742
0.1524706
0.153253
0.1504891
0.1761393
0.1635234
0.169356
0.1612102
0.1817607
0.1555569
0.1631761
0.1470824
0.155097
0.1529777
0.1597906
0.1599504
0.1765363
0.1751801
0.1594209
0.167371
0.1832033
0.2023386
0.2102066
0.1857616
0.1950952
0.197916
0.1989298
0.1727082
0.1763107
0.1786174
0.1684074
0.1545993
0.1779322
0.1790689
0.153864
0.1649981
0.1531624
0.1585743
0.1562666
0.1656679
0.1794762
0.1667381
0.1897922
0.1832167
0.1789419
0.1861482
0.1761367
0.166951
0.1680232
0.1713345
0.1962148
0.1855818
0.1709847
0.1698405
0.1857568
0.189785
0.1740486
0.1753525
0.1797877
0.1876319
0.1808745
0.180735
0.1683123
0.1721179
0.1697378
0.1826027
0.1642305
0.1689472
0.1645971
0.1827608
0.1754017
0.1860681
0.1638195
0.1850955
0.163088
0.1813713
0.162152
0.1611312
0.1676936
0.1560677
0.1807494
0.1801299
0.1880825
0.1647276
0.1577749
0.1687197
0.182325
0.1757379
0.2091855
0.1827005
0.1774591
0.1792898
0.2161134
0.2216295
0.2145825
0.2438811
0.192618
0.2087763
0.2015176
0.1750612
0.2500972
0.210252
0.2253206
0.1769623
0.2016755
0.174297
0.1655094
0.1599303
0.1827766
0.1671839
0.1699284
0.1684209
0.1669828
0.1669534
0.1806894
0.1805054
0.1660506
0.1787474
0.1803902
0.2001462
0.2205617
0.2109817
0.1994003
0.1807765
0.1587165
0.1693497
0.1728176
0.1550212
0.1527421
0.1465932
0.1515246
0.154282
0.1455067
0.1549158
0.1474896
0.14255
0.1500576
0.1609635
0.1631378
0.1693681
0.1668069
0.1925658
0.1629276
0.1762093
0.1613519
0.1509865
0.1614975
0.1696887
0.1534088
0.1446653
0.1727482
0.1585416
0.1662352
0.1483612
0.1629275
0.1813722
0.1895618
0.152735
0.1822714
0.1468741
0.1438565
0.1394713
0.1448052
0.1543972
0.1425575
0.1675331
0.1456051
0.1630808
0.1674022
0.1583802
0.1847347
0.1627918
0.1920303
0.1617704
0.1869536
0.1681242
0.1631647
0.1463829
0.1541351
0.1630551
0.1592062
0.1809052
0.1728616
0.1977213
0.203399
0.1864674
0.1894756
0.2046831
0.1901573
0.1879672
0.1667095
0.1874665
0.2142864
0.1713967
0.1687149
0.1763263
0.190134
0.1597005
0.141212
0.169153
0.1754944
0.1853642
0.1753585
0.1598586
0.1499103
0.1704114
0.1717775
0.1446653
0.1386224
0.1552862
0.1692498
0.1790656
0.1683727
0.1692163
0.1503438
0.1574446
0.1608078
0.1757248
0.1633326
0.1783391
0.1685429
0.1982431
0.1730954
0.1857153
0.1834915
0.1632508
0.1953116
0.1740637
0.1778261
0.1854827
0.1935189
0.1733516
0.1800839
0.2006857
0.1859247
0.1750915
0.1875454
0.1872081
0.1839678
0.1739926
0.1789208
0.1793375
0.1734692
0.193155
0.2004898
0.2021414
0.1870487
0.2019239
0.1874589
0.1926331
0.1837671
0.1843174
0.2421558
0.2017789
0.1771175
0.2126346
0.1952497
0.1817008
0.1616722
0.1879071
0.1855941
0.197463
0.1936954
0.1815113
0.1733342
0.176796
0.1682105
0.1597743
0.1631702
0.153948
0.1758452
0.1852041
0.1842346
0.1710704
0.1851575
0.1797151
0.1869012
0.1689281
0.1889752
0.1748053
0.1894885
0.1700994
0.1795197
0.1686477
0.1847553
0.2011231
0.1962246
0.1666719
0.1790091
0.1740639
0.1666949
0.1748877
0.1878466
0.1778348
0.1896129
0.1667077
0.1899111
0.1713979
0.1629982
0.1836071
0.1647692
0.1685799
0.1698543
0.1638632
0.1675504
0.1518819
0.1591658
0.1724604
0.1619603
0.1718163
0.1527395
0.1795933
0.1519095
0.1602907
0.1417376
0.1517553
0.1691086
0.178044
0.1440646
0.1587411
0.1425936
0.1561283
0.1558515
0.1523992
0.1441275
0.1688928
0.1682726
0.1733599
0.1699994
0.165686
0.1720747
0.1506769
0.1793088
0.186419
0.1798996
0.1844258
0.1661339
0.1503959
0.1682936
0.1565753
0.1613903
0.1538966
0.1650671
0.1668757
0.1499711
0.1472922
0.1786466
0.17024
0.170052
0.1649927
0.177712
0.1685548
0.1646437
0.1663662
0.190599
0.1558317
0.1679402
0.1883832
0.1738363
0.1881472
0.1785132
0.1757042
0.1668861
0.1686563
0.1976852
0.195529
0.1804587
0.1729572
0.1714901
0.2054463
0.1598952
0.1666662
0.1730541
0.1789718
0.1920386
0.1706243
0.1939027
0.1900809
0.1739289
0.1722796
0.1753912
0.182212
0.1859341
0.1833203
0.1715619
0.190346
0.2035612
0.161018
0.1859343
0.2144244
0.2109077
0.2049366
0.1817396
0.1954869
0.158388
0.1492166
0.1775762
0.1889082
0.1869695
0.1838956
0.1859958
0.1710007
0.1998539
0.1619238
0.1759484
0.1753503
0.1676579
0.1825443
0.171937
0.1919755
0.1955182
0.1972249
0.1833223
0.1839494
0.1971011
0.1735004
0.1522039
0.1610453
0.1800772
0.1657287
0.1519118
0.1606574
0.1551086
0.1665028
0.1759635
0.1569917
0.1700375
0.1595459
0.1730665
0.1740004
0.1571278
0.1852715
0.1907407
0.1740875
0.1637697
0.1642779
0.1560639
0.1586348
0.1536718
0.1517633
0.1619054
0.1715178
0.1476882
0.1523849
0.1588708
0.1525872
0.1628778
0.1461441
0.1458123
0.1656409
0.1666219
0.1464258
0.1602029
0.1518048
0.1617822
0.1470245
0.1487047
0.1498649
0.1573694
0.1676921
0.1666571
0.1694872
0.1729359
0.192798
0.1888313
0.1761382
0.162552
0.1674036
0.1797662
0.1892734
0.1630063
0.1695945
0.1662658
0.1542321
0.1854208
0.164584
0.1570401
0.168619
0.1652246
0.172033
0.1711733
0.1572679
0.155751
0.1679574
0.1725473
0.167808
0.1677559
0.174457
0.1646609
0.1649541
0.1636986
0.1776216
0.1494366
0.1594976
0.1677104
0.1705799
0.1628708
0.1483819
0.1482393
0.1426557
0.1674716
0.120948
0.146809
0.1495858
0.1447466
0.1505917
0.1592887
0.1483874
0.1448402
0.1261209
0.1438516
0.1475538
0.1893913
0.1815753
0.2095741
0.1781014
0.1830697
0.2013575
0.2141353
0.2184408
0.1963684
0.1962748
0.1574025
0.1956823
0.1606294
0.1643406
0.1792637
0.1605898
0.1675106
0.1743799
0.1684973
0.1576172
0.1636602
0.155564
0.1713169
0.155543
0.1381276
0.1611752
0.15521
0.1573516
0.1548284
0.1487158
0.1448262
0.1606783
0.1705969
0.1537254
0.1685564
0.1689241
0.162289
0.1406005
0.1723781
0.1820146
0.1719083
0.1913905
0.2246213
0.2181207
0.1830734
0.176621
0.1617711
0.1611743
0.1754998
0.1504838
0.1654035
0.1598566
0.195169
0.2002688
0.155655
0.1606757
0.1751455
0.1650138
0.1550648
0.1548944
0.1478465
0.1646215
0.1772812
0.1654772
0.1723923
0.1768501
0.15316
0.1566495
0.1577855
0.1695362
0.1645436
0.1786234
0.1530125
0.1577299
0.1642937
0.1725884
0.1498586
0.1715829
0.1623051
0.1657449
0.1637278
0.2084353
0.2016539
0.2044362
0.1744933
0.1788155
0.2386765
0.1857125
0.183678
0.148354
0.1596442
0.1824595
0.1586694
0.1528576
0.1536691
0.1680144
0.1557957
0.1554095
0.1613718
0.1725414
0.1760674
0.1718197
0.1542343
0.1494463
0.1604511
0.1652599
0.1679156
0.1692037
0.1786087
0.1602976
0.1663306
0.1770101
0.1801632
0.1749992
0.1817432
0.2102815
0.1848332
0.1595034
0.1817648
0.1815699
0.183392
0.2080557
0.2101996
0.227209
0.2283697
0.2171457
0.207128
0.1732984
0.1953019
0.1886799
0.1888443
0.1716823
0.1692682
0.1963867
0.1851213
0.1783812
0.1703257
0.1888743
0.1845015
0.1869413
0.1713267
0.1992115
0.1808289
0.1796821
0.1863742
0.1921891
0.1946677
0.1926884
0.1739825
0.1812918
0.1783229
0.1817219
0.1620933
0.1905654
0.1780657
0.1710226
0.1875944
0.1774552
0.189459
0.1931408
0.2116529
0.1914415
0.1873857
0.1948177
0.1638673
0.1846356
0.1775445
0.1873683
0.174475
0.180761
0.1793981
0.1681442
0.1905192
0.1657596
0.1860888
0.1941014
0.1763711
0.1827723
0.1859603
0.170413
0.1821534
0.17897
0.1912361
0.1824453
0.1646845
0.1797662
0.1744369
0.1593508
0.1707713
0.177128
0.155934
0.173415
0.1790978
0.1605569
0.1588695
0.1622902
0.1762281
0.1703121
0.1739665
0.1641434
0.1839334
0.160603
0.1743202
0.1780677
0.1824604
0.1794247
0.1943513
0.1683915
0.174654
0.1817102
0.1823147
0.1670572
0.1629471
0.1734863
0.1703336
0.1605736
0.1693379
0.1582862
0.1912656
0.1722984
0.1814053
0.1789568
0.1807422
0.1611687
0.1658113
0.1851417
0.176457
0.1787311
0.2004271
0.1818043
0.1982456
0.1732415
0.1757929
0.1756301
0.1912195
0.1694376
0.1769405
0.1744055
0.1569446
0.167585
0.168718
0.1564094
0.1683015
0.1703769
0.1641244
0.1592546
0.1692291
0.1639312
0.1764755
0.1474808
0.1746354
0.17226
0.1731775
0.1987912
0.1748738
0.1943654
0.1845736
0.1879087
0.1658704
0.1795598
0.1769884
0.1889124
0.1719313
0.1722975
0.1604052
0.1665612
0.2007077
0.1940073
0.1754542
0.1589263
0.1746478
0.1974391
0.1847307
0.1688893
0.1804362
0.1639265
0.1832142
0.1746465
0.1656788
0.1718422
0.1735324
0.1965691
0.1869762
0.186547
0.1966123
0.2041884
0.1806113
0.1876668
0.1906462
0.1955956
0.1952225
0.2178411
0.1982563
0.2261612
0.2092541
0.1938127
0.1832927
0.2067488
0.1828835
0.1867927
0.1847108
0.169039
0.185284
0.1998936
0.1821415
0.1816578
0.1783305
0.1705025
0.2103357
0.1838247
0.1968476
0.1722313
0.1868475
0.1943792
0.2007089
0.1859052
0.1636961
0.2072801
0.1913876
0.1781043
0.2089527
0.195407
0.1791725
0.1785186
0.1900942
0.2082567
0.1950938
0.1994006
0.1932191
0.174461
0.1781823
0.1697019
0.1809806
0.1817763
0.1874001
0.1975046
0.2008579
0.2003207
0.1724015
0.2010363
0.1815427
0.1849664
0.16305
0.1644828
0.1744094
0.1706212
0.170409
0.1681712
0.1580803
0.185533
0.1684149
0.1672865
0.1752488
0.1850277
0.2056028
0.1463166
0.1691978
0.1488349
0.157989
0.1580461
0.2317737
0.2122793
0.1641402
0.1564423
0.1489476
0.1586541
0.1684383
0.1819867
0.1767431
0.1504615
0.1436787
0.1559405
0.1619971
0.1637658
0.1628549
0.14231
0.1841822
0.1506927
0.1843604
0.177589
0.1882623
0.1631475
0.1830196
0.1782234
0.1899142
0.1963219
0.1839982
0.183185
0.1751413
0.1783831
0.1761247
0.183542
0.1426097
0.1739937
0.1783176
0.1516587
0.1730893
0.1839561
0.1745694
0.1696854
0.1817241
0.1904532
0.2124003
0.1774057
0.2074487
0.2125619
0.1554901
0.1729512
0.1594312
0.1853564
0.1718679
0.1727625
0.1900383
0.1907018
0.1718019
0.1885866
0.1805526
0.1937707
0.1850979
0.1618763
0.1510326
0.1924846
0.1512151
0.1597469
0.1662803
0.1687951
0.1757977
0.1613013
0.1877077
0.1660043
0.1674583
0.1714339
0.1715108
0.1650794
0.1580506
0.1614628
0.176502
0.1636823
0.1554623
0.1651116
0.1584292
0.1581882
0.1561882
0.1698594
0.1671748
0.1610971
0.169087
0.1860829
0.1714469
0.1825319
0.1603862
0.1692122
0.1843548
0.1929303
0.177941
0.2012663
0.1768956
0.1719699
0.1804518
0.192819
0.1881952
0.1853524
0.1961413
0.1463269
0.1912852
0.1984029
0.2012377
0.1845586
0.1606079
0.1705788
0.1889879
0.1765538
0.1930771
0.1828022
0.1678361
0.1910595
0.1631889
0.1884735
0.1777308
0.174194
0.2500118
0.229602
0.2282221
0.1797002
0.152194
0.1823761
0.1913312
0.167352
0.1570228
0.1460339
0.1328276
0.1458699
0.1709449
0.15919
0.1795287
0.1798123
0.1616976
0.1612591
0.1567259
0.1471628
0.1388671
0.1338185
0.1413704
0.1412139
0.1650453
0.1678199
0.1623325
0.1776788
0.1652266
0.1615178
0.1898759
0.1734717
0.1510979
0.1439631
0.139417
0.166259
0.1556255
0.1974969
0.1733146
0.1649631
0.2099836
0.1816012
0.2206724
0.2219543
0.180837
0.1920148
0.2074657
0.1653455
0.1664718
0.1950168
0.1813095
0.1889155
0.1769745
0.1699011
0.16335
0.1752912
0.1725375
0.1786285
0.180223
0.1876893
0.1644272
0.1922339
0.1596249
0.1636004
0.1630943
0.1532427
0.1579694
0.1638153
0.1986295
0.1727513
0.1784912
0.1778289
0.184027
0.1477277
0.1493833
0.172311
0.1549342
0.1677112
0.1735217
0.1926263
0.1714865
0.1630278
0.1868117
0.1869048
0.1830354
0.1859563
0.1800689
0.1804071
0.1947305
0.1743147
0.1617638
0.1787709
0.1583536
0.1480878
0.1632116
0.1540525
0.1583572
0.1440008
0.1398519
0.1876212
0.1530731
0.1539464
0.1561904
0.1777755
0.1659799
0.168236
0.1621775
0.1808827
0.1568246
0.1383426
0.1364033
0.14015
0.1503533
0.1826504
0.1739813
0.1638391
0.1491661
0.1689936
0.1674547
0.1637812
0.1966441
0.1858425
0.1722944
0.1711259
0.1804773
0.1740285
0.1649288
0.194025
0.1676862
0.1726793
0.1608894
0.1653232
0.1816145
0.1789447
0.1880077
0.167657
0.1903408
0.1452629
0.1600173
0.1772802
0.1650245
0.1879079
0.1626797
0.1595826
0.1820645
0.1785131
0.1705424
0.1855435
0.2019593
0.1694569
0.1765203
0.161372
0.1667219
0.1779417
0.1806833
0.1710363
0.2039744
0.1551202
0.1638
0.1841233
0.1753356
0.165816
0.1842467
0.1837012
0.1680647
0.1658053
0.1736245
0.1706443
0.1685306
0.1575331
0.1490027
0.1753051
0.2017273
0.1671918
0.162923
0.1629538
0.1503548
0.1880502
0.155313
0.1671271
0.1677588
0.1788333
0.1621897
0.1780739
0.1837575
0.1625726
0.1737891
0.1771776
0.1807667
0.1789047
0.1565789
0.2018325
0.2042266
0.1773492
0.1600357
0.17882
0.1836391
0.193638
0.1698579
0.2085692
0.1924306
0.2041396
0.186582
0.1765658
0.1808708
0.1780435
0.1756456
0.1759967
0.157079
0.1664701
0.1647032
0.1570459
0.1566693
0.1459538
0.1276487
0.1413139
0.1445389
0.1384335
0.1439397
0.1645857
0.1527033
0.1526107
0.1309776
0.1389196
0.1283508
0.1231729
0.1462049
0.1412356
0.1322583
0.1373911
0.1565157
0.1498392
0.1604104
0.1530332
0.1551934
0.1798785
0.1600091
0.1478615
0.1883441
0.2217966
0.1727913
0.1961085
0.1518385
0.1544967
0.1279408
0.1528873
0.1405317
0.1514198
0.1785625
0.1453889
0.1490716
0.1797745
0.1734672
0.1584363
0.1744373
0.1519874
0.1565257
0.158201
0.1637665
0.1816622
0.1825724
0.1550386
0.1590141
0.1486792
0.1237551
0.1708403
0.1451029
0.1780645
0.1592987
0.1739868
0.1551257
0.1335633
0.1488241
0.1615341
0.1676181
0.1448678
0.1516729
0.1571304
0.1540132
0.148542
0.1421116
0.1584839
0.1462026
0.1349266
0.1297936
0.141449
0.1687927
0.1739564
0.1639946
0.1864834
0.1085484
0.164911
0.1921956
0.1526686
0.1463646
0.1631946
0.1701633
0.1766329
0.1855501
0.1696408
0.1745838
0.1613065
0.2175633
0.2056173
0.1911057
0.2047895
0.2176585
0.2279077
0.194469
0.1842421
0.1656267
0.1997015
0.1967716
0.1982174
0.1930685
0.1904659
0.1778784
0.1965652
0.1944781
0.1674016
0.1871979
0.1659826
0.1638333
0.2121264
0.2063403
0.1968013
0.1502573
0.1796789
0.1954944
0.1714534
0.205302
0.1754666
0.2193912
0.1970306
0.2301684
0.2208587
0.2086949
0.2250592
0.2305166
0.2052857
0.2280439
0.2222743
0.2173734
0.1787906
0.20632
0.2105639
0.2233422
0.2286952
0.2117475
0.2317061
0.2247174
0.2014055
0.1769713
0.1707857
0.2060733
0.2018516
0.1961084
0.2016682
0.2258901
0.1734762
0.1981652
0.1869662
0.2194911
0.1830154
0.1829832
0.165226
0.220508
0.1967527
0.2624716
0.2090637
0.2105582
0.2086366
0.1986624
0.1765201
0.1708089
0.1819516
0.1985866
0.1659085
0.172856
0.193443
0.1633572
0.1839395
0.209352
0.20238
0.2092655
0.1812791
0.1955985
0.1860464
0.1896687
0.2101339
0.2364742
0.1692972
0.218176
0.2056975
0.2114409
0.215242
0.1760352
0.1900372
0.1858351
0.1979606
0.186489
0.1857814
0.1823229
0.1630355
0.1716279
0.187063
0.1685925
0.2081839
0.1868421
0.1986136
0.1798369
0.1785161
0.1864927
0.1947272
0.1783324
0.1594174
0.1461294
0.1504924
0.1845997
0.1524525
0.1819941
0.154957
0.1815234
0.1307215
0.2013931
0.1933247
0.1999409
0.1793818
0.1656971
0.1783597
0.1646608
0.1738767
0.1767913
0.1676951
0.185897
0.1970642
0.1964226
0.2006612
0.1800718
0.1980587
0.170955
0.1871832
0.1813322
0.1929572
0.2044447
0.1946827
0.1991751
0.1648513
0.1583497
0.2331427
0.1748768
0.1811348
0.1986529
0.2009944
0.1564209
0.1958246
0.1888766
0.1706017
0.1861761
0.1686205
0.1683785
0.1850619
0.2006045
0.2130923
0.1500373
0.1728121
0.1827732
0.2103757
0.1571486
0.1518396
0.1661443
0.178941
0.2086795
0.1711962
0.1856153
0.2077157
0.2090268
0.1626352
0.2051958
0.1624661
0.2051875
0.178769
0.177283
0.1710508
0.1674324
0.1674143
0.1867825
0.1790185
0.1849586
0.2048279
0.1758342
0.2124035
0.1867498
0.2422013
0.1714604
0.2006934
0.1888317
0.1851403
0.2168546
0.2309445
0.2397292
0.2304987
0.2323234
0.1855222
0.1933409
0.1728639
0.1974483
0.2153142
0.2155766
0.2192825
0.1919871
0.2203693
0.1955458
0.2107773
0.1962829
0.2225017
0.1974082
0.198757
0.1997427
0.182525
0.1932978
0.2064749
0.2344138
0.2031969
0.1631548
0.2019951
0.2173166
0.2072078
0.1871697
0.1844545
0.1794939
0.1925921
0.1929417
0.1776672
0.1938106
0.17105
0.19897
0.1770887
0.16273
0.1852407
0.1757764
0.1815954
0.1761522
0.1497524
0.1511368
0.1908975
0.2084039
0.1644616
0.1689424
0.1775737
0.2073608
0.1794818
0.1603163
0.1181003
0.1449569
0.1664417
0.1688755
0.143044
0.1506546
0.1473708
0.1465732
0.1613753
0.1350259
0.1554579
0.1769718
0.1777561
0.1962857
0.1647319
0.165373
0.1611743
0.1768672
0.1917548
0.1904155
0.1685007
0.1745458
0.1679644
0.2049877
0.1664743
0.2076939
0.1610063
0.2022355
0.172184
0.1517134
0.1587802
0.1591155
0.178359
0.1821675
0.1985452
0.1930731
0.1742225
0.1678904
0.2144793
0.2030922
0.1914414
0.2007283
0.1672108
0.1748119
0.1478311
0.1567372
0.1651416
0.1582721
0.1549674
0.1632857
0.1514595
0.1659117
0.158499
0.1435119
0.1626956
0.1840389
0.1706089
0.1375223
0.1325681
0.153966
0.1778976
0.2028835
0.1809315
0.1549372
0.1779256
0.174454
0.1690889
0.1490736
0.1740142
0.1567641
0.1560294
0.1536857
0.1718376
0.1441191
0.1605578
0.155571
0.1450315
0.1875189
0.161298
0.1700872
0.165984
0.1424751
0.1428126
0.1300026
0.1528478
0.1549997
0.1548829
0.1496857
