0.1036963
0.1237474
0.1112456
0.1077945
0.1074722
0.1171167
0.1196248
0.1357228
0.1308993
0.1343111
0.1089112
0.1733967
0.1187722
0.1311251
0.0977597
0.1027162
0.1046461
0.1005961
0.1014369
0.112848
0.1078146
0.1186111
0.1133838
0.1061724
0.1027797
0.1153634
0.1122289
0.1188547
0.1068064
0.1241585
0.1148627
0.1582496
0.1546298
0.1411296
0.1827044
0.1110107
0.1398585
0.1109008
0.1249581
0.118765
0.1149081
0.1334528
0.1108675
0.0991104
0.1316238
0.0997813
0.1518683
0.147755
0.0910894
0.1060103
0.1022175
0.1144903
0.1175487
0.1208723
0.1214825
0.0950811
0.1124139
0.1111795
0.1049819
0.1055663
0.1319198
0.1319656
0.1118936
0.1144418
0.1121382
0.1079459
0.1178617
0.1109557
0.1057515
0.1237118
0.1293191
0.131162
0.1516009
0.1268068
0.1334966
0.1757472
0.1723212
0.117442
0.1473731
0.1419263
0.1524491
0.1464929
0.1643743
0.1451265
0.1259705
0.1558466
0.1536237
0.1394088
0.1512002
0.1584159
0.1016318
0.1115784
0.0951661
0.1357764
0.1165967
0.144473
0.1229766
0.1511443
0.1395773
0.120171
0.1218475
0.1387474
0.1045951
0.0957679
0.1170661
0.0958502
0.1152928
0.1299288
0.1117454
0.1419656
0.1276927
0.1248074
0.1168974
0.1439561
0.1243605
0.123441
0.127811
0.118107
0.1136907
0.1265413
0.1377233
0.1082224
0.1571871
0.1295389
0.1399834
0.1445638
0.1437929
0.1451906
0.1398854
0.1138666
0.1446299
0.1414528
0.1357938
0.1574428
0.129166
0.1458142
0.1318614
0.1379729
0.1370469
0.1608346
0.1526111
0.1468735
0.1205738
0.1415921
0.134091
0.1475172
0.1624979
0.1483118
0.1515238
0.1477995
0.1369668
0.1189597
0.1400922
0.1340853
0.1476457
0.1535887
0.1544189
0.1851643
0.1601465
0.1703193
0.158071
0.1499333
0.1453632
0.1364884
0.1339309
0.1477387
0.1406181
0.1542647
0.1502829
0.1458402
0.1415917
0.1473714
0.1578691
0.1865563
0.1471484
0.1609011
0.1675991
0.1475914
0.1460947
0.1511446
0.1743775
0.1628042
0.1954223
0.1483907
0.1624483
0.1406497
0.144125
0.1552201
0.1480642
0.121911
0.1444593
0.1359918
0.1677725
0.1499563
0.1367258
0.1441901
0.1347217
0.1562356
0.1427632
0.115683
0.1247232
0.12411
0.1364186
0.118044
0.1445561
0.135035
0.1100783
0.1379076
0.1307292
0.1462353
0.1377725
0.1274092
0.1274853
0.1360587
0.1434807
0.111643
0.1385781
0.1393253
0.125189
0.1272651
0.1177539
0.1266901
0.1249011
0.1112838
0.1149111
0.1278686
0.1344236
0.1253811
0.1317321
0.1295387
0.1308727
0.1239993
0.1349488
0.1565841
0.1328256
0.1303823
0.118256
0.1167702
0.1186249
0.1196862
0.1063898
0.1036944
0.0902877
0.0809332
0.1085153
0.1318973
0.102527
0.1181235
0.1074896
0.1415441
0.0914912
0.1111114
0.1305526
0.1293019
0.1208658
0.1158054
0.1463854
0.1149623
0.1286738
0.1050024
0.1146583
0.1286425
0.1151037
0.1281951
0.1077307
0.1093862
0.1219676
0.123298
0.1406063
0.14297
0.1216894
0.1201645
0.1306317
0.1327824
0.1145217
0.1368323
0.152152
0.1588863
0.1517998
0.1465032
0.1286561
0.1132708
0.1160413
0.1462526
0.1271443
0.114734
0.119959
0.1247211
0.1213411
0.1640419
0.1236506
0.1610888
0.1805642
0.1704098
0.138737
0.1580502
0.1555266
0.1355637
0.1193592
0.1312927
0.1395484
0.1248203
0.1587691
0.1206593
0.1667272
0.1372289
0.1516235
0.1216372
0.1422871
0.11104
0.1360359
0.1256438
0.1396851
0.1495577
0.1373768
0.1463708
0.148975
0.1473568
0.1481126
0.1317627
0.1310916
0.1204136
0.1568634
0.1626702
0.1482519
0.1477742
0.1637198
0.1337877
0.1464836
0.1445719
0.1720689
0.1416153
0.1411705
0.1736078
0.1580801
0.1357548
0.1465446
0.1427628
0.1535854
0.1522478
0.1444224
0.146139
0.1408424
0.1500457
0.1734173
0.1560132
0.1657647
0.13973
0.1633056
0.1628335
0.1474019
0.1552901
0.1601303
0.1333736
0.1404189
0.1500813
0.1321568
0.1424779
0.1446202
0.1337386
0.1284294
0.1319626
0.1343725
0.1489214
0.1280548
0.1487677
0.1639723
0.1412698
0.1447793
0.1569624
0.1311082
0.136911
0.1563489
0.1474334
0.1448988
0.1373921
0.1354205
0.1421696
0.1404764
0.1504004
0.1270256
0.1458546
0.1363085
0.131666
0.1260886
0.13505
0.1320667
0.1448361
0.1410517
0.1348728
0.1407976
0.1501036
0.1507868
0.1338359
0.1585302
0.1327868
0.1492687
0.1441057
0.1359162
0.1389067
0.1590755
0.1648154
0.1564041
0.1608623
0.1557358
0.143493
0.1522179
0.1503804
0.1543445
0.1481412
0.135871
0.1607346
0.1558087
0.1408872
0.1446003
0.1378353
0.1504915
0.1653892
0.1623802
0.1490918
0.1578875
0.1608077
0.1553057
0.1577123
0.1830397
0.1628524
0.1866612
0.1584536
0.1585387
0.1866994
0.1785174
0.178677
0.1538634
0.1618734
0.1753762
0.1469767
0.1544485
0.1487847
0.1472865
0.152259
0.1595492
0.1592014
0.1758078
0.1850831
0.1925364
0.1688924
0.1616503
0.1475163
0.154736
0.1656888
0.1851651
0.1530629
0.218307
0.158411
0.1754711
0.1889032
0.1688207
0.1523557
0.1401418
0.1706689
0.1585701
0.1438502
0.1351676
0.1542775
0.1599948
0.1603713
0.1572608
0.146036
0.1677424
0.1856818
0.1736256
0.1526058
0.1552473
0.1659037
0.1721038
0.1586778
0.1412942
0.1455137
0.1595617
0.1582857
0.1497428
0.1440396
0.1322293
0.1425446
0.1324052
0.1478704
0.157189
0.1605556
0.1500903
0.1959533
0.1480972
0.1207908
0.1460107
0.1366918
0.1405306
0.1338447
0.1458345
0.1509865
0.1336645
0.1365583
0.121053
0.119679
0.1114959
0.1243097
0.1175456
0.1164808
0.1309878
0.1317669
0.1757435
0.1548603
0.1298304
0.1287333
0.1406928
0.1375984
0.1591332
0.1455415
0.1451647
0.1485652
0.1441146
0.1636214
0.146166
0.1740554
0.1685895
0.1569699
0.1599867
0.1455191
0.1316772
0.1350694
0.1522384
0.1636847
0.1523848
0.1329294
0.1419241
0.1439376
0.1513164
0.1422538
0.1333115
0.141612
0.1399817
0.1551113
0.158297
0.1649775
0.1603653
0.1599851
0.1825532
0.1308894
0.1723852
0.1529334
0.1543198
0.1532471
0.140965
0.1612182
0.1375736
0.1411646
0.1404268
0.1403669
0.1650153
0.1319453
0.1439216
0.1749325
0.1696844
0.1533346
0.1819444
0.1493253
0.1574348
0.1511749
0.163213
0.1597123
0.149224
0.1565978
0.1656159
0.1516887
0.1711515
0.1580132
0.1706077
0.1682688
0.1645378
0.1615447
0.1544571
0.136988
0.1380989
0.1558306
0.133248
0.1905726
0.18491
0.179695
0.1772057
0.1994388
0.1758615
0.1428491
0.1552195
0.1758563
0.1497988
0.1835946
0.1640225
0.1551418
0.1741166
0.1899107
0.1499064
0.1644039
0.1612703
0.1554213
0.1853518
0.1783539
0.1876529
0.1450496
0.1492433
0.1797849
0.1625364
0.1803629
0.1941824
0.1706037
0.1654596
0.1734936
0.1809862
0.1668688
0.1742947
0.1734458
0.1636743
0.1887453
0.1740357
0.1650924
0.1704266
0.1859547
0.1888935
0.1561797
0.1724741
0.1599367
0.1492489
0.1638783
0.1723761
0.1575512
0.1647343
0.1751421
0.1824168
0.1655564
0.1969759
0.1941921
0.1951486
0.1675943
0.1595606
0.1760428
0.1718934
0.1753078
0.1897314
0.1792004
0.1809347
0.1696276
0.1660337
0.1826684
0.181294
0.170907
0.1696422
0.1708136
0.155616
0.1533366
0.1637183
0.1685402
0.1772267
0.1795986
0.1497277
0.1692255
0.166168
0.1541832
0.1550285
0.154026
0.172333
0.1848799
0.1960911
0.1855019
0.1524249
0.1502487
0.1681554
0.1587862
0.1543627
0.1550487
0.1381122
0.1335247
0.1283508
0.1480271
0.1809603
0.1588957
0.1627657
0.1564146
0.1608055
0.163541
0.1302304
0.1689447
0.1800167
0.1761747
0.1773684
0.1785711
0.1710294
0.1761847
0.1813452
0.1994736
0.1808211
0.161109
0.1737529
0.1724966
0.1573092
0.1645716
0.1561019
0.164301
0.150916
0.1508653
0.158077
0.1452908
0.1189069
0.1611984
0.1344472
0.1481643
0.139472
0.1459813
0.1287702
0.1135384
0.1679107
0.1226196
0.1456717
0.1399895
0.1630235
0.159857
0.1851117
0.1787461
0.1802974
0.1646125
0.1868363
0.1953846
0.1628039
0.1486542
0.1430035
0.1819204
0.1664924
0.1734965
0.1632246
0.1819592
0.1791237
0.1670483
0.1623527
0.1723253
0.1486253
0.1568726
0.2169949
0.156705
0.1733655
0.1418717
0.1393378
0.1583484
0.164838
0.1591082
0.1889666
0.1639627
0.2121674
0.1589588
0.1510793
0.1707978
0.1911996
0.18664
0.1531214
0.1659531
0.1479987
0.1711139
0.1558734
0.1804307
0.1830997
0.1678029
0.179637
0.1731774
0.1463798
0.1669037
0.1764891
0.1692929
0.161162
0.1844967
0.1603869
0.1835632
0.1683596
0.1833405
0.1289299
0.1768062
0.1779563
0.16429
0.1476771
0.1730781
0.1584508
0.1529166
0.1554868
0.1685744
0.1674649
0.1573341
0.1566778
0.1607073
0.1585717
0.1624779
0.1731469
0.1515092
0.1739449
0.1500045
0.1533864
0.1430905
0.1862347
0.175008
0.1554235
0.1749952
0.1489744
0.1662398
0.1710561
0.1835681
0.1424713
0.150285
0.1886939
0.1409169
0.1643564
0.1944541
0.1505129
0.1530519
0.1304833
0.1424097
0.1498418
0.1487875
0.1383691
0.1440613
0.1444229
0.1757645
0.1498099
0.1661128
0.1825687
0.1462172
0.1241164
0.136286
0.1528891
0.1512879
0.1422009
0.1595208
0.143742
0.1415289
0.1567121
0.1504209
0.1310613
0.1719174
0.1497858
0.1579442
0.1511738
0.1509653
0.1347034
0.1447233
0.1384836
0.1143612
0.1320711
0.1195744
0.1249269
0.1405873
0.1612517
0.1427431
0.1398731
0.1333631
0.1216739
0.1437137
0.111054
0.1519862
0.1655616
0.134406
0.11073
0.1372672
0.1070822
0.1357015
0.1244513
0.1423738
0.1358141
0.1239188
0.137489
0.1402413
0.1369499
0.1385933
0.1260405
0.1491394
0.1358682
0.1530798
0.1348522
0.1563874
0.1206993
0.1415185
0.1453201
0.1424251
0.1424077
0.1419012
0.151612
0.1714292
0.1710484
0.1800732
0.1603413
0.1633361
0.1647274
0.1525481
0.1682684
0.1578072
0.1553891
0.1616573
0.1515911
0.1422686
0.1547431
0.1653391
0.159751
0.1625451
0.1555083
0.1715338
0.1602091
0.1506663
0.1752305
0.1580357
0.1539885
0.1415751
0.1676432
0.16334
0.1620571
0.1648008
0.1510637
0.1383817
0.1403787
0.157034
0.1448956
0.1484199
0.1412765
0.1655849
0.1462214
0.1553223
0.155865
0.1603313
0.1349324
0.1455308
0.1325977
0.1450812
0.1417911
0.1271341
0.1428618
0.1558392
0.1565514
0.1379641
0.1374099
0.1256047
0.1268805
0.142924
0.1477982
0.1426157
0.1226432
0.1435509
0.1365196
0.1435307
0.1438309
0.1431157
0.1454783
0.1484273
0.1391701
0.1473809
0.1515442
0.1559596
0.1524779
0.1429064
0.1478352
0.1554008
0.1387801
0.1480476
0.1387308
0.1428917
0.1674245
0.1457691
0.1312204
0.1164449
0.1179536
0.1271216
0.1121264
0.1246142
0.1216573
0.1153526
0.1296279
0.1184909
0.1211988
0.1340802
0.1353804
0.1457106
0.1316758
0.153154
0.1305034
0.1706846
0.1459993
0.1462262
0.1734072
0.1489909
0.1320297
0.1673043
0.1427598
0.1752539
0.1459454
0.1481065
0.1558053
0.1714749
0.1802813
0.1490087
0.1279698
0.1325337
0.1357697
0.1497519
0.1571912
0.1307153
0.1297481
0.1376986
0.1291259
0.1516592
0.156593
0.1541679
0.1459698
0.1373475
0.1627367
0.1632515
0.169856
0.1331387
0.1294854
0.1281218
0.1698436
0.1760724
0.162587
0.1780732
0.1588905
0.1811248
0.1547438
0.1492126
0.1391711
0.1547743
0.1597115
0.1644984
0.1349098
0.160113
0.1639197
0.165348
0.1456209
0.148234
0.1456937
0.1382666
0.1407905
0.1472274
0.1612455
0.1473535
0.1467354
0.1394358
0.153981
0.1602872
0.1513684
0.1629505
0.1737253
0.1684492
0.1900498
0.1830664
0.1665235
0.179149
0.1710742
0.1376416
0.1581402
0.1713477
0.175469
0.1715372
0.168624
0.1760218
0.1675386
0.1495898
0.1660709
0.1366829
0.140659
0.1292285
0.152468
0.1513784
0.1558041
0.1598777
0.1507872
0.1413679
0.1477579
0.1621859
0.1626969
0.1348309
0.1361428
0.1544451
0.1399003
0.1438493
0.1144243
0.1399399
0.1691976
0.1674884
0.1673818
0.1521041
0.1388521
0.1564028
0.1421663
0.1643151
0.1434914
0.1189986
0.1475241
0.1409134
0.1324597
0.1181918
0.1194867
0.1361361
0.1142756
0.1213651
0.1530858
0.1515399
0.121544
0.1422331
0.1420646
0.1157925
0.1276366
0.1209313
0.1332506
0.1246154
0.1405392
0.1060688
0.1081867
0.1284346
0.143009
0.148773
0.1352992
0.1601193
0.118577
0.1040623
0.120101
0.1184892
0.1266852
0.1202881
0.1053739
0.1077511
0.1585962
0.1477576
0.1420442
0.1520372
0.1359885
0.1204757
0.1313999
0.1262936
0.1164315
0.1176356
0.1075698
0.1231049
0.1312767
0.1317008
0.1254205
0.1385287
0.1550945
0.124619
0.1392437
0.1422577
0.1291257
0.1468949
0.1422862
0.1535342
0.1483051
0.1529682
0.1403392
0.1689701
0.1800116
0.1484107
0.1518282
0.129286
0.128369
0.1277604
0.1423354
0.144676
0.135238
0.1384713
0.1477291
0.1714329
0.1530926
0.1360337
0.165239
0.1431772
0.13381
0.1349562
0.1428788
0.1440451
0.1432958
0.1281595
0.1298973
0.116958
0.123876
0.1519453
0.1410493
0.1467478
0.1698914
0.1486383
0.1582498
0.1632442
0.1746758
0.1734654
0.1552082
0.1416115
0.1333238
0.1378177
0.1552109
0.1624975
0.1477868
0.147428
0.1636927
0.1361983
0.1788803
0.1583249
0.1619833
0.1658714
0.1463559
0.1405524
0.1279023
0.1357973
0.1646161
0.1551929
0.1357676
0.1423847
0.1553278
0.153704
0.1486925
0.1626986
0.1585978
0.132139
0.1319777
0.1236629
0.1563155
0.1532726
0.1539486
0.1220575
0.1244055
0.1103599
0.1307579
0.1172889
0.1190475
0.1454445
0.1500985
0.1205402
0.1234717
0.1159368
0.117509
0.1175841
0.131511
0.1063249
0.1143971
0.1244187
0.112249
0.1163946
0.1260113
0.1414913
0.1085153
0.1034928
0.1090319
0.1146443
0.1136165
0.1140249
0.1280718
0.1419084
0.1312925
0.1129591
0.1083588
0.1129834
0.1350657
0.1171629
0.1145147
0.1194692
0.1278657
0.1003752
0.1115538
0.1166861
0.1229696
0.1308273
0.1287599
0.1075578
0.1167241
0.1286883
0.1197616
0.1231405
0.1277486
0.1406652
0.1321225
0.1262988
0.1144693
0.145182
0.1336414
0.1046978
0.1220568
0.1462783
0.1730781
0.1140028
0.1500798
0.1142303
0.1171164
0.1041192
0.1326354
0.1067651
0.1251571
0.1115321
0.1307915
0.1277943
0.1331963
0.1348656
0.1360842
0.0967797
0.1107941
0.1294426
0.1233817
0.1126257
0.1083454
0.1038901
0.1083349
0.139298
0.1283572
0.1162711
0.1327139
0.1169392
0.1125906
0.108813
0.0990042
0.1177497
0.1061652
0.1168847
0.1087896
0.099467
0.1028464
0.1073597
0.0990877
0.1151534
0.1210146
0.1204933
0.116176
0.1134749
0.1165138
0.1368812
0.1185476
0.1246495
0.1371434
0.135392
0.1350377
0.126162
0.1377367
0.1678433
0.1322217
0.1071276
0.1451016
0.1508263
0.1265953
0.1279892
0.1473896
0.1583795
0.1554569
0.1452079
0.170762
0.1721926
0.1567794
0.1435121
0.1425601
0.1333118
0.1262093
0.1142973
0.1294573
0.1475375
0.1213016
0.133878
0.1286225
0.1245466
0.1516177
0.1344093
0.1638742
0.1630274
0.1501824
0.1521663
0.1419388
0.1695541
0.1512338
0.1745028
0.1449716
0.1340298
0.2184796
0.1829161
0.1797722
0.1764123
0.1678862
0.1569808
0.1816067
0.1431621
0.1849542
0.164861
0.1656104
0.2001104
0.204594
0.1727037
0.1772324
0.1992086
0.2243093
0.1790705
0.164671
0.1788576
0.1845477
0.1760961
0.1700753
0.1733873
0.161302
0.1412605
0.1245412
0.1338296
0.1410069
0.1425627
0.1503224
0.1599279
0.1804866
0.1798653
0.1981873
0.1817673
0.1958914
0.1833542
0.1791039
0.1579805
0.1646426
0.1584924
0.1764947
0.1556024
0.1628939
0.1636428
0.1201772
0.1402177
0.1184478
0.124151
0.1292835
0.1036542
0.0970261
0.1426114
0.1365349
0.1342779
0.1421337
0.1153558
0.13598
0.1614109
0.1356281
0.1176912
0.1106111
0.126829
0.1158711
0.1297064
0.1390841
0.1576825
0.188757
0.1363566
0.1602407
0.1313084
0.1796406
0.1733353
0.1727754
0.1566747
0.1468284
0.1320254
0.1414258
0.1278708
0.11936
0.1149363
0.1168016
0.114867
0.1379065
0.1329596
0.1268805
0.1245534
0.1404842
0.1380674
0.137948
0.124788
0.1291325
0.1292206
0.1201215
0.1414306
0.142685
0.1377364
0.144707
0.1602501
0.1342874
0.1535147
0.1329537
0.0977504
0.130232
0.1247332
0.1280158
0.1353983
0.1077292
0.1641546
0.1125993
0.1178181
0.1048359
0.1232172
0.0979792
0.122981
0.1125356
0.1183279
0.1213115
0.1082593
0.1229706
0.1479344
0.1211173
0.0977595
0.1311296
0.1272495
0.1066194
0.1299972
0.1334624
0.1053503
0.1285979
0.1496102
0.1562908
0.1430791
0.1325401
0.132779
0.1344212
0.1404331
0.1407195
0.1203198
0.119292
0.1477006
0.146927
0.1458925
0.1185303
0.159365
0.1395208
0.1256529
0.1398071
0.1862098
0.1536263
0.1597373
0.1392957
0.1474792
0.1400822
0.1258872
0.1209204
0.1406977
0.1446651
0.1441053
0.1439905
0.1268572
0.1234129
0.1684124
0.1677669
0.1220728
0.1412737
0.1413502
0.1351731
0.1538909
0.1517177
0.1570872
0.1668089
0.1504545
0.171797
0.1488305
0.1519596
0.1461137
0.1500429
0.140114
0.1390279
0.142401
0.1608364
0.1560705
0.1650673
0.1576571
0.1534604
0.1700906
0.1604039
0.1619866
0.1622446
0.158163
0.1668046
0.1621248
0.1613492
0.1536498
0.1252613
0.1277364
0.1611915
0.1191738
0.1454104
0.1335189
0.125789
0.1336182
0.1445686
0.1495657
0.1307425
0.1426771
0.1452331
0.1392472
0.1550521
0.182298
0.1585319
0.1478895
0.1621567
0.1632721
0.1500006
0.1605464
0.1368159
0.145117
0.1487936
0.1146436
0.1438148
0.1582566
0.155698
0.1411842
0.1316554
0.1417043
0.1355807
0.1328483
0.1382482
0.1179218
0.1203682
0.1278695
0.1315789
0.1370602
0.1333391
0.1339267
0.1287054
0.1545185
0.1438505
0.1297338
0.1299489
0.1341059
0.1446504
0.1287387
0.1123799
0.1234152
0.1358089
0.1274542
0.1355341
0.1370966
0.1325367
0.149642
0.1621768
0.1367786
0.1376637
0.1105652
0.1469806
0.1432151
0.1199305
0.1112443
0.1321843
0.1223186
0.1260818
0.1149956
0.1262387
0.1240954
0.1386271
0.1476118
0.1470958
0.1388926
0.1377968
0.15006
0.1367219
0.1376289
0.1302898
0.1161039
0.1214694
0.1087845
0.1404636
0.1343073
0.1097416
0.1296114
0.1387945
0.1268558
0.1198141
0.1531849
0.1564892
0.1301201
0.1364555
0.1151625
0.1320474
0.1306725
0.1336054
0.1605696
0.1279584
0.1412669
0.1486896
0.1121317
0.1359963
0.1421933
0.129201
0.142242
0.1389093
0.1271286
0.1184793
0.1200853
0.1315308
0.1310031
0.1298062
0.1121924
0.1356501
0.1459422
0.1126845
0.1292179
0.1452152
0.1298759
0.1423217
0.1505075
0.134102
0.1400682
0.1268731
0.1479136
0.1303869
0.136442
0.1438577
0.127565
0.146025
0.1379742
0.1378672
0.1305461
0.1395286
0.1183386
0.1492082
0.1469028
0.1537103
0.1600457
0.1613066
0.139453
0.1618008
0.1357486
0.1530837
0.1185642
0.1356413
0.1288764
0.1544204
0.1259617
0.1301534
0.1479506
0.1293824
0.1310216
0.1476076
0.1328529
0.1471629
0.1456304
0.134246
0.1447181
0.1442919
0.1240912
0.11054
0.1223602
0.1129329
0.1296505
0.1374674
0.1378903
0.1486794
0.1411409
0.131871
0.1431507
0.1262837
0.1311555
0.1537141
0.1330599
0.1442115
0.1328062
0.1410689
0.1603499
0.1376498
0.1529014
0.1410484
0.1533496
0.1555143
0.131821
0.1604662
0.1711475
0.1488851
0.1456413
0.1516818
0.1323068
0.1548027
0.1480864
0.1378481
0.1440431
0.1347273
0.1520245
0.1381972
0.158725
0.1381585
0.136398
0.138078
0.1385835
0.1194411
0.1424759
0.1565974
0.1457599
0.1456729
0.1515697
0.1304211
0.1374635
0.1390936
0.1431007
0.1470964
0.1517992
0.1323759
0.1570812
0.1340239
0.1242532
0.1481122
0.1442182
0.1396844
0.1218322
0.15062
0.156855
0.1492709
0.1542144
0.1263471
0.1506407
0.1176055
0.1282061
0.1053307
0.1174579
0.130328
0.1415666
0.1161221
0.1343181
0.143733
0.1864208
0.1623115
0.133679
0.1340335
0.1668933
0.1583868
0.1659821
0.1635789
0.1438908
0.1720192
0.1903095
0.1788789
0.1604753
0.151127
0.1541484
0.1569289
0.1599267
0.1357823
0.1516493
0.1553158
0.134748
0.15984
0.1438337
0.1602061
0.1306919
0.1361427
0.1228413
0.1234576
0.164983
0.1517862
0.1550692
0.1432075
0.1506751
0.1425676
0.1214207
0.1457855
0.1248391
0.1202662
0.1647228
0.1248499
0.1371249
0.1710433
0.1189289
0.1252973
0.1420042
0.1442374
0.1358992
0.1143859
0.1245768
0.1234459
0.1349873
0.1302568
0.1538162
0.1170669
0.1381728
0.1508533
0.1467581
0.1490079
0.1592438
0.1347118
0.1426679
0.1696759
0.1632941
0.1608095
0.133337
0.1250484
0.1423649
0.1369914
0.1382843
0.1338292
0.1382726
0.1339356
0.1442992
0.1469587
0.158015
0.1587544
0.1317891
0.1445464
0.1222855
0.1427664
0.1244458
0.1322046
0.1224363
0.144586
0.1438199
0.1214622
0.1228508
0.1422838
0.12911
0.1457704
0.1362174
0.1277227
0.1149384
0.1398296
0.1399004
0.1253937
0.1354255
0.1462278
0.1524283
0.1524788
0.1533978
0.1513252
0.123033
0.1218831
0.1231303
0.1446649
0.1296047
0.1313766
0.1399609
0.1319157
0.1300488
0.1268555
0.1431499
0.1223449
0.1280937
0.1352569
0.1282336
0.1476109
0.1297007
0.1394557
0.1333435
0.146899
0.156439
0.1348495
0.1304594
0.1182278
0.1258629
0.1636005
0.1505462
0.1331802
0.1209897
0.1380212
0.1429714
0.1306823
0.14394
0.1572269
0.1685568
0.1463694
0.1559108
0.1262534
0.1514804
0.1282237
0.1384014
0.1135902
0.1331239
0.1322417
0.1474948
0.142834
0.1322761
0.1308546
0.1230645
0.1406326
0.1489229
0.1576856
0.1640195
0.1531508
0.1643943
0.130513
0.1229957
0.1241499
0.1238377
0.1300878
0.1225962
0.1749895
0.1633766
0.141552
0.1345443
0.127563
0.1508727
0.125874
0.1284155
0.1243143
0.1212951
0.1280274
0.1233519
0.1270071
0.1084822
0.1370788
0.1460688
0.1307184
0.1258299
0.1586453
0.1144013
0.135494
0.1490009
0.1432678
0.1414029
0.1444781
0.1624751
0.1663362
0.1477596
0.1336059
0.1286712
0.1239634
0.1070779
0.1084986
0.1410694
0.1688029
0.1549132
0.1396646
0.1551688
0.1345193
0.1379847
0.1203637
0.1660951
0.1481036
0.1626738
0.1100029
0.1215076
0.1288586
0.1372472
0.1288307
0.1565663
0.1254885
0.1440834
0.1118528
0.1375928
0.1447649
0.1277735
0.1192048
0.1324882
0.1386324
0.1361818
0.1333991
0.1257799
0.1608401
0.1598493
0.1570592
0.176744
0.1447509
0.1595425
0.1641145
0.1329479
0.1357503
0.1453643
0.1556278
0.1447294
0.1552786
0.1474598
0.1578272
0.1369697
0.1499107
0.1401604
0.1531466
0.1397739
0.1249282
0.1310382
0.1388826
0.1261106
0.1471951
0.12531
0.1516489
0.1502014
0.1586623
0.1347046
0.1564411
0.1316453
0.1355907
0.1194404
0.1351346
0.1284488
0.1435856
0.187434
0.1604521
0.1398016
0.1523118
0.1839795
0.1625303
0.1552022
0.1588084
0.1846795
0.1598925
0.134708
0.1585414
0.1767943
0.1588675
0.1570623
0.1630227
0.1878277
0.192233
0.1892746
0.1751136
0.1811237
0.1536962
0.174183
0.1460788
0.1481354
0.1638278
0.1632841
0.1666025
0.1645534
0.1473076
0.1427503
0.1667661
0.1236136
0.1473947
0.1502542
0.1362589
0.145779
0.1527182
0.1207393
0.142973
0.1464921
0.148365
0.1536663
0.1744072
0.1532907
0.1592174
0.1419464
0.1393306
0.1846256
0.1607561
0.1429203
0.1628424
0.192692
0.1892407
0.1574555
0.1837521
0.1440748
0.1652114
0.16454
0.1477176
0.1368895
0.1401587
0.1424171
0.1344372
0.1667559
0.1729045
0.1654759
0.1637222
0.1679079
0.1676336
0.1885737
0.1624731
0.152626
0.1710446
0.1942568
0.1716422
0.1609772
0.1568532
0.1271758
0.1627491
0.1444439
0.1561964
0.1506557
0.1343687
0.1340873
0.1346105
0.1316185
0.1490499
0.156119
0.1681972
0.1676443
0.1439631
0.1340599
0.1349188
0.1474757
0.1452241
0.1358445
0.1514038
0.1587058
0.1581725
0.1520202
0.1207223
0.1319456
0.1365366
0.1539451
0.1475156
0.1326609
0.1837578
0.1362093
0.1524505
0.1709116
0.1403454
0.1623143
0.1559597
0.1094347
0.1302918
0.1278199
0.1311458
0.1156944
0.1058567
0.1030568
0.1025336
0.097548
0.1168243
0.1446312
0.122469
0.1171926
0.1167128
0.1484614
0.1429504
0.128527
0.1424766
0.1583239
0.1607648
0.1497448
0.1468157
0.1480218
0.1455216
0.1505262
0.1444639
0.1447121
0.171438
0.1679207
0.1693478
0.1556522
0.1526485
0.1534645
0.125504
0.1480194
0.1408893
0.1518227
0.1619131
0.1696677
0.1561596
0.134068
0.1562019
0.1382627
0.1584582
0.1527833
0.149896
0.1546813
0.1695125
0.129546
0.1519549
0.157933
0.148438
0.116144
0.1424088
0.1581731
0.1437484
0.1235522
0.139349
0.1471096
0.1564871
0.1626287
0.156695
0.1626264
0.1446219
0.1520805
0.131674
0.1415538
0.1346837
0.1302576
0.1262957
0.1454095
0.15955
0.1594585
0.1471466
0.1698606
0.1661966
0.1556151
0.1344529
0.1475084
0.1475921
0.1654352
0.1312633
0.1371533
0.155371
0.1392738
0.1851813
0.1525596
0.1770772
0.1598704
0.1679106
0.1852836
0.1611681
0.1526312
0.1775892
0.1411978
0.1673643
0.1596945
0.1721475
0.1710265
0.1391717
0.1524642
0.1374324
0.1648499
0.1682752
0.1612054
0.1447795
0.1631235
0.1395408
0.1308851
0.1656471
0.1383364
0.1458837
0.1787801
0.1489125
0.1532345
0.155287
0.1310688
0.1452649
0.1492601
0.1352596
0.1300278
0.1359362
0.1430433
0.1242745
0.1205398
0.1522364
0.1416644
0.1557037
0.1619473
0.1543606
0.162606
0.171379
0.1588443
0.1310967
0.1570779
0.1385636
0.1441059
0.1525003
0.1584696
0.1596624
0.1772147
0.1363606
0.1612855
0.1376168
0.1337099
0.1443103
0.1378146
0.1231799
0.1608683
0.1345614
0.1344719
0.1516346
0.1744013
0.1764756
0.1689977
0.1400499
0.1541133
0.1453911
0.1367797
0.1829913
0.1539607
0.181154
0.1508197
0.1357057
0.1530899
0.1405734
0.1351511
0.1460375
0.1564323
0.1361975
0.1354796
0.1176805
0.1326348
0.1543821
0.1498824
0.1316207
0.1438368
0.1420826
0.1190589
0.1621225
0.1408534
0.1354802
0.1376537
0.1636453
0.1016444
0.1190913
0.129127
0.1513363
0.1458292
0.1212072
0.1689258
0.1626949
0.1734157
0.1331207
0.1379839
0.1244892
0.1566202
0.1207723
0.1384818
0.165905
0.1493363
0.1519945
0.1455449
0.1531004
0.1658854
0.1471849
0.1448154
0.1511192
0.164325
0.1270235
0.1523954
0.1415002
0.1601469
0.1493043
0.1395626
0.1417785
0.1508931
0.1396494
0.1581668
0.1220804
0.1078644
0.1314175
0.1434428
0.1575532
0.1630564
0.1345852
0.1831136
0.1746333
0.1554643
0.1487899
0.1431604
0.1265594
0.1354509
0.1399304
0.1475202
0.1478899
0.1252488
0.14714
0.1465646
0.124156
0.1752045
0.1800774
0.1715108
0.1672541
0.1968037
0.1914016
0.1732733
0.1696756
0.1770465
0.1746812
0.1856246
0.1781039
0.1712235
0.2073984
0.1785713
0.1744957
0.1209643
0.1373678
0.1392887
0.1247273
0.1242176
0.1312841
0.1356835
0.1502381
0.1281924
0.1216724
0.134259
0.1497139
0.1097093
0.1020188
0.123382
0.1293184
0.1327445
0.1265464
0.1449942
0.120978
0.1197566
0.1182296
0.1254195
0.1346255
0.1465524
0.1389855
0.1295956
0.1276051
0.133566
0.1433564
0.153129
0.1599289
0.1303782
0.1324413
0.1304564
0.1376013
0.1617309
0.163958
0.1298442
0.158809
0.1366982
0.134864
0.1343438
0.1515686
0.1408735
0.1311456
0.1285688
0.1404482
0.1338568
0.1392191
0.1147119
0.1390603
0.1393052
0.1427801
0.1357824
0.1545083
0.1357445
0.152762
0.1451075
0.1879892
0.123364
0.1398726
0.1256165
0.1911066
0.1551087
0.1247252
0.127016
0.1208774
0.1316255
0.13339
0.1432956
0.1460512
0.1633072
0.136708
0.1428096
0.1542514
0.1469202
0.1283428
0.1592998
0.1496893
0.1536467
0.1562302
0.131026
0.1489828
0.1294643
0.1321665
0.1469416
0.1386465
0.160581
0.1619526
0.1882922
0.1351355
0.1403443
0.1625508
0.1451314
0.1229908
0.1452488
0.1405278
0.1460854
0.1544737
0.1658588
0.1457269
0.161377
0.1457786
0.1520713
0.1895347
0.1479532
0.1508698
0.1753751
0.1598097
0.1470875
0.160823
0.15774
0.1570953
0.1641547
0.1673681
0.1503037
0.1750489
0.144527
0.1422485
0.1178046
0.1194336
0.1292751
0.1561279
0.164362
0.14088
0.1367197
0.1421676
0.1815141
0.1718994
0.134263
0.157202
0.1744705
0.16441
0.1825423
0.1515835
0.1486909
0.1398472
0.2002014
0.1450525
0.1807299
0.1786171
0.1744173
0.1592847
0.1497484
0.1571542
0.1723365
0.1868705
0.1894631
0.1573952
0.1615794
0.1446831
0.1672497
0.1746093
0.1392453
0.1398282
0.1321251
0.1347286
0.1566498
0.1446196
0.1352816
0.1498632
0.14014
0.1172602
0.1355644
0.1476061
0.1569122
0.1581649
0.1599713
0.1537544
0.1627675
0.1892181
0.1602933
0.1834859
0.1701487
0.1602535
0.1746387
0.1919011
0.1542974
0.1627245
0.1807917
0.1725404
0.1545937
0.1948757
0.18588
0.1696671
0.1375708
0.1661382
0.1355558
0.1385616
0.1520492
0.1575483
0.1736272
0.1606551
0.1612601
0.1666722
0.1565955
0.1582814
0.169613
0.1698573
0.1785826
0.2024844
0.1857644
0.1563451
0.1648638
0.1520558
0.1493938
0.1499413
0.1499527
0.1616879
0.1766214
0.1518284
0.1439034
0.1552567
0.1562406
0.1861668
0.158184
0.1530323
0.1755683
0.1783181
0.2089761
0.1865161
0.1981602
0.1808671
0.1820226
0.1810246
0.2261124
0.1981267
0.1999214
0.1544124
0.1337358
0.1487955
0.1713728
0.1624254
0.1409367
0.1593136
0.1506037
0.1307137
0.1438084
0.1420644
0.1283751
0.1522886
0.1510873
0.1493095
0.1644035
0.1612262
0.1583366
0.1583286
0.1704154
0.1489966
0.1500437
0.1712945
0.1694477
0.1468785
0.1396419
0.134026
0.1207576
0.1276305
0.1213616
0.1401616
0.1285397
0.1212092
0.1326636
0.1166757
0.1279235
0.1356222
0.1614301
0.1230356
0.1651495
0.1618527
0.1316464
0.1516138
0.1518064
0.1390102
0.1446009
0.1352683
0.1574218
0.1802038
0.1754913
0.1573567
0.1530384
0.1556526
0.1605352
0.1598675
0.2021165
0.1598157
0.1648055
0.1460033
0.1486318
0.1523408
0.158177
0.1410442
0.1594517
0.1743053
0.1446077
0.1602712
0.1574981
0.1420809
0.1439258
0.1433484
0.127451
0.1305211
0.1020909
0.123847
0.1234602
0.1629827
0.1318497
0.1138135
0.105534
0.1249937
0.1372366
0.1256555
0.1211529
0.1164414
0.110781
0.1178429
0.1369122
0.1070945
0.0938823
0.1094445
0.1177117
0.1592501
0.126813
0.1301768
0.116386
0.127233
0.1199102
0.1347022
0.1471354
0.1378057
0.1445606
0.1523197
0.1459505
0.1352576
0.132732
0.1245994
0.1379204
0.1260376
0.1363938
0.1256814
0.1126179
0.1302213
0.1215911
0.1325515
0.1218685
0.1119437
0.1245998
0.1177113
0.1118274
0.1209711
0.1278403
0.1321605
0.1412149
0.1614398
0.1329461
0.1378175
0.1181883
0.157648
0.141658
0.1661026
0.1579693
0.1405436
0.1314818
0.1398857
0.1618063
0.1259314
0.1185402
0.1162727
0.1335833
0.1314827
0.1213046
0.1445989
0.1440337
0.1356114
0.1250633
0.155476
0.1238109
0.1237494
0.1256488
0.1380586
0.1480207
0.1350594
0.1293274
0.1523868
0.1504133
0.1364601
0.1489906
0.1454727
0.151353
0.1482786
0.1534649
0.1760438
0.151061
0.1889251
0.1706907
0.1683139
0.1747844
0.1693112
0.1554293
0.1399255
0.1384772
0.1530833
0.1315877
0.1239467
0.1510618
0.1442199
0.1531515
0.175891
0.1509614
0.1604436
0.1662738
0.1966858
0.1731349
0.1692949
0.1609132
0.1654035
0.1420187
0.1614747
0.1520509
0.154722
0.1685311
0.1894548
0.1785997
0.1899061
0.1733507
0.1642085
0.1716197
0.1589283
0.1413973
0.1903149
0.164181
0.1953458
0.1660224
0.1748458
0.1682657
0.1731323
0.1579615
0.1703878
0.1701855
0.1770126
0.1523369
0.1498629
0.1803843
0.1778092
0.1540556
0.1798001
0.1707101
0.1506465
0.1443115
0.1605783
0.1859639
0.1848808
0.1693364
0.1738558
0.1343022
0.1479286
0.1455673
0.1582348
0.1673505
0.1567295
0.1650551
