0.1231876
0.1056261
0.097799
0.0869406
0.0823872
0.0957288
0.1138727
0.0874911
0.1127929
0.0726912
0.0672469
0.0903461
0.0897467
0.0774347
0.102234
0.0815493
0.0803607
0.1029641
0.0922244
0.0860992
0.0958266
0.1225423
0.1008633
0.112198
0.1050617
0.124911
0.1038845
0.105111
0.0835439
0.0912701
0.1053283
0.0889653
0.1046866
0.1115515
0.113183
0.0799454
0.1212701
0.1021214
0.0943952
0.1086104
0.1072474
0.1057698
0.115585
0.1077461
0.0882143
0.1199495
0.1213826
0.1331605
0.1023127
0.1318676
0.091588
0.0855356
0.079572
0.1185849
0.0717343
0.0989799
0.1020688
0.0834694
0.0988273
0.1234772
0.1094995
0.1346403
0.0889448
0.089099
0.1167569
0.0705739
0.0889021
0.0926757
0.0866062
0.1074128
0.0823999
0.0947296
0.1104593
0.1065782
0.0876612
0.0863665
0.1076749
0.1007105
0.1142959
0.1036883
0.124584
0.1000266
0.1194658
0.1169414
0.104119
0.1131257
0.093538
0.106673
0.1077604
0.1157332
0.0816497
0.1102335
0.1132496
0.096896
0.1015384
0.0894675
0.1035309
0.1017959
0.0899182
0.0925414
0.0874951
0.087196
0.0806058
0.0836112
0.0934279
0.0954776
0.0948128
0.1024415
0.0790474
0.0927724
0.0897406
0.0931645
0.097251
0.0906632
0.1039123
0.1082146
0.0988833
0.0869841
0.0914985
0.0720033
0.1003987
0.0884631
0.0989176
0.0806117
0.1012584
0.0999961
0.0778732
0.0835489
0.0908234
0.1030963
0.1347519
0.1218555
0.1379465
0.0962467
0.0894573
0.0912249
0.0918903
0.1118958
0.0951081
0.1103157
0.1298079
0.0969299
0.0908429
0.0867351
0.117914
0.0921193
0.1068334
0.1085609
0.1246841
0.1022417
0.1013497
0.1039848
0.1008799
0.1200127
0.0932116
0.1078323
0.1098685
0.1094165
0.1026248
0.1223243
0.1293059
0.1187195
0.1104308
0.0998506
0.1056933
0.1000424
0.0941948
0.100574
0.0995194
0.0849744
0.1140374
0.0802245
0.0842227
0.0802056
0.0813528
0.1205211
0.0849391
0.117372
0.0881333
0.1071672
0.0889319
0.0861224
0.1133129
0.0840033
0.1261948
0.1099439
0.0951292
0.0933565
0.0919478
0.0880384
0.1182077
0.1056702
0.0816398
0.1030191
0.1019992
0.1205283
0.0872273
0.0853781
0.1244837
0.1034864
0.0960837
0.1013629
0.1180531
0.1063704
0.0928192
0.0911633
0.089249
0.0963385
0.0933488
0.1024326
0.0905009
0.1107806
0.0996648
0.1311969
0.1336951
0.125381
0.1183334
0.09537
0.1044441
0.0930903
0.1008388
0.095533
0.0856534
0.0968358
0.1071008
0.0946926
0.100424
0.0955256
0.0981598
0.104068
0.0902961
0.0946176
0.1234618
0.114026
0.1128624
0.1125486
0.1087151
0.0860494
0.1094618
0.0964891
0.0910649
0.1053345
0.0666903
0.0751921
0.0886053
0.1013673
0.1276748
0.1029196
0.1282565
0.1235759
0.1096555
0.0838928
0.1240881
0.0961845
0.0830686
0.0989502
0.0818916
0.0919104
0.1222168
0.0919125
0.1094243
0.0984524
0.0942862
0.097318
0.0818899
0.1073603
0.1335259
0.0984423
0.1231714
0.0947577
0.1007246
0.0976786
0.089498
0.0886406
0.0898549
0.1164988
0.1169481
0.1144355
0.1222918
0.1203698
0.0937851
0.1080066
0.1342152
0.1229529
0.1365265
0.1278981
0.1418176
0.1231322
0.147202
0.1538313
0.1440525
0.1572458
0.1328627
0.1418744
0.1305939
0.0844072
0.112875
0.118117
0.112991
0.1013664
0.1177111
0.0930065
0.0726788
0.0994623
0.1040396
0.0902332
0.1131889
0.1251587
0.0801436
0.1281358
0.1340587
0.1112983
0.1287751
0.1143877
0.0994843
0.111648
0.0983357
0.0960283
0.0985126
0.1255312
0.122277
0.1291183
0.1339774
0.1388987
0.1496613
0.1310896
0.1494502
0.1311904
0.1590358
0.1455274
0.1532051
0.1629124
0.1774041
0.1477715
0.1436537
0.1523037
0.1802975
0.1875349
0.1486709
0.1521324
0.1451894
0.1312575
0.1433567
0.1188141
0.1460473
0.1294797
0.1271831
0.122142
0.0927243
0.1141444
0.1026316
0.1134704
0.1018345
0.0852125
0.0761426
0.1034683
0.0945165
0.1073981
0.087546
0.1083764
0.1094353
0.1735584
0.1292069
0.1248408
0.1224971
0.1166687
0.1042554
0.1188604
0.1366668
0.1193056
0.1243007
0.1276097
0.1216557
0.1183021
0.1177418
0.1303744
0.147488
0.1257815
0.1407128
0.1629932
0.137788
0.133096
0.138102
0.1230615
0.1181283
0.1500116
0.1318378
0.1033939
0.1349976
0.1226766
0.1186396
0.120561
0.1088348
0.1348412
0.1401011
0.1105173
0.1253696
0.1004361
0.1235991
0.1328499
0.1338075
0.1312319
0.1482321
0.1229339
0.1187473
0.1311662
0.1056623
0.1151759
0.091947
0.1334553
0.1185635
0.1217733
0.0985832
0.1118685
0.1223167
0.1061474
0.1265722
0.1138554
0.1609806
0.1435117
0.1028244
0.106362
0.1207764
0.1018044
0.1199118
0.1103804
0.1244464
0.1160261
0.0871536
0.1035909
0.1206494
0.1545408
0.1575397
0.1331501
0.0988061
0.1104377
0.1256528
0.119715
0.1105929
0.0998129
0.0931945
0.118895
0.1229648
0.1002392
0.1031472
0.1263752
0.1128155
0.1174268
0.1167493
0.1183427
0.1357235
0.1098811
0.1247605
0.1157403
0.1393968
0.1217821
0.1058454
0.1318122
0.1407057
0.1208715
0.1424804
0.1541456
0.1204102
0.1414507
0.1315702
0.0953998
0.1083924
0.1198849
0.100007
0.1408454
0.1218565
0.1229899
0.0965471
0.1411402
0.1158825
0.1477848
0.1689229
0.133094
0.1175269
0.134693
0.1163864
0.1118095
0.1351004
0.1166229
0.1362258
0.1099512
0.1182463
0.1147878
0.1400104
0.1573323
0.1572413
0.1366532
0.1335119
0.1498209
0.1468013
0.1491804
0.1313871
0.1379696
0.1198934
0.1275506
0.1004838
0.1177298
0.1134302
0.1053502
0.1261135
0.1091543
0.0868646
0.12849
0.1088544
0.1134927
0.1103969
0.0928872
0.0959131
0.0943257
0.1350892
0.1106105
0.1196701
0.1226296
0.1397106
0.1158519
0.1214396
0.1271237
0.1152349
0.1169277
0.1016345
0.114602
0.1211126
0.1213852
0.1214588
0.1240385
0.1202526
0.1256466
0.1284731
0.1216169
0.1317047
0.1155372
0.1309626
0.115812
0.1284301
0.1462773
0.1104406
0.1383485
0.115361
0.1275895
0.1304173
0.1252914
0.1330469
0.1254024
0.117415
0.1112788
0.1197089
0.1259675
0.1256552
0.102833
0.1078775
0.1079619
0.1043138
0.1005514
0.096688
0.0979075
0.1000633
0.1147735
0.0968747
0.1049398
0.0946503
0.1097899
0.1258861
0.102908
0.0967846
0.1234005
0.0781154
0.1176079
0.0925841
0.1022994
0.1118833
0.1076887
0.1192631
0.0877018
0.1026557
0.1057126
0.115673
0.116159
0.1243392
0.1288437
0.1192665
0.1259684
0.1175817
0.1253602
0.1160589
0.1254818
0.1373963
0.1239002
0.1181785
0.1366013
0.138065
0.1227139
0.1251239
0.1139926
0.1192662
0.1128582
0.1171916
0.1153563
0.1348934
0.1088732
0.1045924
0.109285
0.0955948
0.1114994
0.1171961
0.1022586
0.1158526
0.110888
0.1338264
0.1099055
0.1105556
0.116849
0.1258352
0.0857096
0.0999229
0.0975235
0.1041621
0.1033251
0.1095556
0.1205883
0.1329154
0.1244451
0.1453228
0.1096986
0.1393662
0.1106306
0.1106031
0.084797
0.1376493
0.1173279
0.096285
0.0918935
0.0973655
0.1031655
0.1207673
0.1217389
0.1016926
0.1207334
0.0940163
0.1011233
0.1039557
0.0892256
0.0914969
0.1165366
0.1103025
0.0969597
0.0969567
0.1063935
0.1019818
0.0947668
0.1068188
0.1171851
0.1379132
0.1213622
0.1369978
0.1173596
0.1184911
0.1186802
0.147733
0.1303085
0.119789
0.1375294
0.1293431
0.132797
0.1191185
0.1299191
0.1228615
0.1231166
0.1015401
0.1061529
0.1313605
0.1123385
0.1245431
0.1134176
0.1223259
0.1510191
0.1574925
0.1326832
0.140197
0.1207132
0.1352535
0.1086066
0.1125158
0.0953651
0.132052
0.1154134
0.1169526
0.1030101
0.1068247
0.1153655
0.1204011
0.13114
0.1238883
0.1367567
0.111958
0.1329452
0.1398249
0.1534073
0.1379418
0.153735
0.136656
0.1437779
0.124837
0.1298628
0.1040654
0.1221124
0.1194657
0.1023479
0.115819
0.1047113
0.1003817
0.1206332
0.0996555
0.0948232
0.1398985
0.10558
0.0947606
0.1232071
0.1221882
0.1137057
0.1427129
0.1506768
0.1322978
0.1365654
0.1210166
0.1359452
0.1213505
0.1060745
0.0953124
0.0963556
0.1005144
0.1236513
0.1166766
0.106327
0.095661
0.1018493
0.1278926
0.1139471
0.1099405
0.1427841
0.1254588
0.1178918
0.130293
0.0996802
0.1050457
0.1234622
0.1471878
0.1356009
0.1112151
0.1102093
0.1198439
0.1170956
0.1033721
0.1049522
0.1012709
0.1279807
0.1094924
0.1036976
0.1079544
0.1268869
0.0988281
0.1289619
0.1094153
0.1123529
0.1196266
0.1000098
0.116668
0.1047245
0.0855594
0.0927274
0.0965418
0.0994299
0.0741767
0.1017047
0.0863051
0.0967658
0.0969967
0.100364
0.1185274
0.1202663
0.115148
0.1201873
0.1126801
0.0990748
0.1145118
0.0960612
0.0925604
0.1041141
0.1093935
0.1091542
0.1211362
0.1093835
0.1211447
0.1190617
0.1272632
0.1440508
0.1216782
0.1198206
0.109111
0.130571
0.1350953
0.1268324
0.1135866
0.1216488
0.1350232
0.1250605
0.1297874
0.1372963
0.1378153
0.1136204
0.1263231
0.1082301
0.0997535
0.1445747
0.1102586
0.0939012
0.123301
0.1360838
0.1144772
0.12753
0.1087762
0.0988773
0.1277739
0.1379157
0.1104692
0.1397134
0.1102426
0.1230181
0.1051322
0.1606583
0.1197798
0.1027031
0.0968333
0.1066809
0.1084694
0.124562
0.1047163
0.1002727
0.1277743
0.0999035
0.1026723
0.1033874
0.1037035
0.1144414
0.1191621
0.1069614
0.1133796
0.1048887
0.0972874
0.1240166
0.0993333
0.1006257
0.1029539
0.1177042
0.1158198
0.0978108
0.0989023
0.1073261
0.109073
0.1077817
0.0772138
0.0988372
0.1040601
0.0996908
0.0827734
0.0790135
0.0874984
0.0896987
0.0973891
0.1126506
0.095655
0.0857315
0.0911551
0.1001052
0.0904888
0.1278134
0.1125506
0.0993799
0.0930511
0.1075091
0.1083937
0.0968944
0.1193917
0.1294619
0.112533
0.0983712
0.1422554
0.0947886
0.098904
0.0893236
0.104095
0.1005746
0.1108869
0.1021928
0.0980618
0.1159133
0.1129699
0.1026413
0.1148238
0.111082
0.0954134
0.1055682
0.1207198
0.129481
0.114887
0.1161545
0.1045702
0.120989
0.1076783
0.1196736
0.1103002
0.1362537
0.1459167
0.1051739
0.1358964
0.1297972
0.1560136
0.1337898
0.1385841
0.1304283
0.1419957
0.1455463
0.1337367
0.1468342
0.1297496
0.1337288
0.1396914
0.118187
0.1337279
0.1567241
0.1569937
0.1378048
0.1541938
0.1376134
0.1305534
0.1198447
0.1215327
0.1541766
0.1491325
0.1346722
0.1358008
0.142416
0.1402511
0.1267336
0.1515978
0.1365259
0.1511013
0.1259069
0.1453021
0.1448875
0.1290182
0.1383612
0.1145697
0.144582
0.1109309
0.1254022
0.1007163
0.1214527
0.1501373
0.1257685
0.1316541
0.115773
0.0992332
0.1090268
0.1070615
0.1131615
0.1209704
0.1039014
0.1104552
0.0835243
0.114174
0.1013558
0.1114234
0.1280273
0.0973385
0.1115018
0.1041064
0.1092089
0.1123735
0.1051364
0.1114646
0.1169285
0.1222055
0.1156246
0.1124218
0.1476752
0.1414867
0.1578867
0.1519122
0.1175254
0.1179822
0.1356447
0.1469778
0.124157
0.1208416
0.1067807
0.1259138
0.1537383
0.1149649
0.1416441
0.126067
0.1311125
0.1330843
0.1200985
0.116419
0.1218098
0.139472
0.1209999
0.1301898
0.1166003
0.11547
0.1264841
0.0978917
0.1047613
0.1293409
0.1155547
0.1418384
0.1166936
0.0995169
0.1354221
0.1170223
0.1380033
0.0977864
0.1040865
0.1128988
0.1027903
0.1076256
0.1315078
0.1136253
0.1166158
0.1150044
0.1077583
0.1074466
0.1083491
0.1016422
0.1358486
0.104596
0.1142067
0.1105621
0.1517756
0.1071718
0.1328581
0.1240921
0.1554042
0.1205282
0.1314876
0.1076135
0.1142207
0.1277148
0.1055058
0.1165502
0.1212231
0.124669
0.1171498
0.111239
0.1342407
0.1274115
0.1096502
0.112026
0.1072641
0.1245664
0.1207213
0.0916886
0.0986825
0.1020748
0.0902804
0.1071214
0.0974925
0.1017747
0.116762
0.1102728
0.0975715
0.0912412
0.1073794
0.122757
0.1265655
0.1417608
0.1295096
0.1234694
0.1393363
0.1382829
0.1424295
0.1248736
0.1405444
0.1251083
0.1635721
0.1300458
0.1239315
0.1384649
0.1135572
0.1300431
0.1119901
0.1442067
0.1200805
0.1113311
0.1063025
0.1234429
0.1027054
0.1020937
0.0997367
0.1181384
0.1127022
0.0893307
0.1191207
0.0747771
0.1119743
0.1004552
0.0934588
0.1010994
0.1221933
0.1105774
0.1114309
0.1229124
0.1224299
0.1123476
0.152615
0.1260522
0.1161671
0.1104668
0.1219584
0.1127667
0.1085096
0.1265352
0.1261163
0.1318797
0.1263777
0.1138487
0.1127696
0.122919
0.1125925
0.1087208
0.1094957
0.1208971
0.1183404
0.1258352
0.1052361
0.1035679
0.1123888
0.1163972
0.112973
0.0967913
0.1033423
0.094849
0.1161007
0.0976518
0.1210269
0.1216453
0.1217935
0.1199297
0.1041234
0.0949519
0.1106148
0.1083396
0.1033742
0.0948619
0.1031585
0.1026748
0.1078478
0.0997754
0.0993687
0.1045128
0.0904624
0.0877874
0.100256
0.1185458
0.1202338
0.1019279
0.0913599
0.1019531
0.1124237
0.0962896
0.0909915
0.0869099
0.1038255
0.103418
0.1037515
0.1061439
0.1214692
0.0969218
0.1107927
0.1053752
0.1131018
0.0991841
0.1152255
0.1197869
0.1390545
0.1002226
0.1010736
0.1042373
0.1029506
0.1006067
0.1077807
0.0941978
0.1117553
0.1137671
0.0925823
0.1025206
0.0872782
0.1066412
0.0946231
0.0986334
0.0882781
0.1260544
0.1208008
0.1012082
0.1250553
0.1167545
0.1098791
0.0904653
0.0991181
0.0943916
0.1162079
0.1072132
0.1197439
0.0968142
0.1194723
0.118111
0.1253449
0.1018234
0.1265623
0.1087637
0.1246328
0.1192575
0.1042273
0.1106613
0.1056218
0.1141592
0.0948804
0.0973589
0.1160721
0.1089904
0.1187278
0.116431
0.1382196
0.1217746
0.1273057
0.1117406
0.1189655
0.1000497
0.1106024
0.1298698
0.1280707
0.1064635
0.125939
0.1381541
0.1379164
0.1188846
0.1095744
0.1132005
0.1445567
0.1180292
0.125179
0.1324914
0.1015363
0.1177745
0.1285917
0.1204552
0.1131577
0.1243238
0.1358649
0.1157748
0.124961
0.1249121
0.1156492
0.1420295
0.1147815
0.096526
0.1235557
0.1252428
0.1394265
0.134923
0.1275977
0.1405543
0.105423
0.1209903
0.1142356
0.1240029
0.1087421
0.1229434
0.1056166
0.1057143
0.1143642
0.1078399
0.1005702
0.1201505
0.0967607
0.1048853
0.1379626
0.1036
0.1136063
0.1395111
0.1162773
0.1343468
0.1020537
0.1065387
0.1218342
0.1337154
0.1235583
0.1451618
0.1245196
0.1408393
0.1235855
0.1251047
0.1033693
0.1403047
0.1505884
0.1381354
0.1200981
0.133859
0.1310965
0.1428745
0.1125998
0.1137796
0.1069844
0.1385544
0.1418953
0.128474
0.1391167
0.1220052
0.1448105
0.1202458
0.1567714
0.1548214
0.1425819
0.1593686
0.1485719
0.1560573
0.1425107
0.1551973
0.1454077
0.1561506
0.1534135
0.1381748
0.1582394
0.1715551
0.1612401
0.1799956
0.1656969
0.1588701
0.1920141
0.1783158
0.1485068
0.1562105
0.1362694
0.1499818
0.1336537
0.1521841
0.1485282
0.1611714
0.1710981
0.1658899
0.1658218
0.1665351
0.141552
0.1627019
0.1648916
0.1621566
0.1525849
0.1704949
0.1468913
0.1484993
0.1548668
0.1281583
0.1566833
0.1608743
0.151709
0.1528331
0.1418903
0.1671326
0.1671465
0.1337685
0.1445189
0.1443445
0.142031
0.1349604
0.129493
0.1280429
0.1320052
0.1251537
0.1496224
0.1655835
0.1469424
0.163174
0.1466055
0.1917911
0.1848962
0.1446087
0.1569076
0.1546729
0.1454213
0.1579491
0.1403124
0.147762
0.1423332
0.1373379
0.1394945
0.1286136
0.1424803
0.163223
0.1620575
0.142101
0.156533
0.1396528
0.1644286
0.1437705
0.1328514
0.1296388
0.1304305
0.1635025
0.1328035
0.1252103
0.1393467
0.1417365
0.1167462
0.133078
0.1400636
0.1366995
0.1346585
0.1246493
0.1225498
0.104378
0.0997962
0.1594035
0.1426264
0.1046569
0.1179939
0.1223153
0.130303
0.1084924
0.1092035
0.1031702
0.141067
0.1323413
0.1064755
0.110935
0.1298278
0.1280538
0.1153287
0.1074307
0.1143143
0.1328806
0.1033503
0.1026312
0.117805
0.1188782
0.1031434
0.1261253
0.1381411
0.1171094
0.1116011
0.1280419
0.1144369
0.0978277
0.1038219
0.1085731
0.0971225
0.1171521
0.115078
0.111466
0.0978245
0.1184772
0.1047233
0.0971865
0.0955323
0.0900384
0.1040921
0.1139908
0.087599
0.1171652
0.1391519
0.111806
0.1195607
0.1175482
0.1320576
0.1162402
0.1273641
0.118778
0.1439528
0.1312428
0.1050151
0.1111305
0.1099882
0.1173938
0.1380391
0.113609
0.1197277
0.1337328
0.1230644
0.1285035
0.1008894
0.1185178
0.1177566
0.1441507
0.1296728
0.1385868
0.1310579
0.1357265
0.1349036
0.1363296
0.1323032
0.142255
0.150677
0.1369761
0.1469732
0.1234169
0.1245199
0.1396677
0.1243572
0.1342348
0.1191478
0.1124946
0.1173368
0.1198205
0.1268569
0.1377777
0.1388083
0.128273
0.119705
0.1096015
0.1157438
0.0961772
0.0991053
0.1116383
0.1214928
0.1091803
0.0960582
0.110175
0.1107042
0.1008342
0.1043052
0.1108657
0.1101761
0.1166319
0.1078155
0.1099908
0.1192828
0.1132576
0.0973253
0.1047102
0.0966386
0.0854556
0.0868626
0.1018875
0.1005163
0.1002988
0.1080097
0.1111005
0.0982225
0.1108879
0.092197
0.1042977
0.1094858
0.1030819
0.0895072
0.1153645
0.1170148
0.103956
0.1065051
0.1017965
0.1171847
0.131417
0.1422308
0.1048357
0.1104272
0.1031503
0.1123615
0.0961319
0.1219195
0.1196267
0.1199534
0.1122123
0.1077235
0.1134635
0.1155532
0.0955772
0.1215575
0.115761
0.1065728
0.1009379
0.1009813
0.1137731
0.094905
0.1066644
0.1136826
0.1009548
0.1073601
0.1099947
0.1000072
0.0947657
0.1044319
0.1079101
0.0894962
0.1099999
0.1153845
0.0958542
0.1104714
0.0915188
0.1272637
0.1216749
0.1135426
0.1389838
0.1170005
0.1194726
0.1286797
0.1052476
0.1032859
0.1264304
0.104191
0.1256676
0.1307604
0.1147675
0.1109169
0.1191364
0.1057077
0.1389273
0.1108861
0.1322935
0.1191868
0.1160117
0.1073645
0.1208833
0.1226074
0.1042937
0.1007376
0.0925681
0.1077772
0.129556
0.1039966
0.1218343
0.1312296
0.0990515
0.1007238
0.1186891
0.0973021
0.1045639
0.089297
0.1050847
0.1177966
0.1115002
0.0942437
0.1094179
0.1049899
0.1001081
0.1083816
0.1026379
0.1136068
0.113616
0.0951139
0.1168446
0.1239123
0.1149994
0.1207454
0.1062967
0.1181463
0.0999366
0.1224486
0.1173315
0.1128461
0.1170707
0.1216645
0.1106208
0.1130309
0.1063827
0.1424794
0.1224016
0.1210537
0.1135836
0.1231238
0.1066176
0.1240279
0.1088721
0.1390797
0.1297443
0.1161743
0.1181417
0.117858
0.1280312
0.1295419
0.1143738
0.1196202
0.1253614
0.1345742
0.1506785
0.1273753
0.1560523
0.116835
0.1413125
0.1208832
0.1441733
0.1206552
0.1250196
0.1121227
0.1146953
0.1300681
0.1126063
0.1094502
0.1452222
0.1318379
0.1062603
0.1143873
0.1321679
0.1266268
0.1382574
0.1118441
0.1284439
0.1396391
0.1214383
0.1188887
0.1204538
0.1045587
0.1097911
0.1174868
0.1255065
0.1388446
0.1188976
0.1395982
0.1485557
0.1420766
0.1429476
0.1211832
0.1207265
0.1255397
0.117059
0.1285031
0.1086959
0.1348058
0.1147231
0.145929
0.1321459
0.1351258
0.1211309
0.107917
0.1094679
0.0983124
0.1147914
0.1304329
0.0946596
0.1453403
0.1187212
0.1287669
0.113216
0.1140059
0.1272515
0.1289331
0.1104792
0.096234
0.1291466
0.1000023
0.1130915
0.1068569
0.1053965
0.1161179
0.1076045
0.120699
0.1015513
0.1222914
0.1134812
0.1000791
0.0919124
0.137035
0.1060585
0.1198205
0.101338
0.1124807
0.1232729
0.1218222
0.1043758
0.122356
0.107798
0.1142949
0.1278926
0.0976885
0.1195249
0.1271479
0.1230607
0.1287836
0.1140228
0.1100553
0.1156189
0.1110635
0.0963466
0.1275777
0.1149996
0.1101857
0.1109663
0.1445756
0.1085504
0.1071637
0.1163708
0.1293725
0.1250489
0.1278188
0.1228819
0.1161687
0.1287138
0.1003689
0.0955261
0.1148259
0.1030668
0.1152361
0.1189924
0.125457
0.1152502
0.1169486
0.1287682
0.1291696
0.1383984
0.094987
0.1073347
0.1290533
0.1129076
0.1320302
0.1305956
0.1323371
0.137367
0.1275256
0.1431752
0.1095558
0.1272805
0.11321
0.1331262
0.1365767
0.1568455
0.1177686
0.1101112
0.1573797
0.1341047
0.1518842
0.146545
0.1526092
0.1305009
0.1278152
0.1141838
0.1093488
0.1203303
0.1169749
0.1021908
0.1177089
0.0981474
0.1037017
0.1219445
0.1080168
0.1193293
0.1000854
0.0958318
0.1027832
0.0977801
0.099445
0.1159446
0.103382
0.1225579
0.0980343
0.1103832
0.099344
0.1131944
0.1104622
0.1067743
0.1110997
0.1174
0.096229
0.1210438
0.1132572
0.1139634
0.1065642
0.123755
0.1099778
0.0976257
0.1192139
0.1010296
0.1087542
0.1161166
0.0975002
0.1003977
0.1019566
0.0916041
0.1073462
0.1076068
0.0939671
0.0983033
0.101016
0.0979613
0.1007276
0.1008926
0.1086804
0.1036147
0.0817897
0.083709
0.0963639
0.0895971
0.0815305
0.1012998
0.0857704
0.0881779
0.0922087
0.0993843
0.1002242
0.1107915
0.0929791
0.1056022
0.1092967
0.10266
0.1397412
0.0856532
0.0861531
0.0798726
0.1093335
0.1088716
0.0928412
0.1069794
0.097097
0.0968074
0.0954677
0.0885304
0.1060751
0.0975317
0.0988211
0.1074137
0.0904647
0.1004686
0.1074625
0.0931142
0.0956371
0.0932032
0.0985922
0.1024837
0.1117004
0.0956122
0.0928343
0.0975128
0.0889951
0.0873824
0.0869758
0.0944201
0.085592
0.0993254
0.1024085
0.0934032
0.0968031
0.0971062
0.0872889
0.0856599
0.0909161
0.0899027
0.1003618
0.0973769
0.0884793
0.1015758
0.0992373
0.091078
0.1147363
0.1179222
0.0979354
0.0990366
0.108164
0.1086473
0.1090569
0.0914798
0.0913591
0.1014442
0.0957102
0.1043826
0.1224971
0.0947086
0.1145
0.1097387
0.1103654
0.1145152
0.1003053
0.1130193
0.0957626
0.0966721
0.1080544
0.1114229
0.1178865
0.094529
0.0845746
0.1096664
0.1257232
0.1124166
0.1194466
0.0972518
0.1036259
0.1085637
0.097717
0.1056914
0.1033492
0.1054123
0.0958021
0.1268443
0.1201179
0.1007367
0.1230608
0.1143144
0.1324167
0.1394583
0.1165593
0.1273084
0.1316089
0.1100129
0.1058038
0.1133957
0.1267709
0.151482
0.1480874
0.1290184
0.1374315
0.1424004
0.1403563
0.1149546
0.1320157
0.1455011
0.154465
0.1111875
0.1048683
0.1094114
0.1178439
0.1145083
0.1100147
0.0953797
0.1163296
0.0972515
0.1148534
0.1102954
0.1044857
0.1038376
0.1143815
0.1024306
0.1207948
0.1101517
0.0975053
0.0959822
0.111251
0.1089985
0.106053
0.1167036
0.1048855
0.100546
0.105486
0.096668
0.1341298
0.1379384
0.124766
0.1278712
0.1282938
0.1499303
0.145036
0.1281202
0.1302422
0.133695
0.1385756
0.1310839
0.1386299
0.1175466
0.1191179
0.1275747
0.1183733
0.1338909
0.1171103
0.1326741
0.1298127
0.1520741
0.1306836
0.1525617
0.1380649
0.1447163
0.1498059
0.1411669
0.1494607
0.1577691
0.1495185
0.1506531
0.1576831
0.1436815
0.1623427
0.1279237
0.156968
0.1513653
0.1263178
0.1245528
0.1294653
0.1279557
0.1328995
0.13088
0.1189165
0.142522
0.1639076
0.1650413
0.1890526
0.1780672
0.1558467
0.1500414
0.1596659
0.1457579
0.1333801
0.1219374
0.1391448
0.1195275
0.1356364
0.1248652
0.1127437
0.1429497
0.1358141
0.1410988
0.1444551
0.1458244
0.1325967
0.1403242
0.14114
0.1408162
0.1311553
0.1329528
0.1461408
0.1348032
0.1349468
0.159414
0.1282939
0.1519105
0.144254
0.1571736
0.1437717
0.1486526
0.1387846
0.1524273
0.1443702
0.1362245
0.149699
0.1637738
0.1551675
0.1305268
0.1094297
0.1221943
0.1253846
0.1034825
0.1150193
0.10946
0.1351911
0.1315607
0.1111675
0.1220108
0.1295786
0.1147853
0.1283356
0.1453555
0.1169127
0.1051456
0.1101711
0.1122216
0.0954422
0.11556
0.088125
0.0967572
0.0970349
0.0939874
0.0866423
0.1129026
0.1014123
0.1180314
0.1181749
0.1259261
0.1238083
0.1326062
0.1339601
0.129368
0.124407
0.1169642
0.1290595
0.1464224
0.1007675
0.0956208
0.0971388
0.1064152
0.1241845
0.0872264
0.0970825
0.1098013
0.1082961
0.1182149
0.1306824
0.1220383
0.2026647
0.1662841
0.16815
0.1409678
0.1424987
0.1488931
0.148525
0.1677423
0.1664014
0.1686311
0.1618211
0.1755123
0.1679166
0.1496922
0.1703605
0.1665945
0.1676084
0.1527944
0.1355118
0.16108
0.1432971
0.1250822
0.1083808
0.1135399
0.1330459
0.1273144
0.146681
0.1391771
0.1333043
0.1574586
0.131835
0.121587
0.1091997
0.1136586
0.1302283
0.1214264
0.1225369
0.1197741
0.10845
0.122221
0.1015965
0.1113029
0.1206494
0.1405401
0.1287705
0.1181076
0.1126994
0.1231174
0.1170849
0.1057657
0.1018654
0.0980998
0.1111782
0.1154223
0.1248792
0.1209859
0.1091692
0.0998838
0.1256
0.112643
0.113145
0.1045721
0.0986765
0.0976614
0.1025657
0.1034144
0.1081771
0.1041272
0.1080787
0.1029752
0.1295991
0.1078752
0.1043117
0.1171307
0.1183448
0.1423814
0.1262745
0.1434128
0.1142353
0.121035
0.1247328
0.1136925
0.1396627
0.1281237
0.0999337
0.134019
0.1030694
0.1225908
0.1149223
0.1258548
0.1263103
0.1368775
0.1339593
0.1213746
0.1241504
0.1118827
0.1216859
0.1006926
0.1140656
0.1247989
0.1199008
0.1340725
0.1444398
0.1415544
0.1505913
0.1483605
0.1308105
0.1221474
0.1225568
0.1096959
0.1106892
0.1035291
0.122728
0.1168648
0.1388553
0.1129564
0.1463726
0.1364361
0.1436598
0.1170067
0.1414611
0.1249215
0.1499061
0.1301159
0.1443323
0.1292817
0.1085113
0.1179369
0.1233927
0.1011874
0.0897482
0.1204797
0.1517513
0.1323744
0.1564394
0.1514711
0.1223485
0.1314085
0.1284819
0.1183558
0.1061742
0.1209886
0.1399754
0.130361
0.1012318
0.1185045
0.1443705
0.1250626
0.1428847
0.1389706
0.1166177
0.1501666
0.1544376
0.1727846
0.1334475
0.1683074
0.1429318
0.1823415
0.1800123
0.1455708
0.109544
0.1312885
0.1493474
0.133934
0.1453658
0.1465274
0.1423585
0.1337503
0.1260699
0.1362171
0.1165723
0.1301741
0.1305179
0.1140303
0.0997139
0.1452747
0.1287953
0.1284799
0.1249995
0.1540107
0.1237758
0.1291418
0.1178768
0.1607254
0.1372009
0.1374048
0.1762396
0.1512151
0.1209893
0.1355251
0.1364962
0.1328874
0.1443062
0.1666558
0.1389004
0.1499342
0.1218415
0.1494086
0.1379085
0.1350039
0.1265551
0.1172241
0.1067015
0.1311127
0.1316046
0.1154938
0.1172004
0.1322124
0.1491272
0.1155811
0.1342442
0.1531284
0.1410066
0.1306418
0.1216026
0.1460606
0.1206393
0.1346889
0.1333986
0.1334502
0.1308805
0.1133594
0.1343342
0.1619161
0.1710825
0.1437685
0.157598
0.2057605
0.1843277
0.177301
0.1779914
0.2142196
0.1848888
0.1874937
0.175201
0.1764439
0.1580971
0.1335148
0.1744747
0.151948
0.1676675
0.1629966
0.1741737
0.1739313
0.1416367
0.1579032
0.1742639
0.1568487
0.1939283
0.1626438
0.1393541
0.175316
0.1871231
0.1370221
0.1420008
0.1747186
0.1801151
0.1904832
0.1980622
0.1770735
0.1764104
0.1686967
0.1662094
0.1759707
0.1585646
0.1666363
0.1468629
0.1887432
0.1735
0.1511655
0.1499334
0.1525718
0.133663
0.1484129
0.1385995
0.1188214
0.1407875
0.1466552
0.150488
0.1639868
0.1527089
0.1389508
0.1490505
0.1676699
0.1485544
0.142972
0.1398371
0.1336208
0.1007889
0.1341963
0.1140132
0.1136911
0.1116838
0.1261894
0.1292853
0.1417648
0.1313969
0.1400452
0.1348038
0.1434589
0.1374149
0.1018289
0.129162
0.1219943
0.1233041
0.1169807
0.1338326
0.1172943
0.1056808
0.1283032
0.113659
0.1150312
0.1124601
0.1176444
0.144812
0.1113539
0.1082573
0.1077324
0.1098887
0.0980724
0.1088364
0.0984472
0.1325677
0.1396102
0.132535
0.1432423
0.1411128
0.1167338
0.1258396
0.1031892
0.0995057
0.0926971
0.101472
0.0975959
0.0875028
0.0997194
0.0896916
0.0941583
0.0894087
0.0955504
0.113993
0.1073354
0.103638
0.1012074
0.1082409
0.1340081
0.1059533
0.1205831
0.1149021
0.1125141
0.1182073
0.117308
0.1192196
0.1279804
0.1298237
0.1170256
0.1166556
0.1670908
0.1410404
0.1653612
0.1237966
0.1074611
0.1044311
0.1230696
0.1327452
0.1199144
0.1095332
0.1270216
0.1342065
0.1442907
0.1302119
0.1148048
0.1412476
0.1352498
0.1120849
0.11153
0.1240185
0.119092
0.1407303
0.1303955
0.1275814
0.1261993
0.1192402
0.1103184
0.1346723
0.1226147
0.128628
0.1538009
0.1458103
0.1373594
0.1155079
0.1089905
0.1067557
0.1240555
0.104351
0.1243193
0.1468819
0.1387763
0.1208081
0.1310749
0.1160176
0.1087487
0.1240838
0.1157205
0.1241646
0.1163415
0.1072574
0.1202055
0.1191354
0.133209
0.110177
0.1329818
0.1256511
0.1339328
0.1117069
0.1314198
0.1359615
0.1261015
0.1521502
0.1478986
0.1573103
0.1525885
0.1525105
0.1389526
0.1724739
0.1358525
0.1530636
0.1837468
0.1607387
0.1571189
0.1488855
0.1390603
0.1063353
0.1562687
0.1671867
0.1213742
0.1232733
0.0967119
0.1108339
0.1322772
0.1088703
0.1193457
0.1138492
0.1541184
0.124621
0.085584
0.114529
0.1258018
0.1048733
0.1057821
0.0990127
0.130758
0.1253362
0.1365449
0.1325268
0.1207872
0.1093809
0.1363423
0.1607219
0.1239775
0.1377958
0.1290665
0.1176472
0.1157103
0.138932
0.1296908
0.1275346
0.1456306
0.1426047
0.120861
0.1208621
0.1320257
0.1394425
0.1203302
0.1529635
0.1249238
0.1310863
0.1318436
0.130605
0.1428499
0.1139453
0.1018535
0.1077839
0.119773
0.1130756
0.1266118
0.158515
0.1151547
0.1317929
0.1151184
0.129015
0.1128388
0.1305188
0.1307796
0.1000096
0.1117849
0.1193698
0.1605892
0.1177258
0.1323287
0.1336582
0.131848
0.1246694
0.1475652
0.1441683
0.134856
0.1580383
0.1046315
0.1362648
0.1411168
0.0929373
0.1023409
0.1039791
0.113854
0.0989594
0.1110284
0.111593
0.1055363
0.1326734
0.1007813
0.126162
0.0990059
0.0896812
0.1159579
0.1188974
0.1162738
0.1102004
0.1010554
0.1221151
0.1105603
0.121876
0.1062574
0.1129493
0.1094334
0.1028022
0.1153531
0.1341019
0.1175337
0.1169429
0.1085701
0.1284187
0.111289
0.1144896
0.1105881
0.1276556
0.1207385
0.1145701
0.1110853
0.1130388
0.1080517
0.0976788
0.1060109
0.1017221
0.1135745
0.1217553
0.127139
0.1060752
0.1078143
0.1094756
0.1157188
0.103488
0.1121315
0.1021269
0.1122457
0.0970349
0.1116702
0.1053708
0.1013497
0.1124259
0.1132219
0.1023033
0.1004998
0.1000653
0.1032025
0.0900227
0.1162219
0.0930526
0.1163209
0.1066305
0.1145659
0.090432
0.0976035
0.1159707
0.0835748
0.1014777
0.0945778
0.1018948
0.1184622
0.0840382
0.0910771
0.0961186
0.1037893
0.1102622
0.105104
0.0998511
0.0882903
0.0961363
0.1087522
0.1003162
0.0996296
0.1109445
0.0915602
0.0958233
0.0914466
0.1022076
0.0981044
0.1189835
0.0990216
0.0995487
0.0994915
0.1168115
0.1023346
0.1108382
0.0995056
0.1144602
0.111808
0.1182425
0.1138783
0.1310778
0.1134091
0.1363591
0.1106203
0.1215978
0.1122187
0.1191824
0.1385335
0.1085721
0.1254649
0.1167788
0.1252974
0.1109878
0.1251607
0.1134235
0.1305126
0.1199899
0.1297816
0.1574244
0.1373714
0.1271053
0.1240019
0.1344555
0.1229943
0.1155495
0.1337938
0.1336118
0.1255273
0.1473471
0.1334052
0.1170926
0.1017282
0.1504313
0.1158284
0.161527
0.124582
0.1322527
0.1411427
0.1153246
0.1232259
0.134245
0.1424093
0.1523131
0.1273212
0.131591
0.1200045
0.1267455
0.1620613
0.1368577
0.1430615
0.1200325
0.1203353
0.1396065
0.1351769
0.1442636
0.1467503
0.111914
0.1154048
0.1267354
0.1295559
0.1283997
0.1223211
0.1245655
0.1106926
0.1045909
0.134041
0.118657
0.1202235
0.1138645
0.1308386
0.1473778
0.120014
0.1464919
0.1284078
0.1328064
0.125685
0.1194309
0.1221624
0.1133406
0.1370884
0.1362069
0.1191641
0.132535
0.1334077
0.1368338
0.1177218
0.1082858
0.1290527
0.1422385
0.1372246
0.1425286
0.1235668
0.152248
0.12302
0.1534148
0.1322583
0.1528526
0.131938
0.141217
0.1252293
0.1326087
