0.2067382
0.1920872
0.1818361
0.1579741
0.1742075
0.1261155
0.1656738
0.1230574
0.1443943
0.1278048
0.1228443
0.1173735
0.1553353
0.1205995
0.1411699
0.1666924
0.1364966
0.1357683
0.1140327
0.1291815
0.1056748
0.1360062
0.1334656
0.1472935
0.1147041
0.1701933
0.1499011
0.1359809
0.1392613
0.097795
0.0996901
0.1697226
0.1396883
0.1308795
0.1291832
0.1247771
0.1902616
0.1439672
0.1665815
0.1371028
0.1616089
0.1799064
0.1353332
0.1454437
0.1370731
0.1599975
0.1971244
0.1972356
0.1481092
0.1211581
0.1196959
0.1310308
0.1497986
0.1345338
0.1104115
0.1571699
0.1538457
0.128625
0.1558164
0.1447946
0.1360707
0.133447
0.1413021
0.1901587
0.132138
0.1573483
0.1392732
0.1542409
0.1892642
0.1972951
0.1862525
0.1565904
0.1620884
0.1487387
0.1980817
0.1699869
0.1600357
0.1426073
0.1798714
0.1649381
0.1751925
0.1819243
0.1693431
0.165295
0.1850809
0.1626705
0.1616427
0.1284596
0.1560327
0.1747915
0.2114767
0.1856139
0.1928488
0.2013511
0.2042315
0.1801371
0.2158141
0.1783281
0.1502462
0.1723941
0.2155917
0.1439426
0.1667881
0.1587316
0.209236
0.2032823
0.124588
0.1470862
0.1646886
0.1811539
0.1775358
0.1650146
0.1479229
0.1453374
0.165501
0.147105
0.1221463
0.1723208
0.1473076
0.1377461
0.1593459
0.1447301
0.1427614
0.1349409
0.135774
0.1673927
0.1234331
0.1485128
0.1482551
0.1533105
0.1833799
0.1327617
0.1571078
0.1447294
0.1169706
0.1522837
0.1601766
0.164065
0.1444669
0.194471
0.210248
0.1356847
0.1256813
0.1388061
0.128911
0.1320935
0.1633018
0.1392339
0.1351353
0.1486587
0.158465
0.1646486
0.1466028
0.1481832
0.139279
0.1604783
0.1217251
0.111101
0.1383768
0.1472171
0.168057
0.1389168
0.1254841
0.1689188
0.1643982
0.126585
0.1678741
0.1399509
0.1642309
0.1501033
0.1479589
0.110556
0.1072162
0.1141196
0.1304074
0.1299699
0.1391986
0.1409923
0.121302
0.1555379
0.1355258
0.1298977
0.1571684
0.120366
0.1822795
0.1727904
0.1501605
0.1406177
0.1337563
0.1375255
0.180614
0.156317
0.1319271
0.1486951
0.1417551
0.1461824
0.1406012
0.1611672
0.1957058
0.133348
0.139854
0.1433443
0.1527995
0.1271714
0.1151541
0.1299164
0.1123052
0.1397873
0.1676928
0.1482443
0.1621759
0.1565646
0.174991
0.1691188
0.1830404
0.1969138
0.1898622
0.1704147
0.1524741
0.135228
0.1350034
0.1521423
0.1358307
0.1346394
0.1365467
0.1598462
0.1710482
0.1506604
0.1326582
0.1500627
0.134892
0.1589273
0.1469911
0.152568
0.136578
0.1437305
0.1231601
0.1026978
0.1456017
0.124068
0.1418498
0.1431391
0.1354509
0.1392291
0.161514
0.1712601
0.1860347
0.1486774
0.1441761
0.2062409
0.1392525
0.1454591
0.1643057
0.1377671
0.1287055
0.1722824
0.1443627
0.1395679
0.2108502
0.1298056
0.1532059
0.1573483
0.146392
0.1434023
0.1712126
0.1684268
0.2248548
0.1463831
0.1835793
0.1462988
0.1863112
0.1497888
0.1574291
0.1520349
0.1676866
0.1904138
0.202765
0.2004336
0.1773684
0.1643421
0.1490857
0.1680304
0.1897248
0.1753461
0.1966488
0.2084393
0.2430537
0.2088333
0.2118584
0.2368782
0.2090045
0.2006421
0.2330227
0.2320031
0.1978971
0.1976555
0.1828098
0.1636648
0.1530911
0.1647975
0.175589
0.1498113
0.1326796
0.1354078
0.1594647
0.1442434
0.1767775
0.1873444
0.172972
0.218602
0.2077474
0.1740557
0.1840585
0.1895954
0.189047
0.1638099
0.1761185
0.1796305
0.1724278
0.2401293
0.2291184
0.2310615
0.2209353
0.2085372
0.2365563
0.1870919
0.228213
0.1828161
0.1724388
0.2019569
0.1730245
0.2054839
0.214978
0.1969018
0.1411081
0.1965343
0.1827981
0.2128675
0.1888955
0.1971221
0.2006388
0.1875219
0.1888524
0.1938451
0.2259129
0.1949391
0.1782033
0.1958198
0.125411
0.1705865
0.1538045
0.1475744
0.1555384
0.166578
0.1364557
0.148776
0.1700035
0.1422792
0.1247749
0.1585394
0.1791989
0.2492138
0.1999564
0.2302651
0.1678241
0.1722932
0.1556037
0.1955376
0.1839458
0.1808759
0.1850394
0.2247224
0.2042125
0.171126
0.194123
0.2091434
0.2589806
0.2115458
0.1986161
0.2299549
0.2064098
0.2131734
0.2178319
0.1986411
0.1897891
0.2523969
0.2079588
0.1730707
0.2187716
0.218828
0.2042469
0.2021426
0.1707098
0.2148354
0.2248687
0.1827356
0.1765247
0.1652274
0.1403977
0.1929176
0.1970529
0.1704419
0.2197712
0.1923492
0.1642282
0.2109243
0.166389
0.1755753
0.1842201
0.1721312
0.1520122
0.1900367
0.1585354
0.1715597
0.1614696
0.1606852
0.1857844
0.1813258
0.1856397
0.2018108
0.1234795
0.1349924
0.1657461
0.1834664
0.1377309
0.1668642
0.1907001
0.1874227
0.1707071
0.1618608
0.167599
0.1782794
0.1972705
0.1827189
0.1611111
0.1798627
0.1863919
0.1909251
0.2061107
0.1772263
0.1717428
0.1575526
0.2067489
0.1406398
0.1536666
0.1743654
0.1714257
0.1920671
0.1686387
0.1812727
0.1721648
0.168059
0.1935756
0.1829512
0.2358723
0.220769
0.17134
0.1887923
0.2317577
0.2059142
0.1919451
0.1971087
0.1517769
0.1862076
0.1794246
0.1506889
0.1685148
0.1412921
0.1740072
0.1927709
0.1868165
0.1717231
0.1559374
0.2094141
0.1774043
0.2417447
0.2512153
0.2017792
0.2038519
0.2092596
0.2186713
0.1950959
0.1787928
0.1747718
0.2048359
0.1901384
0.2116551
0.198865
0.2269757
0.2157915
0.2523064
0.2271032
0.2371007
0.2277505
0.2419277
0.2586958
0.2272626
0.2088449
0.1961809
0.1758981
0.1594108
0.1875908
0.1554304
0.2000358
0.1921063
0.1907552
0.1761756
0.1836175
0.1693362
0.2001535
0.1886306
0.16281
0.1514462
0.1390142
0.1717743
0.1471391
0.1627799
0.1717644
0.1929377
0.1762795
0.1687344
0.1771869
0.1708111
0.1940196
0.1637954
0.1842135
0.1755149
0.1758527
0.1638132
0.1717137
0.1987666
0.1837822
0.2356073
0.1911729
0.2120793
0.190056
0.1980762
0.1810844
0.1810723
0.2106225
0.18476
0.1764101
0.196035
0.1768262
0.1960052
0.1741955
0.2058192
0.1697718
0.1875819
0.1736093
0.1810027
0.1722934
0.2184345
0.1417565
0.1474975
0.1812451
0.1377449
0.1329118
0.1552798
0.1427147
0.1698514
0.1620316
0.1646958
0.1686637
0.1386092
0.1645084
0.1738481
0.152003
0.1533912
0.1693477
0.1566684
0.1375737
0.1420909
0.1843954
0.1563364
0.1652969
0.1622418
0.1584167
0.1534586
0.1684576
0.2071562
0.1993687
0.2033249
0.2001175
0.1946132
0.1904175
0.2075196
0.1744081
0.1877027
0.1755906
0.1986467
0.1794978
0.202079
0.2202639
0.2042457
0.1862916
0.2098179
0.1811895
0.1950658
0.1914499
0.1842241
0.1803963
0.1908882
0.1908177
0.1512644
0.1709474
0.1732169
0.1682366
0.1756155
0.1713106
0.1620194
0.1610629
0.2286679
0.1786437
0.1763605
0.1669773
0.1573812
0.1455163
0.1928454
0.1466104
0.1764829
0.1539712
0.1723386
0.1943454
0.1880054
0.182144
0.2000301
0.1835331
0.2383735
0.1548365
0.2001648
0.1735991
0.1807625
0.1922448
0.1479615
0.1597277
0.1496869
0.1716669
0.1804638
0.1704706
0.1848117
0.1913356
0.1652076
0.1503836
0.1703173
0.1700896
0.157901
0.191978
0.1668893
0.1379451
0.152524
0.177764
0.1498497
0.14795
0.171938
0.1778308
0.196488
0.2179168
0.1987238
0.1799124
0.2085948
0.2106718
0.2144814
0.2175551
0.170871
0.1894044
0.188114
0.202562
0.2068482
0.186888
0.2197878
0.1945927
0.1605723
0.1689095
0.2198835
0.172969
0.1781994
0.1584689
0.2175874
0.2237967
0.2234183
0.1674277
0.2045144
0.1774182
0.1710807
0.1891131
0.189035
0.1524519
0.1962144
0.1821781
0.1685494
0.1720535
0.147945
0.1736992
0.1759027
0.1864965
0.1824502
0.1778384
0.1865581
0.1830892
0.1983902
0.2113393
0.1780094
0.1973874
0.1780819
0.16439
0.1608574
0.1637788
0.1547262
0.1761914
0.1636392
0.1810237
0.1577428
0.1450409
0.1617115
0.1763681
0.1377938
0.1763463
0.1930379
0.1519863
0.1647086
0.1711093
0.1633898
0.1487978
0.152083
0.1689498
0.1657372
0.169268
0.1544642
0.187094
0.1738819
0.1580781
0.1586348
0.1543104
0.1611288
0.1673245
0.1876587
0.1820143
0.1510264
0.1720482
0.1704212
0.1743699
0.1728057
0.2081421
0.1746607
0.1722075
0.172786
0.1684967
0.1607556
0.2035034
0.2205163
0.1661237
0.179655
0.1858037
0.1882079
0.1810279
0.152499
0.1552882
0.1302413
0.1832673
0.1503832
0.1680013
0.1511679
0.166592
0.1731613
0.1787221
0.1815175
0.1419513
0.1800519
0.1652771
0.1876277
0.1808302
0.1562743
0.1544793
0.1590315
0.1612485
0.1476556
0.1778023
0.1462892
0.1732465
0.1470436
0.1503153
0.1549883
0.1571441
0.1607967
0.1600702
0.1738797
0.1498651
0.1777086
0.1631249
0.1594021
0.1649503
0.1727733
0.1188439
0.119176
0.1603575
0.1479304
0.1652271
0.16281
0.1694095
0.1818823
0.1715199
0.1585177
0.1498172
0.1997002
0.1566402
0.1835094
0.1683142
0.1462026
0.1345052
0.1539048
0.1287237
0.1691531
0.1544711
0.1677662
0.1885315
0.1575254
0.1866405
0.1518024
0.1354838
0.1817504
0.1786336
0.1842706
0.1718245
0.1472886
0.1510472
0.2009884
0.212809
0.1582584
0.214311
0.1856784
0.168336
0.187571
0.2131019
0.1786642
0.1662475
0.1485928
0.1821531
0.1676581
0.1885028
0.1788653
0.1487981
0.1854858
0.1653308
0.1304046
0.1544585
0.2009491
0.1698578
0.1431489
0.1618259
0.1796757
0.1780921
0.1913717
0.169525
0.1719413
0.1538762
0.1585743
0.1870663
0.1939742
0.1641758
0.1583471
0.1621795
0.1634611
0.1419892
0.1411349
0.144001
0.1709476
0.1517674
0.1614403
0.1339124
0.1450962
0.1397886
0.1640193
0.1850237
0.1612863
0.1426818
0.1552211
0.1813328
0.1476877
0.1751374
0.1783639
0.157955
0.1849642
0.1583569
0.1553973
0.171981
0.1796266
0.1342538
0.1601899
0.1581019
0.1765976
0.1456175
0.1652714
0.1516115
0.1506382
0.1459032
0.1523129
0.1599356
0.16347
0.1869632
0.1761684
0.1549485
0.1686916
0.1684831
0.1278526
0.1661343
0.17958
0.202245
0.1812409
0.1649674
0.1767973
0.1850946
0.17273
0.1986761
0.1622064
0.1931317
0.1868203
0.1863927
0.2046243
0.2024781
0.2507869
0.2174787
0.2059345
0.1874418
0.1839712
0.2034854
0.2210076
0.2021386
0.1825862
0.1862916
0.2109166
0.2124268
0.1641071
0.2258533
0.193604
0.1803581
0.2080313
0.1898345
0.1788126
0.1625681
0.1859895
0.1982491
0.2163594
0.1695786
0.2008378
0.1934754
0.2168624
0.1999855
0.2257205
0.2143781
0.2034954
0.1666215
0.2015061
0.1940859
0.190276
0.198319
0.1855977
0.1755854
0.1982008
0.1690144
0.1497561
0.2060958
0.203663
0.1666237
0.1999497
0.164913
0.1466561
0.1584895
0.1532801
0.1664721
0.1704059
0.1538402
0.2144674
0.1412724
0.1698137
0.1650488
0.1600175
0.1919518
0.1528121
0.151172
0.1679684
0.1801974
0.1645742
0.1694719
0.1783415
0.1625394
0.1719793
0.1848201
0.1770498
0.2362199
0.2156764
0.2665042
0.2061846
0.2114411
0.204581
0.2112128
0.2250409
0.181328
0.1509771
0.1834078
0.1997073
0.2320208
0.2000869
0.2013359
0.1814008
0.2092498
0.1766006
0.1783765
0.1813066
0.1871673
0.1880658
0.1688917
0.2284499
0.2048566
0.139473
0.1754191
0.123734
0.1512806
0.1961765
0.1523705
0.1954542
0.1773227
0.1762537
0.2023439
0.175707
0.1923628
0.1624199
0.1680314
0.1950165
0.1520505
0.1475907
0.1836503
0.1796282
0.1716045
0.1818711
0.1788708
0.1850487
0.1813291
0.147131
0.1839665
0.1536195
0.1692215
0.1853051
0.2102302
0.2020334
0.2048788
0.1704581
0.1953887
0.1910901
0.1872586
0.1534803
0.1317996
0.1835426
0.1633708
0.1631476
0.1903894
0.1847714
0.186947
0.17613
0.1921868
0.1878321
0.1856745
0.1525894
0.1671378
0.1825848
0.1863011
0.181944
0.1635174
0.1590503
0.133638
0.1419917
0.1537754
0.1595623
0.1648875
0.1814113
0.1519209
0.1605524
0.1662373
0.1893368
0.1804594
0.1757199
0.165883
0.1705742
0.1790997
0.1707346
0.1788115
0.1957573
0.2017623
0.1777911
0.2076094
0.176902
0.1659721
0.1650913
0.1367472
0.1732845
0.1516186
0.1707754
0.1659085
0.1751506
0.1442586
0.1650775
0.1514702
0.1451865
0.1663318
0.142492
0.1445786
0.1536913
0.1781947
0.142463
0.1601534
0.1305374
0.1377155
0.1549399
0.1893403
0.1598546
0.2092859
0.1748387
0.1814629
0.1515131
0.2114982
0.1784998
0.1470353
0.1426103
0.1551727
0.1672033
0.1669157
0.1747765
0.156515
0.1788379
0.1842473
0.1614011
0.1438641
0.1734064
0.1532852
0.1453127
0.1405571
0.1724228
0.1504649
0.1763531
0.1845928
0.1468424
0.1646126
0.1962796
0.1505482
0.1584467
0.1579945
0.1261372
0.162062
0.1472219
0.1581504
0.1608204
0.1551629
0.134885
0.1443633
0.1228943
0.1548613
0.1580185
0.1394941
0.1450145
0.17379
0.1617206
0.1872642
0.1398837
0.1608792
0.16478
0.1585026
0.1396678
0.1414865
0.1652587
0.1674209
0.1632597
0.150831
0.1626328
0.1788025
0.1783453
0.1465347
0.1574805
0.1589679
0.1603079
0.1466392
0.158188
0.1856741
0.1565294
0.1670377
0.1750586
0.1915293
0.1625587
0.1692705
0.1773632
0.1813937
0.1456446
0.1607538
0.155179
0.1257
0.1401264
0.1509794
0.1338077
0.1586145
0.1542127
0.153879
0.146581
0.1143813
0.1598554
0.1159882
0.157139
0.1542718
0.1627924
0.1734406
0.1418575
0.1389667
0.163557
0.1693231
0.1534681
0.1733576
0.1507475
0.1620903
0.1741813
0.162232
0.151032
0.1683684
0.1936897
0.1551199
0.2007287
0.1945711
0.1625704
0.1889219
0.1634564
0.1360675
0.1847019
0.1702053
0.1630652
0.1628911
0.1693781
0.1581528
0.1552697
0.1934206
0.1666329
0.193493
0.1736691
0.2009628
0.1671282
0.1615642
0.1579257
0.1700612
0.161201
0.1926101
0.1551592
0.2028342
0.2084145
0.2120283
0.2033029
0.1773321
0.1982338
0.2044436
0.1836228
0.2107844
0.2151887
0.1621523
0.1993497
0.1808187
0.2156374
0.2099064
0.2113958
0.2255562
0.2257499
0.1948819
0.2111322
0.2005626
0.1816626
0.1970558
0.1856089
0.1832577
0.1810828
0.2292715
0.2273642
0.2261254
0.2421347
0.2185666
0.2278279
0.2182857
0.2543562
0.2188832
0.2162142
0.174308
0.1704475
0.1900373
0.1972556
0.189489
0.1744697
0.1579462
0.1575452
0.1987075
0.1763396
0.1984148
0.2494896
0.1935518
0.2055989
0.164945
0.167993
0.1923041
0.2030815
0.1723295
0.2021013
0.1904745
0.1555159
0.1808058
0.1458693
0.1697564
0.1830832
0.2165296
0.2010505
0.1777476
0.2062403
0.2087994
0.2288792
0.1771259
0.1618867
0.1856398
0.226386
0.2181532
0.2201779
0.19167
0.1865317
0.2212719
0.2071749
0.2185883
0.1988568
0.1763406
0.1897225
0.1821576
0.1722676
0.1978923
0.2030063
0.1488835
0.1543946
0.1762296
0.166771
0.1974881
0.1830714
0.1792056
0.1653181
0.1923703
0.1624538
0.1955743
0.2116139
0.1716838
0.1756431
0.1720729
0.1822001
0.1724283
0.2023376
0.2021048
0.2042763
0.2353398
0.1863933
0.1904647
0.1663754
0.1699366
0.1888179
0.1697006
0.1607664
0.1813695
0.1787947
0.1547668
0.1714689
0.1706524
0.1383657
0.1815682
0.1667587
0.18103
0.1382939
0.1638835
0.2091399
0.2180008
0.1812028
0.1771729
0.1706316
0.1648192
0.1813002
0.1408478
0.1582009
0.1480197
0.1490656
0.1635623
0.1949107
0.1685174
0.2098305
0.1895094
0.2547169
0.2340413
0.1980196
0.2339274
0.1866262
0.2011404
0.2143659
0.1933874
0.2076062
0.1766767
0.1595027
0.1612432
0.1648381
0.1731669
0.1906599
0.2125558
0.1673469
0.2044091
0.1844355
0.2040794
0.1875876
0.1956831
0.1807593
0.1800997
0.1787608
0.1907578
0.175411
0.2304336
0.219019
0.1748392
0.1789046
0.213284
0.2133664
0.2040731
0.1935765
0.1696496
0.1659828
0.1969897
0.247006
0.274265
0.2044564
0.1996753
0.2005758
0.2065326
0.2002826
0.1941713
0.1782552
0.1942822
0.1890169
0.1586163
0.1840618
0.164116
0.1704821
0.1730983
0.1449315
0.1525686
0.1704785
0.1760162
0.2043191
0.1913106
0.17515
0.1398442
0.1832739
0.1825693
0.1375689
0.1356534
0.1782538
0.1776835
0.1361101
0.1523544
0.1541657
0.1492206
0.1519325
0.1495967
0.1695682
0.1412448
0.1618756
0.1286391
0.1436707
0.1242578
0.1436546
0.1271483
0.1397531
0.1431587
0.1521258
0.1544148
0.1561191
0.1516324
0.1626673
0.1565636
0.1381369
0.1497359
0.1573536
0.151639
0.1493832
0.1458844
0.1398988
0.1375583
0.1574205
0.1658237
0.1315664
0.1227869
0.1534954
0.1622197
0.1795885
0.1256321
0.146409
0.1429938
0.1531543
0.1691371
0.1623659
0.226099
0.188234
0.27077
0.2283821
0.2060628
0.1804929
0.1768234
0.1914528
0.1825041
0.1774335
0.1543987
0.2034791
0.1632165
0.1791465
0.1726405
0.1609062
0.1613898
0.1572407
0.1659472
0.1976209
0.1680219
0.1787206
0.1425723
0.1488847
0.189554
0.1899811
0.1711032
0.1760508
0.1752276
0.2054838
0.1678556
0.13913
0.1344531
0.1617954
0.1533242
0.1414187
0.1540991
0.1633246
0.16309
0.1375962
0.1685599
0.1533986
0.1311268
0.1400146
0.1570057
0.135756
0.1554674
0.1389544
0.1600456
0.180357
0.1693173
0.154311
0.1398914
0.1557248
0.1608378
0.1421029
0.1772328
0.1565136
0.1548128
0.1619309
0.1750769
0.1451067
0.1481348
0.1509596
0.1381962
0.2016166
0.1903543
0.1659015
0.1536841
0.1300291
0.1247581
0.1393509
0.1936295
0.1786741
0.1643169
0.13093
0.1441824
0.1477095
0.1265368
0.1326311
0.148874
0.129539
0.1465796
0.1258382
0.1700023
0.1335455
0.1332823
0.1435995
0.147136
0.1145248
0.138069
0.1387078
0.1391428
0.1237774
0.1725471
0.1633271
0.1349879
0.172459
0.1607587
0.1311772
0.1486719
0.1650097
0.1949002
0.1562556
0.1798912
0.1731182
0.142095
0.1528158
0.1510707
0.1423977
0.1763252
0.1822488
0.1511893
0.1818772
0.1828743
0.1410633
0.166349
0.1437286
0.1479589
0.1524463
0.1691134
0.1672549
0.1547218
0.1501091
0.1471717
0.1439561
0.1388118
0.1699796
0.1306326
0.1455721
0.1657461
0.1674748
0.1202668
0.1780137
0.157952
0.148536
0.169523
0.1675894
0.1300769
0.1678459
0.123326
0.1513148
0.1521132
0.148737
0.1648426
0.1718182
0.1488138
0.1684202
0.1526647
0.1520753
0.1516678
0.1733283
0.1528772
0.1719512
0.1418236
0.1718649
0.1664518
0.1220144
0.1502151
0.135473
0.1718711
0.1478672
0.142594
0.1385808
0.1522612
0.1482524
0.1784063
0.1632965
0.1874168
0.2023011
0.1739464
0.1687547
0.1800216
0.1597053
0.1867038
0.1750148
0.1950352
0.2189904
0.152273
0.1861511
0.1828613
0.1787816
0.1620432
0.1483397
0.1862038
0.1782516
0.1847334
0.1985102
0.2032927
0.1921053
0.1571595
0.1743982
0.184475
0.1869865
0.1682336
0.1645165
0.1614403
0.1651078
0.1844683
0.1537813
0.1819877
0.1777499
0.1887477
0.1688638
0.174299
0.2011425
0.1844499
0.1749185
0.1710338
0.190206
0.2217488
0.1756494
0.1573901
0.1487226
0.1579668
0.1676915
0.1688854
0.1775306
0.1929324
0.1692573
0.1699381
0.2048034
0.2261412
0.2076457
0.1812221
0.2031324
0.1967279
0.1992525
0.1733676
0.1747276
0.1852876
0.1748299
0.2103779
0.1937122
0.180485
0.1734116
0.151946
0.1695133
0.1553977
0.1822874
0.2032358
0.1461349
0.1688351
0.1753011
0.1563833
0.1774495
0.1751306
0.1790291
0.1863832
0.1509672
0.1536776
0.16805
0.1724395
0.1814559
0.1610768
0.1634707
0.1955392
0.1808174
0.1621616
0.1542481
0.1750114
0.1656487
0.2063361
0.1377276
0.2005977
0.1573374
0.170599
0.1415656
0.1677521
0.1795233
0.1673327
0.1517968
0.1640184
0.1484088
0.1827172
0.1581675
0.1634622
0.161331
0.1943402
0.1708445
0.1707968
0.1864019
0.2002518
0.1861411
0.1873614
0.1644008
0.1692655
0.1738445
0.1478461
0.1601419
0.1709595
0.1575797
0.1488171
0.1485624
0.1809406
0.1653692
0.1847783
0.1566209
0.1577921
0.1727466
0.1530674
0.1456098
0.1665919
0.169019
0.16745
0.1699371
0.2088048
0.1611504
0.1885521
0.2021973
0.1914032
0.1988697
0.1727313
0.2198652
0.2253293
0.2394851
0.2208781
0.217617
0.2314257
0.1890374
0.1713467
0.200785
0.1818997
0.1683832
0.1728855
0.2029023
0.1851343
0.1975261
0.1744435
0.1565337
0.1853177
0.1759283
0.1931266
0.1957641
0.1953136
0.1975338
0.1829731
0.1858915
0.2057418
0.1790937
0.1762609
0.1701026
0.1664252
0.1552156
0.1466297
0.1585622
0.1676465
0.1937467
0.1457222
0.1354279
0.132925
0.1408697
0.1605364
0.1624959
0.1570968
0.1595689
0.1454783
0.1699173
0.1320889
0.1377884
0.1562354
0.1474202
0.1531152
0.1551003
0.1680616
0.1715383
0.1182658
0.1227344
0.16238
0.1537722
0.1274908
0.1427266
0.1454463
0.1467161
0.1770902
0.1525567
0.1104676
0.122683
0.1377442
0.1552553
0.1545809
0.1615949
0.159572
0.1582821
0.1432003
0.1627102
0.1394885
0.1507902
0.1831438
0.1541217
0.1207865
0.141829
0.1562562
0.1361567
0.1358086
0.1653289
0.1228507
0.1412965
0.1255075
0.1143782
0.1415747
0.1656778
0.1702712
0.1532899
0.1593534
0.15574
0.1741772
0.1316656
0.1329424
0.1466803
0.1389982
0.1551233
0.1390714
0.1647513
0.1434417
0.1978984
0.1431514
0.1472335
0.1461535
0.1526118
0.1393948
0.1460843
0.1402446
0.1459138
0.1471261
0.1415997
0.1531013
0.1269087
0.1548493
0.1615487
0.1600163
0.1606825
0.1336206
0.1373627
0.1180023
0.1214556
0.1344366
0.1462688
0.1264821
0.161404
0.1387389
0.0960865
0.1445257
0.1449661
0.1363268
0.110651
0.1250264
0.1099084
0.1320368
0.1335391
0.1344577
0.1685605
0.1613148
0.1572244
0.1585555
0.1642059
0.1715779
0.1418649
0.1502185
0.1399577
0.1606817
0.1387161
0.1505391
0.1476564
0.1481066
0.1529154
0.1577822
0.1309778
0.1512939
0.1470046
0.1302457
0.1639447
0.1488936
0.1205094
0.1605424
0.1359328
0.1568434
0.1366748
0.1665651
0.1366549
0.1343658
0.1778651
0.167308
0.1620944
0.1587369
0.1410357
0.1586026
0.1672228
0.1705794
0.1566217
0.1457018
0.1708407
0.1757315
0.1708867
0.2207533
0.1709638
0.1965277
0.2095979
0.207321
0.238462
0.1735027
0.1884489
0.1909121
0.1737701
0.1698017
0.1725078
0.1996479
0.1964582
0.2275512
0.2177778
0.2262337
0.2124266
0.2213154
0.1786115
0.1816247
0.2280878
0.1969733
0.1657119
0.1741621
0.1429059
0.1427209
0.1551177
0.146297
0.1050585
0.1231301
0.1480759
0.1365023
0.1121489
0.1127109
0.1263624
0.1238615
0.1534395
0.1391688
0.1531849
0.1597795
0.1375071
0.1661666
0.1638796
0.1560818
0.1536889
0.1614695
0.1397807
0.1382264
0.1558793
0.1689597
0.1656049
0.1350708
0.1568477
0.159682
0.1760591
0.1642392
0.1650951
0.1897554
0.1726046
0.1839775
0.1589812
0.1631912
0.1646184
0.1756245
0.160163
0.1543772
0.1574907
0.1720876
0.1596746
0.2027412
0.1972064
0.1790866
0.1686168
0.1880151
0.1781068
0.1665634
0.1334243
0.2027034
0.1776253
0.1704171
0.1617603
0.1856618
0.2044827
0.2133002
0.171415
0.1833837
0.1908786
0.1413967
0.1703546
0.1787775
0.1654321
0.1661217
0.1708549
0.1719323
0.2015417
0.1996813
0.2309491
0.214756
0.223089
0.1888639
0.1738508
0.1811215
0.1633517
0.1227248
0.142265
0.1442915
0.1448473
0.1579369
0.1368322
0.1288025
0.1423198
0.1563497
0.136469
0.1378232
0.1443456
0.1453896
0.1446656
0.1560118
0.1639884
0.1427543
0.1620623
0.1530248
0.1363799
0.1268737
0.1828321
0.150862
0.1758338
0.1679371
0.1515856
0.1448787
0.1504011
0.1474401
0.1654804
0.1745257
0.1545453
0.1319244
0.1661133
0.1544816
0.1574989
0.1409769
0.1417727
0.1359881
0.1640065
0.1455
0.1594287
0.1829963
0.1991614
0.159816
0.1706309
0.164209
0.1690464
0.1791526
0.1844104
0.1871817
0.1711455
0.1521496
0.1667545
0.1568344
0.1498296
0.1454509
0.149051
0.1360164
0.1358838
0.1069417
0.1377383
0.1323317
0.1488172
0.1805706
0.1243879
0.1480342
0.16016
0.1588097
0.1647642
0.1737104
0.1252549
0.1706533
0.1997348
0.1556143
0.1432309
0.1485679
0.1504935
0.1785108
0.143987
0.1389292
0.1416525
0.1547138
0.153948
0.1735791
0.2109597
0.2563297
0.2233566
0.1908915
0.1839944
0.1508017
0.1813166
0.1554025
0.1946616
0.1833097
0.1899363
0.1808642
0.1985999
0.2282689
0.175651
0.217274
0.1769603
0.1856594
0.1958888
0.1418612
0.1803415
0.1673154
0.1730807
0.1474334
0.166985
0.1633319
0.1719658
0.2004373
0.1784993
0.1689365
0.1746277
0.173651
0.166214
0.176748
0.177182
0.1797997
0.1523113
0.1620063
0.1533526
0.1451812
0.1325445
0.1431009
0.1390369
0.1398236
0.1423738
0.1516746
0.1749397
0.1388039
0.166596
0.1730575
0.1674365
0.1094206
0.152445
0.1610614
0.1668942
0.1665106
0.1731188
0.1562776
0.1415848
0.1592182
0.1501658
0.1688291
0.1483753
0.1662893
0.1384796
0.1285367
0.1351769
0.1459641
0.1603335
0.1590775
0.1467302
0.1784169
0.1396746
0.1559397
0.1628507
0.1605216
0.2268291
0.1816354
0.2073158
0.207094
0.2130958
0.1806784
0.1568317
0.2012204
0.18671
0.1485308
0.1744539
0.1714271
0.1705086
0.1552322
0.1736156
0.1748107
0.1778045
0.1619193
0.1842943
0.1628551
0.1675258
0.1632637
0.1594091
0.2204368
0.1986946
0.22475
0.2212949
0.2282216
0.2607225
0.2552002
0.2271319
0.194427
0.1812987
0.1873832
0.2259499
0.1884703
0.1848094
0.1715356
0.1875218
0.2199368
0.2084413
0.2411315
0.239012
0.2585098
0.2205534
0.2710854
0.215141
0.2837554
0.2064413
0.2272297
0.1896644
0.1800914
0.1891919
0.196318
0.1804412
0.1846571
0.2288649
0.2408505
0.2320745
0.2344809
0.2323947
0.1987147
0.1715886
0.166326
0.1735843
0.1643321
0.2047518
0.1840159
0.1975833
0.2277369
0.2097043
0.2116987
0.1774574
0.1822106
0.2260988
0.1963758
0.2168406
0.2130123
0.2188798
0.1913686
0.1809225
0.1480591
0.2359446
0.2462786
0.2196172
0.1639688
0.2046429
0.1898023
0.1902864
0.18404
0.2186935
0.2429695
0.226641
0.2026525
0.2146321
0.1901527
0.1973219
0.2007098
0.1642005
0.1546822
0.1804987
0.1816026
0.1672384
0.2311551
0.2388858
0.1985536
0.203302
0.2120676
0.2534249
0.225146
0.2308163
0.2498404
0.2529736
0.1994006
0.2211663
0.1987256
0.2031541
0.2292829
0.2609887
0.2143111
0.2139407
0.1961326
0.1996429
0.1869198
0.1823852
0.2033453
0.1861271
0.1391497
0.180093
0.1744315
0.1534485
0.1580298
0.1767376
0.211443
0.1646663
0.2273071
0.2056026
0.1959336
0.2004378
0.1718978
0.2046488
0.1710488
0.2167937
0.2222204
0.2141913
0.1952545
0.1928566
0.1915452
0.2442468
0.21963
0.182839
0.2166496
0.244676
0.2292054
0.1994107
0.2398154
0.2287297
0.2336889
0.2433985
0.2440594
0.2262824
0.1994938
0.1639101
0.2127345
0.2050765
0.1950937
0.2275894
0.199864
0.2176456
0.1447092
0.2054988
0.1725856
0.1923869
0.193213
0.1887728
0.1561867
0.187766
0.2228502
0.1600469
0.1556186
0.1781709
0.1894621
0.2353336
0.2038606
0.1877266
0.1755634
0.1900757
0.2559381
0.236778
0.2177231
0.2060604
0.1998142
0.2002605
0.2246487
0.1676783
0.1870854
0.1764177
0.179518
0.1732608
0.1644722
0.1506339
0.1727973
0.1594852
0.1808767
0.1846893
0.1839016
0.2046158
0.2053837
0.1863289
0.1829098
0.152384
0.1471252
0.1619291
0.130879
0.1358026
0.1319398
0.1292326
0.124256
0.1661612
0.1648565
0.169111
0.1665008
0.1825091
0.1603182
0.1466181
0.1793689
0.1433346
0.1529524
0.1864041
0.1673757
0.1543448
0.1729181
0.1760859
0.171226
0.1733618
0.1942129
0.1639994
0.1679756
0.1570474
0.1636836
0.1644064
0.1444024
0.17384
0.1672007
0.1556285
0.158747
0.130625
0.1656165
0.170878
0.1564167
0.1601667
0.192287
0.1443102
0.1363409
0.1943155
0.1341231
0.140145
0.1382899
0.1451893
0.1289225
0.1453614
0.1180547
0.1417526
0.1265042
0.1537792
0.1657656
0.1519417
0.1461555
0.1719207
0.1628441
0.2098064
0.1661917
0.1738086
0.1553722
0.1750234
0.1721431
0.1793649
0.1903782
0.1960144
0.1976652
0.1910828
0.1505771
0.2113156
0.2253972
0.2266259
0.1839678
0.1782441
0.1663704
0.1710167
0.1809497
0.1417064
0.2157848
0.189113
0.2140478
0.1859853
0.182439
0.1864187
0.1898268
0.1760712
0.1485887
0.2151309
0.198115
0.1703185
0.1780072
0.185203
0.1756222
0.1819254
0.1664112
0.170067
0.1849931
0.186283
0.1998483
0.2050151
0.2029789
0.1972287
0.2011696
0.1667062
0.1415803
0.1556904
0.1735142
0.1718452
0.2120432
0.1778312
0.1731083
0.1664913
0.1556623
0.1709304
0.175857
0.1669911
0.1859663
0.1568878
0.1485784
0.1509691
0.1963646
0.1779048
0.1732301
0.1828438
0.1806455
0.2147026
0.1783657
0.214161
0.2083129
0.1963416
0.195958
0.2001968
0.1914049
0.2147402
0.1808986
0.1836842
0.2270454
0.1928369
0.2450968
0.2253991
0.167781
0.2014185
0.1848687
0.1735
0.1247477
0.1365707
0.1971349
0.1383137
0.193757
0.1432473
0.1404146
0.1906161
0.1828931
0.1672633
0.1583805
0.1937252
0.1911247
0.1661468
0.1626929
0.1847578
0.1775848
0.1814376
0.1874268
0.1852537
0.2045158
0.2160683
0.2028363
0.1823019
0.1852223
0.2186942
0.245168
0.2224651
0.1984133
0.187563
0.2071479
0.1969079
0.1767282
0.1660913
0.1723622
0.1811118
0.2064829
0.1566609
0.1707807
0.1736101
0.1801779
0.1645919
0.2116982
0.1718197
0.1744726
0.1622918
0.1425147
0.1668395
0.1431671
0.1436934
0.1448146
0.1409683
0.147657
0.1658172
0.167437
0.1787958
0.1860287
0.1855343
0.1519765
0.1641476
0.1738227
0.1674417
0.1488311
0.153547
0.168105
0.1863601
0.1383774
0.1819704
0.2015212
0.1991384
0.1613895
0.180016
0.1796649
0.1861764
0.204063
0.1502561
0.2004703
0.2086651
0.1874049
0.1798918
0.1715153
0.1747462
0.1690255
0.1799843
0.1700146
0.1825847
0.1881516
0.1775224
0.1603503
0.1927085
0.1804487
0.1759044
0.1717624
0.1689751
0.146622
0.1673173
0.2045839
0.1685405
0.1875298
0.1868967
0.1645026
0.1728116
0.1866996
0.1639634
0.1983427
0.1761268
0.1658282
0.1419348
0.1602864
0.1375039
0.1242843
0.1600807
0.1850868
0.1401857
0.142998
0.1523134
0.1483425
0.1527298
0.1540447
0.1548997
0.138845
0.1622242
0.1533457
0.1809791
0.1672287
0.1578228
0.1660498
0.1691282
0.1435347
0.1533472
0.1528691
0.1496482
0.1327158
0.1497651
0.1955902
0.2008233
0.1818372
0.1858633
0.161158
0.1859511
0.1653512
0.1627487
0.151805
0.1928551
0.1617804
0.1996537
0.1700571
0.1846801
0.1552871
0.1536391
0.175177
0.1347141
0.1796149
0.1620354
0.1642993
0.1555345
0.1577102
0.1626503
0.1650357
0.1573475
0.1723875
0.1733498
0.1562518
0.1504673
0.1625763
0.1463216
0.1409825
0.1646711
0.1511221
0.1447716
0.160269
0.127654
0.1363763
0.1536994
0.1955436
0.1474966
0.1578215
0.1551725
0.1732052
0.1441991
0.1718118
0.1667514
0.1587549
0.1659856
0.1621786
0.1888244
0.1965914
0.191251
0.2098785
0.1629615
0.1771478
0.1764219
0.1824718
0.1769783
0.1700888
0.1828772
0.2064244
0.2069394
0.1811764
0.1906674
0.1524524
0.1976041
0.1657765
0.1837354
0.2096491
0.2094031
0.1617215
0.1934763
0.1798135
0.1781161
0.1696576
0.1741695
0.149589
0.1566358
0.1670038
0.1697279
0.1620557
0.1392625
0.2110038
0.156442
0.2083989
0.2068505
0.1620204
0.1810138
0.1538806
0.1786049
0.1848415
0.1889036
0.2310962
0.1720039
0.1949721
0.174429
0.1966148
0.194884
0.1771351
0.1827225
0.155261
0.1657972
0.1732501
0.1830205
0.180337
0.1821592
0.1407877
0.1760485
0.1526634
0.1538914
0.1526579
0.1408276
0.1386312
0.1569318
0.1660174
0.1419399
0.1788123
0.1914393
0.135543
0.1837148
0.176625
0.2040239
0.1708736
0.1698212
0.1859148
0.1790252
0.1667317
0.1505236
0.1478034
0.1568135
0.1717206
0.1412428
0.1610745
0.1453871
0.1676337
0.1656166
0.1448356
0.1496883
0.1720356
0.1625493
0.168108
0.1815117
0.157905
0.1804584
0.179116
0.1541972
0.1787926
0.1457679
0.1732311
0.1484246
0.2005858
