0.3024092
0.3220401
0.3010448
0.335291
0.3486304
0.3693677
0.3455254
0.3677083
0.3684811
0.3235818
0.2971072
0.3326742
0.3482942
0.3274702
0.3366163
0.3402572
0.3384793
0.3455546
0.3078939
0.3209536
0.3040112
0.3030895
0.2975115
0.3083839
0.3126739
0.2984846
0.3085277
0.3729
0.3533628
0.3125786
0.320869
0.3448707
0.2933653
0.3199448
0.3170487
0.2995101
0.2894858
0.2864471
0.3324069
0.2930458
0.2653869
0.3169729
0.3410338
0.3240898
0.30538
0.3194933
0.297529
0.2981141
0.3506476
0.2937717
0.2512642
0.2880668
0.301404
0.3310767
0.343379
0.3571292
0.3257136
0.3205726
0.3343533
0.3418789
0.4249071
0.3468779
0.3304128
0.3481916
0.3346961
0.2956773
0.3575709
0.3973237
0.3155371
0.3042069
0.3271111
0.3158668
0.3437041
0.351449
0.3378839
0.3201508
0.3499516
0.3167773
0.34351
0.3542294
0.3410325
0.3389301
0.3069569
0.3543895
0.3343256
0.3162228
0.2920326
0.3006574
0.2815573
0.3291743
0.3328648
0.2941578
0.3348019
0.3163484
0.2796036
0.2995008
0.3066055
0.3123134
0.3412468
0.346271
0.3437442
0.3084576
0.3450372
0.3820852
0.345071
0.3552438
0.3050935
0.317124
0.3052919
0.340704
0.3107814
0.3038045
0.3386257
0.327051
0.2893814
0.3529564
0.3164632
0.2918357
0.307784
0.3099127
0.3408117
0.347354
0.300234
0.3071172
0.3119694
0.3463926
0.3594837
0.3382243
0.3126426
0.3541712
0.3447238
0.265816
0.2910371
0.3139643
0.3206379
0.3277547
0.3616388
0.3332757
0.318929
0.3037099
0.3307284
0.3029495
0.3087804
0.3299394
0.281756
0.389692
0.3374535
0.3504466
0.3286361
0.3180635
0.3357037
0.3006934
0.3152722
0.3357129
0.3572616
0.3491232
0.3602003
0.3573186
0.3566988
0.3600546
0.3506475
0.3152067
0.3870769
0.3720398
0.351333
0.3817492
0.4090765
0.3751557
0.3377985
0.3710268
0.3426265
0.3646157
0.3652977
0.3972392
0.3971021
0.3385883
0.3388118
0.3175894
0.3271739
0.3275418
0.3382788
0.3460661
0.338101
0.3299336
0.3593293
0.3351944
0.3659737
0.3129832
0.3245922
0.3946111
0.3667222
0.3610056
0.3099844
0.3093944
0.3422328
0.367734
0.3508353
0.3640366
0.3710042
0.3489412
0.3540498
0.3693608
0.3635258
0.4061085
0.3691024
0.3637458
0.348026
0.3643684
0.3614454
0.3722505
0.3624186
0.3223891
0.2955645
0.2938766
0.3057514
0.3095236
0.2985767
0.3267633
0.3262917
0.3224705
0.3512346
0.2994726
0.3599281
0.3415852
0.2888682
0.3329127
0.3292507
0.3037493
0.2943364
0.2974795
0.2987362
0.3612344
0.3716735
0.3341084
0.351114
0.356652
0.3470886
0.3447062
0.3162362
0.2831785
0.3120976
0.3642069
0.321804
0.3188099
0.3492175
0.2986305
0.3040575
0.2670751
0.2651629
0.2794078
0.2890123
0.3030269
0.285851
0.3118265
0.3275953
0.300206
0.3036693
0.2905653
0.2883503
0.3294674
0.331053
0.2997279
0.3262537
0.3346744
0.3455154
0.3724537
0.355594
0.3395156
0.3389933
0.3583785
0.3500721
0.3458967
0.3274155
0.312508
0.3513576
0.3308079
0.3233075
0.3358424
0.3065257
0.3132468
0.3318661
0.2869769
0.2971481
0.2779078
0.2926293
0.2746955
0.2824381
0.28854
0.2980987
0.287677
0.3207881
0.3035281
0.2859406
0.282523
0.2870187
0.3145777
0.2532766
0.2462937
0.3249851
0.2988601
0.2736687
0.2494401
0.2813674
0.2946089
0.3019474
0.2798701
0.3264517
0.3098604
0.3295868
0.3359492
0.3043438
0.3277814
0.2675934
0.277823
0.3210193
0.3466181
0.3145214
0.3228526
0.3237419
0.3106233
0.282388
0.3216549
0.3006004
0.307667
0.2689201
0.2860735
0.2912934
0.2641085
0.28927
0.3066837
0.3104974
0.3047873
0.2870883
0.2818922
0.3197615
0.2902881
0.3136313
0.3054133
0.2782914
0.2625246
0.2840308
0.3138228
0.311077
0.2797677
0.2691702
0.2895967
0.2901405
0.2977316
0.2659203
0.2781512
0.2930755
0.2787842
0.3066981
0.2493232
0.2902817
0.2970157
0.2715244
0.3107055
0.3139266
0.2718842
0.299695
0.2930283
0.2818109
0.276201
0.2800063
0.305313
0.2752319
0.2899694
0.3145782
0.2914336
0.2599205
0.3290672
0.3272613
0.3183139
0.3208006
0.2980495
0.3154879
0.297587
0.3396483
0.3715114
0.3633379
0.3205486
0.3506471
0.3595748
0.3050967
0.3413425
0.3366248
0.3521084
0.3346258
0.3459761
0.3824254
0.3674559
0.3699622
0.3767572
0.2798089
0.3759996
0.330965
0.3567053
0.311543
0.3203731
0.3047116
0.3052933
0.3357108
0.3308821
0.2863555
0.3057353
0.3912875
0.3594182
0.314635
0.3404388
0.3627997
0.330781
0.3229494
0.3415475
0.3399889
0.3502772
0.3804875
0.3512912
0.3444608
0.3497651
0.3411706
0.3622669
0.314382
0.324084
0.359502
0.3578887
0.3512475
0.3351171
0.3560949
0.3087993
0.3548329
0.3550236
0.3506451
0.3340255
0.3636222
0.3466293
0.3139623
0.3289461
0.3304377
0.3299552
0.3381237
0.3385743
0.3346086
0.2968568
0.3372464
0.3299094
0.3252641
0.3355578
0.3348813
0.3185374
0.3127097
0.303847
0.3299016
0.3080835
0.3353562
0.3268462
0.3203628
0.3161291
0.3360576
0.3048627
0.321534
0.3254793
0.3469048
0.3443273
0.3754695
0.34071
0.2858499
0.3191915
0.2989971
0.3073382
0.3131342
0.3234181
0.328374
0.3122275
0.3117361
0.3128924
0.3376454
0.2711729
0.2895024
0.2877106
0.3165654
0.3193695
0.2855839
0.2997846
0.3428417
0.2814049
0.3162481
0.3512315
0.3324476
0.3254412
0.3377953
0.3584363
0.3811848
0.3299682
0.3857107
0.4116783
0.3874961
0.4068464
0.376338
0.359699
0.360059
0.3576741
0.3785243
0.4133798
0.3431903
0.3668239
0.3529636
0.3845382
0.3032698
0.4186349
0.4102348
0.2921481
0.3910255
0.3546434
0.367993
0.369388
0.3131755
0.3535729
0.3735369
0.3597486
0.3695393
0.3747812
0.3763342
0.3754434
0.3517215
0.3448005
0.4208297
0.3415695
0.3899442
0.3635403
0.4512024
0.3704147
0.3154975
0.338577
0.3351579
0.345552
0.2904834
0.3321958
0.267706
0.3054961
0.284883
0.333251
0.3468283
0.3023977
0.2960707
0.3163899
0.3509006
0.3200027
0.3324162
0.3558416
0.3421368
0.2954012
0.3045387
0.348573
0.3199854
0.3274867
0.3219939
0.3089537
0.3057269
0.306406
0.323947
0.3119514
0.3081391
0.2997384
0.3048307
0.3087051
0.3858828
0.2997783
0.3421794
0.3242706
0.3783633
0.3042499
0.325604
0.3840415
0.3569448
0.3082718
0.3253436
0.3437279
0.298498
0.3677411
0.3269724
0.2734201
0.2544511
0.2207051
0.2648369
0.3337231
0.3351413
0.3260745
0.3050084
0.2629917
0.2920381
0.2622918
0.2852349
0.3014178
0.3340453
0.2878607
0.2908592
0.2575743
0.3182755
0.2797352
0.3046127
0.2878022
0.2958754
0.2879598
0.2913006
0.2576837
0.2677495
0.2757469
0.2614617
0.261923
0.2966565
0.302335
0.2580426
0.2741955
0.2783683
0.2612554
0.2682018
0.27812
0.2876575
0.2444692
0.278759
0.2447098
0.3121101
0.2942879
0.2904465
0.2723777
0.2620108
0.252679
0.2867414
0.291823
0.3384048
0.29893
0.2364437
0.2819659
0.2450192
0.2646078
0.2542416
0.2539651
0.2446142
0.3132763
0.3066152
0.2755643
0.2557706
0.3052157
0.3051617
0.301463
0.2852561
0.3482619
0.3638839
0.4090548
0.3712209
0.350634
0.3430507
0.3505531
0.3441328
0.2941722
0.3250196
0.3218257
0.3212951
0.3320999
0.3130415
0.3331356
0.3576373
0.3346976
0.301217
0.2791896
0.2954984
0.2998515
0.2673319
0.3178498
0.3125011
0.2996416
0.2574954
0.2757922
0.2418125
0.3161312
0.2794258
0.2829144
0.3174525
0.2834464
0.3090624
0.2539776
0.2633802
0.3039877
0.2753554
0.2449706
0.2274251
0.3306563
0.3367
0.3304346
0.3215691
0.2850971
0.2670426
0.3073717
0.2695312
0.2212625
0.2256391
0.2334518
0.2419687
0.2319817
0.2401643
0.2197806
0.2278726
0.2279594
0.2248558
0.2477357
0.2271939
0.2486883
0.2568411
0.247471
0.2678753
0.2251768
0.2550313
0.272846
0.2182296
0.2497324
0.2311848
0.2475361
0.238416
0.2881934
0.2221538
0.2355959
0.2599788
0.2192355
0.2758294
0.2237161
0.2594668
0.2417333
0.2762913
0.2500763
0.2744049
0.2642349
0.2771466
0.2216595
0.2163059
0.2013383
0.2071888
0.1981558
0.223112
0.2131878
0.1757249
0.1770979
0.2314327
0.2559077
0.2494408
0.2517373
0.2055974
0.2878534
0.2283412
0.2215864
0.2733547
0.2631947
0.2475326
0.2006524
0.2047928
0.1951303
0.2043169
0.2392671
0.1874337
0.1762396
0.2046614
0.1963375
0.1932234
0.2348912
0.1875358
0.1976971
0.2079745
0.2023546
0.1939892
0.2566294
0.2304709
0.203677
0.1714176
0.1984866
0.2260184
0.1599627
0.1941935
0.1862439
0.2005427
0.1962819
0.2031432
0.2276394
0.2207317
0.210116
0.2062028
0.2227205
0.2101328
0.2019646
0.2055883
0.1964851
0.2017068
0.1749146
0.2107768
0.1671492
0.1965418
0.1741963
0.219415
0.2245307
0.2061128
0.1887312
0.2065472
0.2021644
0.2091426
0.2047434
0.1888435
0.2178577
0.1875396
0.2591231
0.226371
0.2004189
0.2069415
0.2105362
0.2201968
0.1878905
0.2172408
0.2226053
0.2193759
0.2530681
0.2187038
0.2191647
0.2420667
0.2070843
0.2243299
0.215271
0.1978983
0.2441797
0.2446193
0.2427305
0.2055067
0.191161
0.2698034
0.2480553
0.2534205
0.23005
0.1953513
0.2185279
0.2066276
0.215305
0.2156923
0.2355095
0.2204872
0.2129437
0.216476
0.203872
0.1991059
0.1917102
0.2001954
0.2331569
0.2301124
0.2139592
0.1955999
0.2171081
0.2248082
0.2283526
0.1824788
0.2235874
0.1894174
0.2228829
0.1843652
0.2133274
0.2145759
0.2165807
0.216907
0.2734128
0.1874035
0.1931099
0.242002
0.2479999
0.250941
0.1903662
0.228621
0.1941466
0.2237201
0.2309899
0.2385942
0.2091412
0.2163789
0.2273989
0.1737587
0.1864912
0.2144077
0.2344037
0.1955736
0.2189832
0.1695834
0.1950681
0.1942776
0.2237891
0.2334896
0.2090457
0.2300325
0.2036601
0.2157412
0.2055776
0.2196339
0.2056198
0.2104188
0.1910261
0.2067753
0.2031776
0.2134287
0.2095615
0.1989981
0.2237313
0.2073527
0.2149097
0.2129931
0.208246
0.2348542
0.2091763
0.2112005
0.1968063
0.1968634
0.2149557
0.2066667
0.2158855
0.1640481
0.2121737
0.2053036
0.2148055
0.2126917
0.2075474
0.2151781
0.204821
0.2163076
0.1909117
0.2504572
0.2083469
0.1959449
0.2509514
0.2071952
0.2245525
0.1962008
0.22555
0.2274097
0.2254283
0.1993396
0.2004809
0.226485
0.2189027
0.2487366
0.229096
0.2128894
0.2196121
0.2308249
0.2168665
0.2070545
0.1978778
0.2001304
0.1933362
0.2212108
0.210855
0.2013992
0.1949249
0.227108
0.2408008
0.2088774
0.233715
0.2371279
0.2321335
0.2265284
0.2017432
0.2073579
0.2393932
0.2065912
0.2233454
0.2120811
0.2219675
0.2178775
0.196682
0.2151267
0.1808268
0.2023079
0.2246318
0.2055545
0.2175841
0.2091303
0.1932625
0.2043269
0.2154576
0.1955425
0.2024023
0.2101853
0.2043171
0.208812
0.2094681
0.1944187
0.2560955
0.2124021
0.226931
0.2471803
0.2222878
0.2377544
0.2179061
0.213694
0.1995922
0.2031489
0.2171437
0.193213
0.1844896
0.1984297
0.1859673
0.173527
0.1925524
0.1819243
0.1833908
0.1873565
0.1913311
0.1557049
0.2264094
0.200075
0.2002255
0.1977445
0.2161362
0.1861605
0.1884982
0.1713284
0.1924034
0.1981496
0.2103348
0.1968176
0.2157446
0.2017012
0.2104109
0.2310463
0.2189805
0.2203901
0.2034297
0.2127165
0.2068862
0.2072012
0.2171375
0.212818
0.2008248
0.1998158
0.226753
0.1930066
0.2087564
0.2168459
0.2330157
0.2240638
0.2377707
0.2084211
0.1782245
0.2210582
0.2255164
0.2251652
0.2244485
0.1998787
0.2398417
0.2280039
0.2320166
0.2056335
0.2263349
0.2121927
0.1796763
0.2042147
0.2053388
0.2070605
0.1823233
0.2161842
0.2134977
0.2257783
0.20385
0.1994961
0.1968645
0.2192989
0.1981504
0.1928964
0.199033
0.1849586
0.2206844
0.176085
0.1911585
0.1924901
0.2375004
0.2422903
0.2046668
0.1768733
0.1710448
0.1610643
0.1923687
0.1961715
0.2096306
0.2220825
0.2095277
0.2097269
0.2235195
0.2262445
0.1874752
0.2163893
0.2108424
0.1992266
0.2370235
0.2012745
0.2146209
0.2085851
0.1906601
0.2785425
0.2935616
0.2612252
0.2782936
0.2501414
0.2371499
0.2429218
0.2291374
0.2188111
0.2544347
0.2660427
0.25074
0.2089198
0.2490475
0.2524739
0.2492465
0.243823
0.2149573
0.2117822
0.2637084
0.2481893
0.2422902
0.2395751
0.2566698
0.2470167
0.2471754
0.265352
0.2795191
0.2804005
0.2659315
0.3055936
0.2865945
0.3110924
0.3014721
0.2932404
0.2959838
0.2743712
0.2412595
0.2645026
0.2648996
0.2780745
0.2408806
0.2755664
0.297422
0.3025092
0.2827525
0.2606959
0.2725942
0.29009
0.2636501
0.2995397
0.2663671
0.2498028
0.2348914
0.244871
0.2459679
0.2754448
0.2529804
0.2411763
0.2545276
0.2647869
0.2805308
0.2661699
0.3035657
0.2547566
0.24388
0.2546403
0.247962
0.2997561
0.3031864
0.264047
0.2441469
0.2849624
0.2523727
0.2454418
0.2855804
0.2786695
0.2845193
0.2492872
0.3372275
0.3135014
0.3822689
0.3191635
0.3289763
0.3505801
0.3571975
0.3834539
0.3226913
0.3862419
0.3821381
0.3717229
0.3741526
0.3380865
0.3856899
0.312405
0.2623205
0.2985035
0.2709157
0.2673011
0.2996095
0.3284172
0.3223135
0.3215772
0.3083346
0.3003328
0.3484745
0.3027544
0.3807818
0.3149866
0.3060369
0.2909433
0.2606457
0.2847603
0.3165326
0.3062277
0.2589292
0.292347
0.3048328
0.3161361
0.3260153
0.3097926
0.2847844
0.332552
0.3305116
0.3200731
0.30978
0.2735404
0.3117506
0.2817766
0.2690069
0.2927629
0.3070251
0.3106602
0.326262
0.2796035
0.2763958
0.3196657
0.2726016
0.2638035
0.2769993
0.3604869
0.2400951
0.318442
0.3322447
0.2888776
0.3557837
0.3149351
0.2942609
0.2376021
0.3093677
0.2692291
0.2172196
0.2858527
0.3039731
0.2699269
0.270394
0.2726036
0.3064117
0.3403363
0.3393987
0.3188118
0.344158
0.3374431
0.2824515
0.3087115
0.3208728
0.3110255
0.2957133
0.2823628
0.2978141
0.3416504
0.3264689
0.3117205
0.313543
0.3141232
0.3415866
0.3199261
0.333586
0.2905017
0.3048836
0.3060638
0.3021399
0.2678123
0.3072106
0.3323203
0.2891613
0.2963823
0.3163843
0.3247349
0.265395
0.2797093
0.2920041
0.2967598
0.2857322
0.3085615
0.305219
0.2779619
0.3192651
0.2892292
0.2624354
0.2780904
0.2726872
0.2737017
0.2794514
0.3127207
0.2734754
0.2690952
0.2569547
0.2458706
0.2842309
0.2673281
0.2718354
0.2781265
0.2560707
0.2342359
0.2250703
0.2605464
0.2017038
0.239862
0.2455731
0.2359698
0.2114303
0.2455812
0.2024143
0.2048353
0.2184158
0.2296019
0.2306637
0.2449634
0.2528763
0.2526385
0.2455764
0.2352477
0.2755516
0.2363994
0.2089411
0.2544396
0.2286698
0.2000387
0.2518917
0.2089158
0.211601
0.2259158
0.2657035
0.2314493
0.3046509
0.292028
0.2758148
0.2732712
0.2650685
0.2793572
0.2700874
0.2391051
0.2711552
0.2401611
0.2685129
0.2105244
0.2040652
0.2734371
0.234227
0.2614242
0.2635803
0.2800568
0.2512889
0.2845084
0.2652744
0.236624
0.2474114
0.2966414
0.2502978
0.2939464
0.2374358
0.2533949
0.2208434
0.2440104
0.216801
0.2335503
0.2576998
0.2268527
0.2876199
0.2770454
0.2833823
0.2835391
0.2441634
0.2388501
0.262103
0.2253935
0.2467462
0.2424947
0.2458879
0.2476941
0.2330624
0.2442817
0.2256909
0.2274266
0.2379942
0.2469722
0.2238646
0.2706069
0.2483607
0.2420484
0.2351209
0.2507492
0.272831
0.2231489
0.2427747
0.2614269
0.2397273
0.276879
0.2401309
0.2488716
0.2322913
0.2487627
0.237325
0.2499029
0.2373709
0.2335673
0.2374269
0.2092816
0.2211599
0.2433022
0.214415
0.2376688
0.1846772
0.2257918
0.2388791
0.2340238
0.1946895
0.1930955
0.2318022
0.2481235
0.2291118
0.2673996
0.2151904
0.2001003
0.2044689
0.2145677
0.2362444
0.2424908
0.1993513
0.2334235
0.2073084
0.2332193
0.2119503
0.2545824
0.2360031
0.217731
0.2360803
0.215892
0.2322794
0.2569921
0.211609
0.2489807
0.212269
0.2109078
0.2135734
0.2120176
0.2267796
0.21937
0.2322758
0.1996941
0.2058486
0.2085757
0.2344126
0.2191792
0.22694
0.2415238
0.261553
0.2855233
0.2442127
0.247578
0.2315638
0.2653408
0.2210151
0.22334
0.2290947
0.233458
0.2331583
0.2466403
0.2460884
0.2288239
0.2252561
0.2622451
0.2536539
0.2310354
0.2249279
0.2224561
0.2129704
0.2218289
0.2195628
0.2148204
0.2236049
0.2068827
0.2098497
0.2107163
0.2065883
0.2330486
0.2353008
0.2331247
0.229442
0.223705
0.2272396
0.2175733
0.2326234
0.2159049
0.2172865
0.2341997
0.2234167
0.2297684
0.2218485
0.2351616
0.2265818
0.22198
0.23379
0.2252172
0.2507539
0.2398141
0.2358404
0.2116763
0.1999435
0.255864
0.2034848
0.2491473
0.2395876
0.2301681
0.2262624
0.2321077
0.2457233
0.2113419
0.2412211
0.2461683
0.2180933
0.2062643
0.2277719
0.2218197
0.2230174
0.2392578
0.2262943
0.2322265
0.2315185
0.2282261
0.2337575
0.2354946
0.2251257
0.217083
0.2017411
0.1994905
0.2484021
0.2545965
0.2283458
0.2279354
0.2435292
0.2388281
0.2480026
0.2330446
0.2384305
0.2252863
0.2345903
0.2410142
0.2264141
0.2342231
0.2438199
0.2422623
0.2414025
0.2354755
0.196657
0.2200705
0.2333938
0.2303116
0.2377328
0.2334985
0.2392817
0.2218208
0.2305467
0.1837803
0.2299077
0.2342851
0.2468935
0.2515754
0.2081848
0.2229513
0.2349055
0.2282081
0.2367006
0.2077492
0.2069032
0.2194015
0.2391329
0.2412423
0.2506809
0.2447453
0.2123743
0.2158069
0.2003568
0.1989736
0.2442816
0.2571535
0.2382274
0.2329834
0.2543775
0.1875949
0.1734439
0.1952004
0.2203697
0.2715441
0.2160408
0.2036149
0.2133978
0.220018
0.2313046
0.207299
0.2438377
0.2457121
0.2095844
0.1912352
0.190116
0.2516624
0.2447594
0.3121002
0.2583262
0.2707288
0.2556117
0.2560499
0.2468445
0.2382671
0.2801642
0.2736159
0.2332006
0.2529649
0.2601355
0.2638277
0.2390133
0.272094
0.3017301
0.2728646
0.2448579
0.2926869
0.2764091
0.2678429
0.245878
0.2435682
0.2767186
0.2859612
0.2672741
0.2669587
0.2790135
0.2790032
0.2979641
0.2648002
0.2642036
0.2873201
0.2564109
0.262412
0.2582773
0.2791682
0.2792541
0.2825187
0.2577643
0.2516398
0.3318847
0.305132
0.3133659
0.2849925
0.3330041
0.282672
0.2849176
0.3454133
0.3140266
0.3029383
0.3243034
0.3703659
0.304381
0.3062382
0.3025196
0.3075719
0.2953311
0.2764141
0.2886547
0.2663301
0.3106546
0.3161454
0.2973377
0.2766691
0.2593858
0.3013299
0.3107135
0.3538466
0.3348972
0.3251813
0.3438643
0.311294
0.296567
0.279055
0.3016337
0.3022383
0.2806833
0.2532231
0.2578245
0.2775149
0.2774009
0.282436
0.2940874
0.3069873
0.3323205
0.3209589
0.2813585
0.2672484
0.2797484
0.2243055
0.2732116
0.2503836
0.2547607
0.2668431
0.2821753
0.2581191
0.2788787
0.3034731
0.2882665
0.2961891
0.2942033
0.3021277
0.288457
0.2779804
0.2800065
0.2842835
0.2735569
0.3025939
0.3183025
0.2896471
0.2785671
0.2603218
0.2550625
0.2438228
0.2688423
0.2766801
0.2639611
0.2746461
0.3041889
0.2549872
0.3090577
0.3301515
0.2966407
0.2647626
0.2935274
0.2869331
0.3114571
0.3117262
0.3070724
0.317645
0.2943294
0.279209
0.3031578
0.3282654
0.341141
0.3326315
0.3214701
0.317831
0.3353556
0.3427637
0.3026702
0.3519782
0.2887762
0.3129728
0.2795349
0.293424
0.3606293
0.3195289
0.3156138
0.2874793
0.2761431
0.3115235
0.2753327
0.2735774
0.3140927
0.3041362
0.3284392
0.3270289
0.3250483
0.291003
0.3139446
0.3622908
0.3233251
0.2949816
0.32337
0.3089495
0.2871554
0.2930984
0.3100682
0.27548
0.3212245
0.3431675
0.329401
0.2925852
0.3066636
0.3269903
0.3151016
0.3265851
0.2836818
0.3220195
0.2993392
0.2688528
0.3235709
0.2914178
0.2851292
0.2849158
0.2585457
0.2624182
0.2904107
0.246201
0.2736427
0.244501
0.3033829
0.2317884
0.2289075
0.2377902
0.2725177
0.3161655
0.305388
0.2769373
0.2503581
0.2506131
0.2402535
0.2843954
0.3057796
0.2813838
0.2864572
0.2787538
0.3150467
0.3129425
0.3219759
0.2927881
0.3019139
0.3310491
0.3012588
0.2778358
0.3052008
0.3285336
0.289376
0.3054923
0.2768062
0.2745777
0.2871971
0.2864558
0.2877319
0.2753552
0.2852872
0.2899448
0.2784173
0.2763444
0.301854
0.2875862
0.310571
0.2478685
0.3112722
0.2609122
0.294154
0.2634276
0.2548643
0.2723785
0.2636085
0.219752
0.2359362
0.2545648
0.2477257
0.241876
0.260731
0.2360089
0.2389824
0.2192392
0.255421
0.2321455
0.2640153
0.2526184
0.2826944
0.2849503
0.2723954
0.2990295
0.2896711
0.3079111
0.2901939
0.2851294
0.2527663
0.3095697
0.3120441
0.3002954
0.272834
0.2301707
0.2485718
0.2995138
0.2765308
0.3082225
0.2890255
0.3312036
0.3318121
0.3065564
0.3051455
0.2611829
0.2548706
0.2468454
0.2725658
0.2497846
0.2798477
0.2678131
0.280142
0.3063504
0.2802418
0.2833693
0.3108441
0.2604274
0.278477
0.2582096
0.2589804
0.3084767
0.2532656
0.2539452
0.3043545
0.2900002
0.2606855
0.2515279
0.2999387
0.2823391
0.2783657
0.2452151
0.3033094
0.2502951
0.2445643
0.2840559
0.2856944
0.2569871
0.2599063
0.2463819
0.2428899
0.3211475
0.2870934
0.298955
0.2664588
0.2992469
0.2824795
0.2969109
0.2826887
0.2956679
0.2555768
0.2528191
0.2470406
0.2971608
0.2440818
0.23061
0.2646726
0.2381804
0.2540295
0.2606352
0.2533593
0.2381025
0.2948922
0.2508709
0.2333621
0.2541269
0.2387052
0.2435008
0.2642577
0.2809226
0.2538113
0.2321744
0.239076
0.2258674
0.2411535
0.2281438
0.230958
0.260859
0.2218555
0.2207139
0.2494554
0.2673736
0.2608824
0.3049971
0.3301303
0.2450842
0.2535204
0.266072
0.2688914
0.2735191
0.2466474
0.2819117
0.2336696
0.2529305
0.2554201
0.2984937
0.2941745
0.2671034
0.311644
0.3028557
0.295808
0.3171599
0.3136106
0.2816936
0.2779879
0.2638176
0.2811511
0.2632936
0.2745314
0.2881263
0.2724234
0.253538
0.2667338
0.2642344
0.2675451
0.2957821
0.2956144
0.2775221
0.3229801
0.2715301
0.2375918
0.2108194
0.2497168
0.2432083
0.3008993
0.2675607
0.2678916
0.2646762
0.2956052
0.2962072
0.2787745
0.3050828
0.3158599
0.2812905
0.266699
0.3069201
0.315171
0.273065
0.2416225
0.2736422
0.2814338
0.301485
0.2775111
0.2439485
0.2317067
0.2597723
0.2528725
0.245551
0.2451758
0.2283002
0.2390497
0.2770241
0.2410115
0.2547971
0.2214921
0.3040206
0.3053018
0.2730296
0.2926237
0.2763286
0.2461482
0.2392354
0.2250129
0.289903
0.2399205
0.2614701
0.2386252
0.3111947
0.2679132
0.2729059
0.266661
0.2953391
0.3169392
0.3071355
0.3042113
0.2815222
0.293126
0.322883
0.2928358
0.2633541
0.2812058
0.2911929
0.2928156
0.2928747
0.2992952
0.2647063
0.2502109
0.2449265
0.2398953
0.2380391
0.2287124
0.2397139
0.2670304
0.2965613
0.2719618
0.2837169
0.2741835
0.2609966
0.2815365
0.2536466
0.2532263
0.2741423
0.255587
0.3033101
0.2870903
0.2528811
0.2696725
0.3054346
0.2840286
0.3009681
0.3147339
0.296988
0.2830591
0.2661192
0.2902698
0.2677682
0.3011912
0.3033487
0.3274167
0.3070085
0.2818377
0.3368236
0.3348458
0.3163769
0.3271928
0.2705961
0.2806851
0.2829312
0.2722962
0.3263261
0.2806631
0.2716413
0.2401733
0.2659098
0.2849163
0.2949326
0.2851084
0.2462382
0.2510569
0.2193218
0.239627
0.2406995
0.2331905
0.2657267
0.2662632
0.2536244
0.2882916
0.256138
0.2802542
0.2174604
0.2257871
0.2630232
0.2697934
0.2613097
0.277797
0.290529
0.2955798
0.3501339
0.3161736
0.3031673
0.2876647
0.3376267
0.2808322
0.3053734
0.3112431
0.3453489
0.3243266
0.3453395
0.2987314
0.3067936
0.2960161
0.2808698
0.3341886
0.3289286
0.3049471
0.3337468
0.3104991
0.2590776
0.2678237
0.2973202
0.33386
0.2826755
0.2611028
0.2876656
0.2678658
0.3401995
0.3011766
0.2940179
0.3556057
0.2669963
0.2791137
0.2856438
0.2809346
0.3258194
0.3540112
0.3664711
0.3522106
0.3283363
0.297873
0.3616104
0.3002588
0.325489
0.3502149
0.3418458
0.2957512
0.3211905
0.3040786
0.3024597
0.3062415
0.3479029
0.3464238
0.3029549
0.2987559
0.2662208
0.2739397
0.3566407
0.3503075
0.3243172
0.3253251
0.3001181
0.3305945
0.3115712
0.3229433
0.3591804
0.3237669
0.2891246
0.3328389
0.3022012
0.3113028
0.2925429
0.3440946
0.2951345
0.2449164
0.3147877
0.3034562
0.3322895
0.3187359
0.3466354
0.3214329
0.3172974
0.3051504
0.3330842
0.3335827
0.3063376
0.3286393
0.3451175
0.3125151
0.2992391
0.3089432
0.2787438
0.2766058
0.2718023
0.294628
0.2732165
0.261315
0.3477554
0.2321605
0.2567384
0.2833527
0.3047275
0.2581422
0.30188
0.2826552
0.3043156
0.288871
0.2738825
0.2920968
0.2749803
0.3032872
0.2878813
0.2730013
0.3220566
0.2950419
0.3209547
0.2863084
0.2828028
0.3202141
0.3198605
0.2901902
0.3148085
0.2941232
0.3087906
0.3183125
0.2879466
0.3158529
0.3086746
0.2863367
0.2894317
0.2810099
0.2795452
0.2539719
0.2651415
0.2711319
0.2862785
0.2454108
0.2813927
0.2488067
0.2962723
0.2759807
0.2875838
0.2757452
0.2955049
0.3177088
0.2884864
0.2567396
0.2952623
0.3320058
0.3219088
0.3266118
0.2786737
0.3379872
0.3111618
0.2906112
0.2947882
0.2785533
0.2944799
0.2893978
0.3096966
0.3065938
0.3573632
0.3409176
0.3519443
0.2675327
0.3399013
0.2776951
0.2640181
0.3500404
0.2564848
0.2509863
0.2882279
0.2819248
0.2711926
0.2529921
0.2504831
0.2501797
0.288347
0.254418
0.2608174
0.2446297
0.3016891
0.2729011
0.3172202
0.3152639
0.3235535
0.2474371
0.2940395
0.2629201
0.2655821
0.27007
0.2282098
0.260684
0.2496907
0.240638
0.277732
0.2544154
0.2755338
0.265262
0.1918739
0.2363856
0.2778113
0.2880177
0.2820097
0.2686515
0.2748778
0.2788104
0.2733411
0.246996
0.2719703
0.2625775
0.281405
0.2766212
0.2787674
0.294062
0.2695093
0.2598262
0.2770292
0.2668121
0.3123772
0.2682014
0.2675975
0.2731197
0.2672087
0.2860318
0.2336056
0.300105
0.2290946
0.2703054
0.2468089
0.2192453
0.2653697
0.2730282
0.2667256
0.2846976
0.2850163
0.3008352
0.2850339
0.2977587
0.2955631
0.2376545
0.2537284
0.2631818
0.2561643
0.2627061
0.2660728
0.2278087
0.2394839
0.3070369
0.298921
0.2178427
0.2790013
0.2331739
0.2657637
0.2691555
0.2348508
0.2455497
0.2672415
0.2403378
0.2755603
0.2598546
0.2549831
0.2629691
0.2778712
0.2829305
0.2682405
0.2784089
0.2988218
0.2318675
0.290951
0.3062355
0.2777744
0.2763776
0.2762795
0.2403229
0.3183245
0.2856179
0.2805213
0.3168843
0.2885936
0.3230336
0.3173643
0.2800342
0.296225
0.3003283
0.2840048
0.2791394
0.3357475
0.31645
0.3018591
0.2902864
0.2886315
0.3171847
0.2542145
0.2666395
0.2928722
0.2839378
0.2734406
0.2514805
0.2664714
0.3040307
0.2840317
0.2745218
0.2644385
0.2615655
0.275197
0.2860627
0.2939871
0.2679094
0.2574567
0.269468
0.2601888
0.2210745
0.2265719
0.2643908
0.2446434
0.2654265
0.2749417
0.2480448
0.2475851
0.239605
0.2426246
0.2457957
0.2498395
0.2297489
0.2550715
0.2661386
0.2799597
0.2980638
0.2461054
0.2586951
0.2839797
0.2561632
0.2874472
0.2778327
0.2726072
0.2893142
0.2767233
0.2818301
0.3109186
0.28964
0.3242618
0.3073434
0.2844077
0.3225147
0.2933438
0.2989517
0.3109714
0.2900683
0.2943894
0.3181706
0.3113205
0.3414609
0.2932405
0.295045
0.3050106
0.3257031
0.3339644
0.3110766
0.3068024
0.3035726
0.301148
0.2664981
0.2558041
0.2986285
0.3026051
0.2924578
0.3049941
0.3094903
0.3067864
0.3490502
0.3331805
0.3118556
0.3214773
0.3356564
0.3123237
0.3229779
0.3433333
0.3128132
0.3408283
0.291406
0.2866907
0.2955035
0.2883432
0.2986132
0.3208009
0.2480007
0.2544207
0.2577977
0.2803551
0.2760493
0.2949081
0.3039309
0.3160862
0.2901685
0.2980754
0.2949056
0.2844686
0.3046397
0.27842
0.3205771
0.3357779
0.2844296
0.2961666
0.321923
0.2619181
0.2181702
0.2595885
0.2738082
0.2314242
0.2584862
0.2942028
0.2788621
0.2853851
0.2502554
0.3102995
0.2576832
0.2009835
0.2395889
0.2069363
0.2621646
0.2437481
0.2367585
0.2719773
0.2011039
0.2724741
0.262722
0.2659304
0.2740608
0.2831706
0.2644124
0.2560246
0.2733642
0.2754436
0.2531914
0.2642199
0.285606
0.2660189
0.2806112
0.2840497
0.2617423
0.2908463
0.2668202
0.2550388
0.2539446
0.2361644
0.2422195
0.274097
0.311041
0.2886914
0.2780591
0.2966997
0.2735232
0.2871302
0.3134101
0.2750731
0.2589566
0.3160255
0.3000536
0.2556705
0.2836208
0.28794
0.2557866
0.2746636
0.2604349
0.2861969
0.2953029
0.2747262
0.298594
0.3342969
0.3354814
0.2640165
0.315486
0.2913843
0.2909974
0.2767127
0.2947592
0.2997755
0.2632891
0.3013397
0.2594934
0.2805967
0.252145
0.2767866
0.2575783
0.2667408
0.2885435
0.2531147
0.2926926
0.2961253
0.2980549
0.2713523
0.2407926
0.2765144
0.2473923
0.2795685
0.2832015
0.2784736
0.2914154
0.2946685
0.3014085
0.2788013
0.2447996
0.2740884
0.2805798
0.2832053
0.3259698
0.283435
0.2900915
0.3128513
0.3276419
0.3133627
0.2973975
0.2641307
0.3375742
0.3020569
0.2782764
0.2840295
0.3092532
0.3035139
0.2884071
0.2926373
0.3098751
0.300743
0.3111843
0.287455
0.2859659
0.2890511
0.3170221
0.3195121
0.3255817
0.2718652
0.2627215
0.2939424
0.2346982
0.2375453
0.3033094
0.2351746
0.2442702
0.2512807
0.2426306
0.2531216
0.1944964
0.2144319
0.1962583
0.2450929
0.2244034
0.2263979
0.221974
0.2050166
0.2273699
0.220121
0.2262417
0.2188506
0.1828669
0.2202656
0.2167156
0.2025229
0.1976358
0.2648613
0.2112625
0.3264318
0.2000063
0.1848156
0.2220778
0.2134488
0.1935923
0.204051
0.2650861
0.272277
0.2365071
0.2651913
0.2502926
0.2385084
0.2014253
0.267206
0.2352411
0.2353796
0.2124744
0.2088108
0.2511199
0.2443362
0.2290254
0.2174336
0.2464009
0.247467
0.235292
0.2097936
0.2293546
0.2046448
0.2469959
0.2621373
0.2706518
0.2529777
0.2238677
0.2728323
0.2279508
0.2871675
0.2373716
0.1976617
0.1969092
0.2395345
0.239921
0.1977137
0.2514796
0.2559535
0.2576701
0.2426012
0.2678759
0.2960733
0.274363
0.2676329
0.2659117
0.2825003
0.3130097
0.272708
0.278585
0.2918539
0.3039025
0.2800149
0.2309518
0.2524804
0.2712635
0.252016
0.2804438
0.2763154
0.2905308
0.2500752
0.2473044
0.2827924
0.2246026
0.2412533
0.2178608
0.2461427
0.263143
0.2590443
0.2498774
0.2396574
0.2123948
0.233591
0.207011
0.2609345
0.2665969
0.2253459
0.2494712
0.2569373
0.2663991
0.2536757
0.2614165
0.2727567
0.2448615
0.2635028
0.2186753
0.25088
0.2373675
0.2357321
0.2241709
0.1928561
0.2237584
0.1969544
0.1937567
0.2061885
0.2608815
0.2504605
0.2871783
0.241985
0.2194876
0.2387461
0.292861
0.2471342
0.286167
0.2865687
0.2424006
0.2363755
0.2490599
0.2408123
0.2976105
0.2982546
0.2493096
0.2678511
0.2345367
0.2737162
0.2812365
0.2299138
0.2579404
0.2608289
0.2527444
0.1998149
0.2816209
0.2963575
0.2995917
0.3228389
0.2649642
0.2443789
0.3559857
0.292474
0.262987
0.2649455
0.2629408
0.2587771
0.2686526
0.3364339
0.2467957
0.2182485
0.2644791
0.2350679
0.2912628
0.2691053
0.2677728
0.2821182
0.2304028
0.225868
0.3134779
0.2831577
0.2418816
0.3164576
0.2955541
0.3186295
0.2680205
0.2901418
0.2918628
0.3202752
0.2963196
0.3299464
0.3369646
0.3666364
0.3110265
0.2971587
0.337831
0.3212856
0.3117885
0.3321543
0.3494031
0.2969769
0.3168765
0.2820397
0.2861336
0.2960365
0.2790345
0.3215915
0.2753842
0.29489
0.3256984
0.3100927
0.3104656
0.2941365
0.3087375
0.3195779
0.2911703
0.2770783
0.3144889
0.2999831
0.2992287
0.3071766
0.3169911
