0.1605835
0.1317506
0.1370453
0.197431
0.2309673
0.2099414
0.2684568
0.2814541
0.2921374
0.2683792
0.2915714
0.263073
0.2715299
0.288339
0.2745073
0.2874685
0.2878676
0.2560709
0.2600859
0.259593
0.2138998
0.2869007
0.2960105
0.3194001
0.3158965
0.30068
0.3170469
0.2680454
0.3391075
0.2790207
0.2758158
0.2884979
0.2995625
0.2661293
0.2562828
0.2825717
0.3200059
0.307203
0.3403495
0.3043665
0.3173491
0.3106281
0.2888814
0.2255892
0.2448048
0.2835047
0.2753657
0.287855
0.2631784
0.3287803
0.2636757
0.2831885
0.2791073
0.2465723
0.2797808
0.2947754
0.2851302
0.2822402
0.3002368
0.3071228
0.3195393
0.3375843
0.3063216
0.2892482
0.3040432
0.3144456
0.2904015
0.2815841
0.3301861
0.2977237
0.2935943
0.2501685
0.2984565
0.2970645
0.3172578
0.2720781
0.26592
0.287018
0.2924183
0.31895
0.2956323
0.2968129
0.3024911
0.2968996
0.2924623
0.2808125
0.2964614
0.3205732
0.2933497
0.2749651
0.2694754
0.2573705
0.2896086
0.2879089
0.2904926
0.3110068
0.2858634
0.2886118
0.3070453
0.2925344
0.2781319
0.2601335
0.2869944
0.2608349
0.2837636
0.2587379
0.3185955
0.2901169
0.2501347
0.2847185
0.3096422
0.2908607
0.2856086
0.2733223
0.2635428
0.2353214
0.2736249
0.2767847
0.2762631
0.2901057
0.2699167
0.2613235
0.2616038
0.2721574
0.2760075
0.2977783
0.25177
0.2905124
0.3180453
0.2798489
0.2788785
0.2736196
0.2558934
0.2494921
0.2479385
0.286517
0.2161632
0.2322405
0.2690021
0.2508478
0.2633188
0.2659917
0.3045819
0.2344752
0.2644567
0.2615843
0.2574098
0.2820098
0.2752408
0.2660756
0.2840816
0.2801336
0.2674056
0.2909195
0.2900974
0.2766509
0.3005308
0.2779171
0.2666666
0.2767257
0.2377302
0.2826503
0.2878632
0.2523384
0.299602
0.2455514
0.2538405
0.3090612
0.2846529
0.2885655
0.2232199
0.2706559
0.2723272
0.3192108
0.2805581
0.2752987
0.2417283
0.2614578
0.2431316
0.2656907
0.2938218
0.2265886
0.2029161
0.2125994
0.19192
0.2313083
0.2037776
0.2620826
0.251274
0.2483874
0.2943952
0.2561431
0.2366694
0.2786947
0.2896675
0.2828606
0.251611
0.2780945
0.2760437
0.2520495
0.2487599
0.2492617
0.2831246
0.2256723
0.2643974
0.2620226
0.2586547
0.2791609
0.2417274
0.2491236
0.2648737
0.2644306
0.2766162
0.2639016
0.2664493
0.2080723
0.2232489
0.2329515
0.2594004
0.2191575
0.2618361
0.2243727
0.2037798
0.2181912
0.2344175
0.2090219
0.2097149
0.2928453
0.2767739
0.2498356
0.2770698
0.2799235
0.2605837
0.2585719
0.2674167
0.245278
0.2420535
0.2950385
0.2602105
0.2885904
0.2390234
0.2694172
0.2828249
0.2419709
0.2819095
0.2904809
0.2403362
0.1587429
0.1587539
0.1827617
0.1992586
0.2106586
0.229253
0.2051653
0.2494067
0.2351498
0.2335072
0.2295818
0.2301482
0.1596367
0.2106299
0.2264302
0.2078743
0.262439
0.2271826
0.2684673
0.273746
0.2602361
0.282001
0.2591907
0.3498593
0.3387063
0.2683652
0.2964479
0.2857226
0.2913241
0.2390576
0.2513384
0.2689478
0.2566055
0.2824762
0.2849236
0.2794131
0.3042571
0.2762538
0.3004571
0.2757229
0.2568772
0.2709365
0.2348972
0.2630406
0.2466564
0.324573
0.3484611
0.3041732
0.3179901
0.3003454
0.3036158
0.2732453
0.3046107
0.3054625
0.3180639
0.2896799
0.2957742
0.3022668
0.2743991
0.2851253
0.2692401
0.273275
0.2791208
0.2533545
0.2892803
0.321992
0.3158053
0.3106675
0.3404386
0.3582661
0.3736551
0.4763268
0.4365694
0.4194493
0.3739509
0.3839164
0.3673088
0.420753
0.3116652
0.3479459
0.3095889
0.3241763
0.3603172
0.333739
0.3597306
0.3759712
0.3400257
0.2888142
0.2630472
0.2691925
0.2373253
0.2995205
0.2882565
0.2769448
0.2261012
0.19841
0.1933372
0.1547662
0.2468069
0.2293532
0.290463
0.3130938
0.3063193
0.3681479
0.3208788
0.366862
0.2896285
0.2628114
0.3219699
0.3026547
0.2888213
0.2483838
0.2543287
0.2623803
0.2448571
0.260613
0.3465619
0.2809243
0.2761054
0.3227177
0.3082331
0.2714258
0.2955708
0.301498
0.1993537
0.2470346
0.2506531
0.2315048
0.2054874
0.2131619
0.1768329
0.212694
0.2334971
0.1934487
0.2000432
0.2144051
0.2024114
0.2084968
0.2025615
0.1990367
0.1760176
0.1862258
0.2540308
0.2032522
0.2349982
0.1446911
0.1825955
0.2394479
0.2305527
0.2664979
0.22459
0.2848337
0.2146718
0.1839524
0.2224954
0.1852139
0.1852096
0.1779278
0.1199685
0.1022962
0.1601229
0.1729205
0.1570885
0.1840394
0.2073585
0.1775025
0.1204995
0.1868967
0.1949098
0.2047788
0.196968
0.1516918
0.2172532
0.1964224
0.1846071
0.2209285
0.207776
0.1890262
0.2559077
0.2042004
0.2915038
0.2057281
0.2634742
0.25003
0.2642123
0.2509183
0.3002717
0.2710337
0.3024561
0.3074457
0.2922574
0.2429189
0.2496308
0.2339241
0.2399099
0.278084
0.2317579
0.2490969
0.2540104
0.2392705
0.2296724
0.227581
0.2148163
0.2164393
0.2372934
0.2258907
0.2422865
0.2475145
0.2160072
0.2362266
0.2338981
0.2557568
0.2193889
0.2177828
0.2232767
0.2300793
0.3614868
0.2871243
0.3236519
0.2375229
0.3150598
0.2959348
0.2917998
0.3088532
0.2635024
0.2836053
0.3038331
0.2990412
0.2733831
0.3296332
0.2627305
0.2590517
0.2626055
0.2418814
0.2466
0.2766882
0.3252287
0.3430656
0.305252
0.286591
0.2602433
0.2782991
0.2527275
0.2515123
0.2539006
0.3140854
0.3166017
0.298487
0.3193184
0.4129297
0.3536144
0.332263
0.3677762
0.3545322
0.412507
0.3512384
0.412728
0.3679102
0.3784165
0.4029978
0.3497992
0.3658607
0.2823843
0.3006449
0.318841
0.2954498
0.3472929
0.3095571
0.3181773
0.270104
0.2811314
0.341482
0.3630895
0.3142064
0.2908341
0.2881571
0.3138805
0.2798586
0.2692669
0.3320675
0.3304285
0.2649539
0.3189821
0.2759695
0.3231068
0.3421344
0.2526241
0.2096459
0.201571
0.2062335
0.2232779
0.2316361
0.169696
0.2289119
0.1854373
0.1759234
0.1833055
0.1999764
0.1883879
0.203034
0.1815025
0.1844538
0.1818728
0.2122739
0.2708959
0.2413564
0.1991636
0.1577842
0.1791567
0.2003779
0.2220525
0.1977638
0.2068377
0.2424609
0.2708561
0.316666
0.2739523
0.3075562
0.294747
0.3275791
0.3188801
0.28892
0.2719794
0.2453918
0.2600934
0.3000904
0.2993279
0.3427622
0.2963509
0.3488714
0.3037779
0.325247
0.3303664
0.3266969
0.2551764
0.2408337
0.283938
0.2589397
0.2868196
0.3153579
0.3134362
0.292925
0.300527
0.2821312
0.3272649
0.3373607
0.3036566
0.3426109
0.3539728
0.3160169
0.3104607
0.3210407
0.3048942
0.3211052
0.2861372
0.2859061
0.3099225
0.2962689
0.2868833
0.3263249
0.3632565
0.3064012
0.2979082
0.2786753
0.3060239
0.2832552
0.2981409
0.2854723
0.2950155
0.2853881
0.3189404
0.3139995
0.2974549
0.3082779
0.318225
0.3006041
0.2802615
0.2954572
0.338755
0.3302921
0.337289
0.3280926
0.3511948
0.3099635
0.3219661
0.3415124
0.3349272
0.3539765
0.2868876
0.3393218
0.3215832
0.3354125
0.3106087
0.3424326
0.2974185
0.2778714
0.2481321
0.2978874
0.3207408
0.3159505
0.3189087
0.2974085
0.2983442
0.3193646
0.3290664
0.3293324
0.3491204
0.3733836
0.3656037
0.3438961
0.3549096
0.3865056
0.3309537
0.3629592
0.3170379
0.3232947
0.3618113
0.3773353
0.3781385
0.3696043
0.386459
0.3781913
0.3687847
0.3680975
0.3437317
0.340297
0.3441532
0.3703448
0.3346165
0.3432567
0.3823034
0.40257
0.4023106
0.3679864
0.3611231
0.3587126
0.345158
0.4206819
0.3929205
0.3557782
0.3982375
0.3698003
0.420256
0.3773925
0.4233565
0.3716864
0.3958221
0.3561985
0.3412629
0.3003019
0.2451938
0.3028903
0.2392087
0.2716021
0.2997031
0.2817696
0.2985345
0.3274963
0.2846286
0.3094838
0.3069335
0.3170828
0.3243473
0.3273121
0.3832579
0.3274981
0.337377
0.3157983
0.3316619
0.3486961
0.3723031
0.3671041
0.3497192
0.3286816
0.3036305
0.3202414
0.3209085
0.3651766
0.3249338
0.2766221
0.2990351
0.3531392
0.3395004
0.3475807
0.3464027
0.2794971
0.3868255
0.3424162
0.3461354
0.3091888
0.3438619
0.2617084
0.3103986
0.2681836
0.3465083
0.3474087
0.3361809
0.3400996
0.3151623
0.2655535
0.3256904
0.3104832
0.3355969
0.4035953
0.3569175
0.2932153
0.2627015
0.3261592
0.362248
0.3279301
0.3512913
0.3544236
0.3283497
0.3529733
0.3998788
0.4095283
0.3179324
0.3782592
0.3229203
0.3487786
0.2595153
0.3498387
0.3529341
0.3387032
0.2983222
0.3109834
0.3516117
0.3708859
0.3645595
0.3647949
0.3466639
0.3399935
0.3707711
0.3467924
0.3386153
0.3340425
0.3426394
0.3112544
0.3120066
0.3208722
0.3322691
0.3132448
0.3310626
0.3577836
0.3236284
0.3424346
0.3458663
0.4002657
0.3971302
0.3516314
0.3402072
0.3503675
0.3383338
0.3029775
0.360369
0.3079806
0.3732893
0.3389143
0.2876117
0.334217
0.3145703
0.3551774
0.3500675
0.3417833
0.3427095
0.3270542
0.3568731
0.3533588
0.3628926
0.3470747
0.4046413
0.3777358
0.3718798
0.3665652
0.3696596
0.3947209
0.35951
0.3466225
0.3074924
0.3633657
0.3783603
0.3435722
0.3602725
0.3744736
0.3812924
0.3555329
0.3576335
0.3743867
0.3506646
0.3506445
0.3808743
0.3584518
0.3234054
0.3990689
0.3630964
0.3615581
0.3298736
0.3288211
0.3259325
0.3433708
0.3285464
0.3411723
0.3242033
0.3716764
0.3492062
0.343191
0.3527671
0.2971181
0.3449155
0.3631828
0.3408613
0.3510652
0.3210942
0.3786563
0.3376711
0.3238077
0.3478979
0.2908495
0.3474835
0.3621063
0.3352468
0.3934022
0.3472648
0.3107751
0.3024423
0.3060997
0.2984227
0.2688566
0.3144126
0.3429234
0.3706971
0.3257219
0.3627069
0.3709583
0.3115813
0.3169995
0.2630468
0.2850017
0.3189574
0.3088304
0.2690038
0.2856974
0.2906449
0.298345
0.3293546
0.3409046
0.3219753
0.3004868
0.2829387
0.3046466
0.275191
0.3094746
0.3279441
0.3435965
0.3263229
0.3451453
0.3620163
0.3446864
0.3120405
0.3140883
0.3623261
0.3791399
0.3589845
0.3319193
0.338888
0.3536584
0.3808348
0.3222879
0.3347875
0.3330758
0.3112225
0.3074555
0.3639072
0.3554998
0.3216555
0.3519856
0.302404
0.3079487
0.327437
0.3466283
0.3217913
0.318455
0.2807038
0.3013978
0.2978546
0.287745
0.2971012
0.2884137
0.3033794
0.32685
0.2965384
0.3127504
0.3386202
0.3361115
0.3582884
0.294792
0.3060848
0.3294784
0.3047524
0.3401034
0.3130689
0.2778982
0.2750925
0.3095142
0.309486
0.3272653
0.3309852
0.3173612
0.3162277
0.3266082
0.3152467
0.3351425
0.2854825
0.3369917
0.3316062
0.3314996
0.331662
0.3959205
0.3691444
0.3510765
0.3521033
0.32324
0.3712928
0.3353834
0.3785449
0.3115758
0.3352432
0.3513774
0.3404099
0.3695488
0.3524254
0.3318337
0.3035629
0.3241885
0.2888731
0.3309399
0.3395637
0.3365918
0.285577
0.2917297
0.2957344
0.2957926
0.2996888
0.3117267
0.3167956
0.2534986
0.3135467
0.2618291
0.2859564
0.31798
0.2953177
0.2659784
0.2850721
0.2550697
0.2438855
0.2488119
0.3172113
0.2438262
0.2646445
0.2398267
0.2964519
0.2462875
0.3241308
0.2917708
0.2867493
0.273815
0.2662449
0.2872391
0.2529273
0.2740588
0.28039
0.2729537
0.2780711
0.2693975
0.2796488
0.2571554
0.2656392
0.2752635
0.2738414
0.2691084
0.2698097
0.2628553
0.2348918
0.2426112
0.2299428
0.2712617
0.2116605
0.2402662
0.2340664
0.2122176
0.2495685
0.2941673
0.2667954
0.2820697
0.2734521
0.2983947
0.2608293
0.2241464
0.2699703
0.280911
0.293731
0.2703678
0.3061077
0.2723058
0.3015651
0.2689935
0.2954957
0.3213908
0.2776797
0.2814828
0.2926367
0.319196
0.2970706
0.280316
0.3039129
0.2998441
0.2990214
0.2798499
0.2868785
0.2793232
0.2920947
0.2879241
0.3201062
0.2685849
0.3067848
0.2885152
0.2710513
0.2700748
0.2479469
0.2726314
0.2567075
0.2573794
0.2907594
0.224321
0.2572454
0.2761213
0.2720849
0.2691644
0.2767595
0.2720532
0.2592988
0.1924042
0.2522476
0.2011051
0.2403977
0.2417823
0.1949037
0.2425316
0.2175261
0.2093523
0.2362535
0.2241315
0.1934952
0.2170224
0.2557875
0.1543366
0.1954411
0.2104492
0.2801228
0.239396
0.2234055
0.1767277
0.2259136
0.2655717
0.2047524
0.2257377
0.2298888
0.2436107
0.2665772
0.25485
0.2454447
0.209241
0.2508828
0.261293
0.2637499
0.2351854
0.259386
0.274091
0.2546537
0.2341449
0.2657325
0.2373935
0.2390724
0.1724706
0.2148148
0.2309253
0.2207562
0.2475584
0.2544778
0.2469703
0.2210581
0.2028549
0.241757
0.2337143
0.1578323
0.1748253
0.1903865
0.254604
0.2362887
0.2090976
0.2206025
0.2351748
0.2028819
0.2100209
0.2088733
0.2411932
0.2552284
0.2511971
0.2418339
0.2326022
0.2448618
0.2485453
0.28568
0.2648385
0.259065
0.2488073
0.2762347
0.2515784
0.2480905
0.2303514
0.2111363
0.2466687
0.2844703
0.2731561
0.2650694
0.2424413
0.2613727
0.2969146
0.2938389
0.2766976
0.2420627
0.2743807
0.2995548
0.2207133
0.2582801
0.2622763
0.2813671
0.2405361
0.2799976
0.2945407
0.3064498
0.2832248
0.2861757
0.2990509
0.3129479
0.2842664
0.3086631
0.2520331
0.2595938
0.2373813
0.2464405
0.2718516
0.2474273
0.2936127
0.2816384
0.3188913
0.2761163
0.2767235
0.2865404
0.2490063
0.2765431
0.265894
0.3082097
0.2781792
0.280844
0.2711497
0.2755479
0.2702207
0.2490511
0.2661262
0.2963492
0.262869
0.2948055
0.2755202
0.2772515
0.2856487
0.2756724
0.2711551
0.3308987
0.2849494
0.2837897
0.249525
0.2665648
0.2606337
0.2622567
0.2904831
0.2993357
0.2775321
0.2497445
0.2752391
0.2569858
0.2871594
0.2579935
0.2909393
0.2914952
0.2960472
0.2749974
0.3208266
0.2780766
0.2674249
0.246751
0.2737283
0.2659895
0.2667969
0.27826
0.2685171
0.2442006
0.2510781
0.2689834
0.2583417
0.2852584
0.265752
0.2965429
0.2748373
0.3010626
0.2863071
0.2911452
0.2988406
0.2752095
0.2574844
0.2792405
0.2738329
0.2698482
0.2585841
0.2923801
0.3243274
0.2649158
0.2697692
0.2644627
0.2825444
0.2890106
0.2873166
0.2854761
0.3060586
0.3089834
0.2799462
0.2680183
0.2385048
0.2861404
0.2867978
0.2935004
0.2922293
0.2916111
0.2826831
0.2914749
0.2973936
0.2939133
0.293854
0.277393
0.2551552
0.2744159
0.273636
0.2770636
0.3053465
0.3109083
0.2774999
0.2792501
0.2672242
0.2937577
0.3148425
0.3061031
0.2625118
0.2867631
0.2883363
0.2893946
0.3019145
0.3116145
0.2872265
0.2836038
0.2647363
0.2769088
0.2753764
0.2639596
0.2771708
0.2832328
0.2953098
0.2728469
0.261341
0.2428083
0.2737109
0.269004
0.2740825
0.2817288
0.2601872
0.2651919
0.2583165
0.2864551
0.2798814
0.2572015
0.2747657
0.279013
0.2818062
0.2849245
0.3155064
0.2614989
0.2524727
0.2644902
0.2725752
0.2934103
0.2868185
0.2722457
0.2097282
0.2403157
0.2314353
0.2744642
0.2515155
0.276889
0.2776317
0.1764686
0.2155387
0.2032808
0.1957724
0.1841058
0.2274543
0.2504002
0.1849676
0.2438311
0.2331636
0.2153135
0.2072654
0.2461778
0.2110951
0.2212123
0.2601956
0.2289332
0.1957275
0.2127116
0.2365831
0.2226989
0.2041721
0.2310703
0.2924135
0.2444367
0.2186142
0.2453942
0.228192
0.2040187
0.248895
0.2300058
0.2416608
0.251275
0.249003
0.2481275
0.2655686
0.2748061
0.2754659
0.2448337
0.2170195
0.2226679
0.2674035
0.2464687
0.2423739
0.2554534
0.2446621
0.2128042
0.2332724
0.2223346
0.2417476
0.2263125
0.2527542
0.2340832
0.2180983
0.2210295
0.2278489
0.2387257
0.226191
0.2465923
0.2328754
0.2538765
0.2294865
0.2443971
0.2340512
0.2410032
0.2522724
0.2457226
0.2220619
0.219284
0.2385469
0.252424
0.2528678
0.2474432
0.2411649
0.231514
0.2377179
0.267669
0.2514623
0.237989
0.2452113
0.2489299
0.2506378
0.2209086
0.2273189
0.2457385
0.2833775
0.2606199
0.2356813
0.2283742
0.2497363
0.2395418
0.2354419
0.2484243
0.2429049
0.2795705
0.2803804
0.2498412
0.2804233
0.288754
0.2623797
0.2501599
0.2755688
0.2710789
0.3114167
0.2293817
0.2288448
0.2476123
0.2720472
0.238198
0.2386394
0.2670398
0.2243551
0.2271286
0.2463885
0.25927
0.2338237
0.2222431
0.2638023
0.1900733
0.2246401
0.2384428
0.1982079
0.2151309
0.2133373
0.2260777
0.2134515
0.2370392
0.2235942
0.2115294
0.2388936
0.2463851
0.2602834
0.248351
0.2116487
0.1775445
0.1944538
0.219157
0.2186259
0.2016321
0.2341483
0.2249395
0.2394586
0.249187
0.2338122
0.2632362
0.2451736
0.2354751
0.2543861
0.2587026
0.2575441
0.2108399
0.216364
0.2502707
0.2604184
0.2711431
0.2713618
0.2443971
0.2404509
0.1857622
0.1802128
0.1604056
0.2067245
0.1846038
0.1547974
0.228789
0.2243532
0.2178526
0.2698783
0.2496661
0.2090114
0.2225038
0.2296323
0.188526
0.2397772
0.2319626
0.2557861
0.2309995
0.2172607
0.235845
0.2359538
0.2087827
0.2012753
0.1827944
0.1916925
0.1794987
0.1800559
0.2080958
0.176522
0.1932227
0.2002454
0.2292837
0.2643474
0.2461361
0.2255936
0.2186556
0.1932413
0.1757838
0.1924446
0.2035307
0.2056492
0.1794274
0.1856367
0.2059486
0.1939878
0.2012273
0.2591159
0.1899089
0.2609408
0.2348751
0.2669509
0.2620336
0.2663134
0.2310031
0.2396519
0.208443
0.1880318
0.2012214
0.1608154
0.1503564
0.1972264
0.1645259
0.1781525
0.1558281
0.1736293
0.211235
0.2000531
0.1949462
0.1748531
0.187036
0.1999284
0.1914804
0.1838883
0.2063479
0.1879595
0.1854807
0.2060848
0.2151716
0.2643259
0.265118
0.2744492
0.2567209
0.2557087
0.2437766
0.240672
0.2645032
0.2726131
0.2763719
0.2525008
0.2464589
0.2645782
0.2584773
0.2915664
0.290151
0.2400163
0.2316547
0.1702362
0.1912877
0.2157411
0.1667175
0.2882001
0.2891742
0.2665691
0.2311568
0.1969268
0.240305
0.178922
0.2116004
0.2099425
0.2320143
0.2120293
0.1765972
0.2076579
0.1833998
0.1791468
0.2358866
0.1939329
0.1741852
0.2056554
0.226125
0.2295583
0.2387206
0.204013
0.2263899
0.2307003
0.2170674
0.1942598
0.2018183
0.2228225
0.1854331
0.2037899
0.1998112
0.2027673
0.1782787
0.221636
0.173839
0.1802968
0.2026274
0.1891998
0.2303521
0.2107194
0.2348147
0.2391021
0.2823482
0.1798769
0.2494674
0.2361157
0.2583516
0.2565953
0.2203529
0.2349989
0.2594242
0.2354924
0.1933039
0.1793886
0.1859519
0.1811498
0.1937027
0.2192481
0.2146682
0.2144658
0.1987023
0.1864938
0.1436473
0.1521051
0.1709785
0.1580527
0.1674736
0.1708947
0.1897062
0.1826245
0.1731087
0.1683612
0.1549949
0.1499247
0.162061
0.1438577
0.158299
0.1670838
0.1723989
0.1775959
0.138893
0.1781749
0.1726366
0.1758094
0.1586911
0.1705219
0.182931
0.1959423
0.2142082
0.2051494
0.1636546
0.1839845
0.1723241
0.1566733
0.1568732
0.1518224
0.1599073
0.1671696
0.1490594
0.1590213
0.1352075
0.1572706
0.1773136
0.1384072
0.1395502
0.1446221
0.1629286
0.1627413
0.166552
0.1599831
0.1527478
0.1418812
0.1506609
0.12959
0.1282313
0.1447119
0.1549558
0.1536101
0.1418738
0.1358593
0.1392414
0.1263888
0.1405714
0.1407533
0.1570084
0.1341766
0.1430798
0.1328226
0.1451769
0.1509968
0.159276
0.1519236
0.1211152
0.1586202
0.139288
0.1210629
0.127663
0.133989
0.1253407
0.1393235
0.1626516
0.1582221
0.1416988
0.1522688
0.157554
0.149905
0.1139674
0.1475315
0.1472757
0.1398886
0.1273084
0.132106
0.163342
0.1343806
0.1566061
0.1530016
0.1412598
0.1229593
0.1324142
0.1323085
0.1550311
0.1246779
0.1206401
0.1385651
0.1284915
0.1222114
0.1327357
0.1304121
0.1264197
0.1412975
0.1638914
0.1384591
0.1260002
0.1257974
0.1350268
0.1584544
0.1316695
0.1328804
0.159595
0.1401075
0.1237221
0.122502
0.1442979
0.1260408
0.1334958
0.1598229
0.1376078
0.1325804
0.1299365
0.1274239
0.143096
0.1353168
0.1378694
0.1469379
0.1280934
0.1383619
0.1267061
0.1351921
0.1628931
0.1470618
0.1411754
0.1374507
0.1504214
0.1159954
0.1267225
0.121137
0.134971
0.131273
0.1163598
0.1251459
0.1325125
0.1264286
0.1431037
0.122881
0.1202771
0.1276017
0.1182668
0.1294007
0.121026
0.1195236
0.1254339
0.1223944
0.1200547
0.1246387
0.1222672
0.122699
0.1204453
0.1354575
0.129572
0.1219779
0.142292
0.1279523
0.1217421
0.1297204
0.1455103
0.1466849
0.1221896
0.1262985
0.1333227
0.1187609
0.1179413
0.1105118
0.1217431
0.1402978
0.1093189
0.1314692
0.1151827
0.1499557
0.1303877
0.1357655
0.1339907
0.174489
0.128645
0.1305143
0.1546051
0.1420838
0.1806789
0.122016
0.1405346
0.1452058
0.1261661
0.1311226
0.1417849
0.1441745
0.1151636
0.1317712
0.1348641
0.128373
0.1154428
0.1425983
0.1545368
0.1473058
0.145546
0.1580748
0.1297832
0.1334847
0.1304076
0.1562442
0.178465
0.146742
0.1517549
0.1441274
0.1580668
0.1359121
0.1173501
0.1348659
0.1354248
0.1300957
0.147531
0.1226633
0.1379444
0.1375685
0.1443786
0.1253639
0.1249656
0.1065878
0.1064825
0.1101533
0.1225893
0.1252199
0.113891
0.1138116
0.1107564
0.1085308
0.1182249
0.1229876
0.1138417
0.1388427
0.1250588
0.1363205
0.1384222
0.1415713
0.1490502
0.1547295
0.1461779
0.1427801
0.1413653
0.1267192
0.1351193
0.1330553
0.1229064
0.141333
0.1279247
0.1379411
0.156532
0.1280867
0.1337576
0.1374785
0.1320318
0.1323398
0.1196721
0.1089616
0.1266826
0.1362699
0.127584
0.1109889
0.1364986
0.1211351
0.1414918
0.115775
0.1251052
0.1382223
0.1223647
0.1493902
0.1590031
0.1332125
0.1451904
0.1310516
0.1384549
0.1640262
0.1224215
0.1271694
0.1748733
0.1153635
0.1219649
0.1265889
0.1199929
0.1081038
0.1566477
0.1308698
0.1423777
0.1619835
0.1375366
0.1442497
0.1272436
0.1453246
0.118705
0.1313789
0.1106614
0.1248482
0.1317814
0.1334135
0.1235758
0.1177228
0.1391009
0.1272435
0.1530992
0.1396049
0.1340633
0.1069183
0.1345864
0.1577777
0.1699983
0.1887987
0.1696229
0.1460465
0.1412108
0.1665186
0.1550048
0.1555665
0.184974
0.2055935
0.1772159
0.1684002
0.180776
0.1698957
0.1718172
0.1716172
0.1644452
0.1835251
0.1877315
0.1762606
0.1908347
0.1800886
0.1539596
0.1670153
0.1619299
0.1674203
0.1621353
0.1556933
0.1601638
0.1582216
0.1759986
0.174165
0.1777476
0.1659115
0.1866723
0.1699823
0.1682501
0.1857498
0.1619703
0.1688508
0.1821736
0.1538991
0.1658078
0.1573748
0.1787302
0.1677871
0.1753697
0.1719887
0.154732
0.1743949
0.1589718
0.1823305
0.2032779
0.1839694
0.2060433
0.1660998
0.1594178
0.1760087
0.1401571
0.1705064
0.1818561
0.1774745
0.1904454
0.1767556
0.1758201
0.1774108
0.1642882
0.1633598
0.1858895
0.171265
0.1600962
0.1725997
0.168797
0.1593545
0.1686403
0.1964674
0.2080247
0.1926094
0.2089948
0.1988873
0.2062484
0.1801161
0.1818279
0.2021058
0.1844953
0.1784594
0.1751886
0.1786533
0.1821305
0.1841247
0.17482
0.1578454
0.1885608
0.1621052
0.1717106
0.1741884
0.1581973
0.171935
0.1748613
0.1639719
0.1841341
0.1840386
0.1668311
0.2121388
0.1581997
0.1836313
0.21391
0.1866674
0.1548143
0.1739246
0.1705254
0.1825337
0.2040187
0.1883207
0.202012
0.1872371
0.1917295
0.1739245
0.1614453
0.1609291
0.1618902
0.1785058
0.1736949
0.1683334
0.2016288
0.1832469
0.1963935
0.2020821
0.2035007
0.2028055
0.1952467
0.2026754
0.1786322
0.174992
0.195157
0.1910562
0.178272
0.1708007
0.1637936
0.1744697
0.1840777
0.1794198
0.1765133
0.1764528
0.1859142
0.1762526
0.1650249
0.1649805
0.1923056
0.1782556
0.2122259
0.2079241
0.1766421
0.1677949
0.1808491
0.1741724
0.2086243
0.1804267
0.1705432
0.1805713
0.1583245
0.1825699
0.1614844
0.1647484
0.1504403
0.1645018
0.1475188
0.1579361
0.1611091
0.1703617
0.1502557
0.1681195
0.1827793
0.1659839
0.1651895
0.1926204
0.1560836
0.1545141
0.1668315
0.1631288
0.1695836
0.1781926
0.17424
0.1714814
0.1694279
0.1487439
0.1559575
0.1509527
0.1522411
0.1627339
0.1506903
0.1566399
0.1483548
0.1622057
0.1657566
0.1639414
0.1547306
0.1604663
0.1471461
0.1293895
0.1399761
0.1392587
0.1279314
0.131273
0.1528157
0.1234582
0.1503877
0.1542049
0.1436235
0.1358981
0.1461785
0.1209653
0.1440608
0.1566989
0.1433822
0.1482257
0.1324733
0.1346684
0.1312695
0.1261365
0.1304745
0.1399746
0.1395259
0.1537745
0.1796387
0.1585805
0.1380074
0.136876
0.1579598
0.1406275
0.1535005
0.1269395
0.1408965
0.1309678
0.1470048
0.134013
0.1371396
0.1371931
0.1374385
0.1377305
0.1429338
0.1645145
0.1564315
0.1333988
0.1460848
0.1418144
0.140773
0.1551319
0.1402114
0.1507743
0.1349119
0.1378862
0.1365384
0.1247964
0.1435115
0.147569
0.1588452
0.1634107
0.1362715
0.1374251
0.1479159
0.1444936
0.1427064
0.1441239
0.1513891
0.1523674
0.159686
0.1527044
0.1638184
0.1559233
0.1611039
0.1669726
0.168255
0.1681636
0.153502
0.1497881
0.1479848
0.1452071
0.1521122
0.1500775
0.1473475
0.1577789
0.1705144
0.1514972
0.1552332
0.1387068
0.1388333
0.1551649
0.1596799
0.1650718
0.1932778
0.150721
0.1506615
0.1739456
0.1442935
0.1662578
0.1613064
0.1630258
0.1887405
0.169837
0.1727504
0.1727655
0.1577689
0.1602308
0.1770611
0.1642381
0.1647918
0.1531136
0.169748
0.1839056
0.1374399
0.1468508
0.1793804
0.1662057
0.1865311
0.1642339
0.1492566
0.1740552
0.1869517
0.1790642
0.1488305
0.1463769
0.1372039
0.1443268
0.1183679
0.1564163
0.1542928
0.1762352
0.1768535
0.1841897
0.143729
0.1367266
0.1617442
0.1568938
0.1676125
0.1954474
0.2003794
0.1732374
0.1832064
0.1797676
0.1774598
0.1954962
0.2078732
0.21425
0.1649176
0.1798995
0.1976741
0.1912812
0.1859762
0.2388736
0.2127348
0.1874067
0.1746411
0.2077377
0.1734094
0.187993
0.1749515
0.1899626
0.1680727
0.1773106
0.1579468
0.1783534
0.1815808
0.1979598
0.175254
0.1738543
0.1763873
0.1929737
0.1649915
0.1729869
0.1764905
0.1611669
0.1759108
0.1952643
0.1750609
0.1906521
0.1517184
0.1743122
0.1558191
0.1620436
0.152912
0.1614019
0.1879888
0.1655979
0.1545311
0.1659241
0.162314
0.1840143
0.1893658
0.1432976
0.1431931
0.1495
0.1585331
0.1501951
0.1832349
0.1739509
0.178582
0.1685673
0.1679441
0.1716026
0.1682433
0.1716117
0.1738968
0.1661013
0.1474206
0.1531457
0.1716357
0.1317286
0.1477317
0.1584094
0.1654472
0.1476144
0.1567021
0.1540895
0.167615
0.1672679
0.1806511
0.1825368
0.1687536
0.1512971
0.1546318
0.1671712
0.15528
0.1620151
0.1533454
0.137314
0.1642494
0.1710242
0.1474409
0.1710211
0.1769841
0.1729638
0.190572
0.1647269
0.1990404
0.1741145
0.1514404
0.1493307
0.161575
0.1782132
0.1693023
0.1664215
0.1751328
0.1774503
0.1706847
0.1614013
0.1632694
0.1698802
0.147147
0.1634922
0.135796
0.1517339
0.1619593
0.1645209
0.1754976
0.1525949
0.1835158
0.1510018
0.1798547
0.1740246
0.1604051
0.1400992
0.1533705
0.1497847
0.1512561
0.169955
0.162188
0.1567906
0.1626384
0.1791436
0.1701737
0.1979716
0.1598177
0.1667114
0.1550715
0.1631809
0.1622713
0.1595816
0.1707274
0.1665006
0.1520757
0.1434679
0.1508222
0.1687228
0.1585561
0.1457435
0.1498208
0.1649263
0.1794705
0.1396388
0.1684726
0.1605776
0.173874
0.1615788
0.1544571
0.1700194
0.1763298
0.15642
0.154228
0.1658672
0.1461162
0.147673
0.1556381
0.1627715
0.1583626
0.150166
0.1540596
0.1597782
0.1790813
0.1418723
0.1343178
0.1439124
0.1618684
0.1682787
0.1720455
0.1694835
0.1692481
0.1584876
0.1657038
0.1550455
0.1558345
0.1662672
0.1621325
0.1607652
0.1555745
0.1491477
0.1644932
0.1377589
0.1324898
0.1343991
0.158357
0.1583673
0.1631301
0.1860905
0.1564766
0.1870735
0.1727895
0.1866085
0.164261
0.1549768
0.1894312
0.1762043
0.1791578
0.1541839
0.1655481
0.1524892
0.163534
0.1711536
0.165734
0.1568105
0.1694272
0.1470828
0.194237
0.2044586
0.1939907
0.1943273
0.1927266
0.1971807
0.1871829
0.1948838
0.1874417
0.1957845
0.183597
0.1735203
0.1943085
0.1848085
0.2022006
0.1848518
0.1874221
0.2001891
0.2038581
0.173956
0.201439
0.2002044
0.201078
0.1943372
0.1999916
0.1833233
0.2049346
0.1944552
0.1908954
0.220363
0.2092784
0.1836592
0.1823731
0.1886935
0.1782577
0.1787618
0.1576426
0.1826139
0.1791434
0.1748212
0.1874191
0.1911361
0.1829808
0.171487
0.1787128
0.2075418
0.2111173
0.1880846
0.2404114
0.224894
0.2374527
0.1739422
0.2213983
0.1936672
0.2030892
0.2413464
0.2161365
0.207733
0.2268961
0.1814095
0.1762143
0.2132178
0.1987204
0.1897114
0.2041209
0.1961999
0.1981317
0.1968504
0.1876436
0.1946303
0.1929276
0.1978335
0.1948656
0.1839053
0.1721652
0.1962863
0.2007352
0.1780122
0.1952492
0.1939554
0.1729035
0.1779629
0.1991713
0.2096494
0.1692801
0.147825
0.1361164
0.166144
0.1965375
0.2079533
0.1987997
0.1768925
0.160899
0.1581096
0.1852253
0.1742292
0.1706761
0.1675838
0.1710951
0.1696315
0.1786984
0.1905482
0.184323
0.1848059
0.1682417
0.1606362
0.188895
0.1749215
0.1449438
0.1754069
0.1665938
0.1470618
0.1616735
0.1696463
0.1663406
0.1656724
0.1730478
0.18094
0.170753
0.1627213
0.1662994
0.1781261
0.1825915
0.1838764
0.1691873
0.1839106
0.1831738
0.183382
0.1654951
0.1791594
0.1653302
0.1711525
0.1678169
0.1442223
0.1607316
0.1552709
0.1589059
0.1841223
0.1605988
0.1862349
0.2008405
0.2106446
0.1969575
0.1917666
0.2115171
0.1907362
0.1836456
0.1812173
0.1946321
0.214881
0.1784619
0.2103354
0.2200563
0.2162373
0.2068071
0.1756884
0.1871386
0.1771765
0.2087403
0.2263647
0.220385
0.2162734
0.213714
0.2395655
0.2070689
0.1899504
0.1859902
0.1782897
0.1750287
0.1908969
0.1869199
0.2059671
0.1719716
0.1852047
0.2122142
0.1499747
0.178611
0.1873842
0.1683849
0.1557787
0.1698096
0.1850625
0.1527598
0.1785301
0.1762284
0.18625
0.1725313
0.1601532
0.1595352
0.1733449
0.1222618
0.1565719
0.1731573
0.1784776
0.1852854
0.1433294
0.1806479
0.2072411
0.1592341
0.1752438
0.2088402
0.1692161
0.1955262
0.2024447
0.1821763
0.1759886
0.175732
0.1870375
0.1670154
0.1479536
0.1692452
0.1723869
0.1701447
0.168669
0.1486176
0.1749366
0.1640838
0.1829507
0.1708314
0.170997
0.1484587
0.1748149
0.1357705
0.1409566
0.1744353
0.1893004
0.1688527
0.1530257
0.1614837
0.1493799
0.1615559
0.1770833
0.1606305
0.196158
0.1982182
0.1684029
0.1795793
0.1620863
0.186018
0.1824153
0.1738075
0.1776371
0.1813675
0.1803386
0.1782967
0.1781947
0.1798686
0.1680574
0.1936426
0.1923254
0.1928921
0.1829365
0.172013
0.1919288
0.1817834
0.1861131
0.1891094
0.1660151
0.1797918
0.1590507
0.139889
0.1779758
0.178554
0.166445
0.1777671
0.1773242
0.2026698
0.153915
0.1804578
0.1745275
0.182277
0.1688004
0.1787871
0.1529541
0.2057969
0.1895616
0.2011939
0.1437896
0.1659906
0.2074193
0.2248241
0.1721138
0.1776234
0.1757896
0.1818196
0.2062686
0.159681
0.1299952
0.1626449
0.1420712
0.1649815
0.1742731
0.1714453
0.175037
0.1829247
0.192273
0.1812472
0.1778856
0.1714523
0.171492
0.1569294
0.1640424
0.1766211
0.1463028
0.1708196
0.1560772
0.1494243
0.1487754
0.1482057
0.1587767
0.1473625
0.1673076
0.1623743
0.1588109
0.1535105
0.1356339
0.1600108
0.1524344
0.158577
0.1727799
0.1530774
0.1300066
0.1614569
0.1588583
0.1537997
0.1507145
0.1703204
0.1593137
0.2108576
0.178816
0.1533268
0.1727088
0.1816243
0.1800883
0.1700283
0.1904656
0.1717473
0.1642895
0.159817
0.1502313
0.1435735
0.1708087
0.1558789
0.1464655
0.1522435
0.1895656
0.1587593
0.1695671
0.152633
0.1877285
0.1613901
0.1903691
0.1444097
