0.1127689
0.1343052
0.1454929
0.1431692
0.1789522
0.1461243
0.1511592
0.1272904
0.1147326
0.1560217
0.1362441
0.1581881
0.1598693
0.1510835
0.1427988
0.1250023
0.1596285
0.1641997
0.1681804
0.1765527
0.1544251
0.148102
0.1740729
0.1834872
0.120081
0.1184039
0.132269
0.1533869
0.1500054
0.1403155
0.1246227
0.1290817
0.1247865
0.1630712
0.1496094
0.1309441
0.1614565
0.1340214
0.1405624
0.1615483
0.1479114
0.1396692
0.1341678
0.1448376
0.1483556
0.131466
0.1380118
0.1404045
0.1295935
0.1273816
0.1320616
0.1240389
0.1597865
0.1305608
0.1305863
0.1450373
0.1508945
0.1386341
0.1449906
0.1276885
0.1447788
0.1545543
0.1622752
0.1503891
0.1447454
0.1936931
0.1726775
0.1513005
0.1524811
0.155785
0.1565486
0.127867
0.1164816
0.1219679
0.1244907
0.1310145
0.1373448
0.1371125
0.1261412
0.1441438
0.1246487
0.1380951
0.1382893
0.1579827
0.1433602
0.1522019
0.1225592
0.1724717
0.1240176
0.1182342
0.1370776
0.1303208
0.1344541
0.1573799
0.1465585
0.1684856
0.1640658
0.1617138
0.1464183
0.1734537
0.1721809
0.1654893
0.1765765
0.1372312
0.1483283
0.1520631
0.1340348
0.137388
0.1489369
0.1575925
0.1601596
0.1836017
0.1745189
0.1672022
0.1590144
0.1719944
0.1594044
0.1757079
0.1639958
0.1528745
0.170716
0.161311
0.1615526
0.1891585
0.156446
0.1689914
0.1559997
0.1649753
0.1577467
0.1540317
0.1531036
0.1581481
0.1558973
0.1441969
0.1575224
0.1374156
0.1378641
0.1811012
0.1391484
0.1538838
0.1495067
0.1484679
0.1391355
0.1413595
0.148457
0.1403152
0.1478855
0.1363924
0.1353264
0.1527332
0.1396515
0.1333082
0.1509257
0.1677633
0.1559619
0.1414438
0.1399724
0.144973
0.1462189
0.1345394
0.1266079
0.1417178
0.1485428
0.153409
0.1680882
0.1700162
0.1585744
0.1597482
0.138455
0.1322866
0.1436795
0.1408219
0.1558338
0.1436964
0.146668
0.1481125
0.1267754
0.1560643
0.1367856
0.1413974
0.1501331
0.1397864
0.1400365
0.1401826
0.1595708
0.1510187
0.1504131
0.1695196
0.1618259
0.1602346
0.177045
0.1619595
0.1538077
0.1518636
0.1556507
0.1596953
0.139381
0.152326
0.1490172
0.1243599
0.1770037
0.1530316
0.1473745
0.1243533
0.1374378
0.1589253
0.1369816
0.1562708
0.1589529
0.1583193
0.1722959
0.163856
0.1717551
0.1537285
0.1523887
0.1533707
0.144596
0.1528194
0.1624086
0.1657913
0.1631952
0.159157
0.1641487
0.1460644
0.1624551
0.1670439
0.1485282
0.1467774
0.1512399
0.1395035
0.1529581
0.1401731
0.1522851
0.1584396
0.1508884
0.1459546
0.1472529
0.1529984
0.1414978
0.1365015
0.1524287
0.1346021
0.1647513
0.1800777
0.1492459
0.1699088
0.1438147
0.1576151
0.1741347
0.1733014
0.1768673
0.162099
0.1616282
0.1709341
0.1634082
0.1603717
0.1848188
0.1610726
0.1569261
0.1569334
0.1706556
0.1495477
0.1472914
0.1562691
0.1457805
0.1525132
0.1485579
0.159683
0.1634471
0.1651043
0.1429512
0.1595019
0.1500555
0.1532687
0.123437
0.1501895
0.136833
0.1282252
0.16412
0.1293471
0.1616278
0.1446773
0.1368884
0.1492817
0.1488282
0.1414414
0.1367276
0.1404824
0.1462773
0.1470553
0.1599725
0.1391113
0.1209331
0.1556084
0.152922
0.1492631
0.1686091
0.1638348
0.1276544
0.1383736
0.1513879
0.1416334
0.1322587
0.1515883
0.1452382
0.1555098
0.173923
0.1554055
0.1406865
0.1297531
0.1407579
0.1457497
0.1258111
0.1361048
0.1391678
0.1334107
0.132467
0.1296679
0.1542408
0.1409539
0.1392643
0.1432981
0.1420135
0.1413076
0.1297895
0.1233904
0.1100289
0.1208076
0.1370493
0.1547813
0.1502184
0.1622666
0.1452784
0.1371942
0.1399906
0.1406413
0.1276465
0.1556976
0.1665076
0.172624
0.2133619
0.1373888
0.1511681
0.1399052
0.1280888
0.1347723
0.141499
0.144384
0.142246
0.1579759
0.1473447
0.1445438
0.134638
0.1186336
0.1321156
0.1226685
0.129684
0.1649575
0.1254846
0.1419556
0.1368969
0.1126891
0.1511931
0.1680217
0.1694088
0.1502515
0.1534795
0.125139
0.1395187
0.1358955
0.1462328
0.1398048
0.1293705
0.1532392
0.1628428
0.1499891
0.161563
0.1570018
0.1592317
0.1742152
0.1788534
0.1349773
0.1324222
0.1258792
0.1361388
0.1664516
0.1568643
0.1216087
0.1469837
0.1338279
0.1509207
0.1335348
0.1461347
0.1520921
0.1652886
0.1549927
0.1491214
0.1676525
0.1660586
0.1657594
0.1604117
0.1463669
0.1440975
0.1417309
0.1413427
0.143378
0.1811903
0.1609305
0.1425939
0.1398259
0.1290905
0.1089667
0.1015369
0.1008603
0.0965196
0.1536792
0.13246
0.1163213
0.1138194
0.1155136
0.1203493
0.1177826
0.1250709
0.1093812
0.1409331
0.1044832
0.1254108
0.1144017
0.1497519
0.1365185
0.136122
0.1178484
0.1147695
0.121319
0.1201757
0.1203894
0.2055918
0.1333082
0.1240388
0.1430024
0.1365058
0.1482701
0.1391642
0.1142765
0.1197229
0.1934574
0.1480058
0.1474877
0.1337752
0.1448039
0.1527767
0.1480048
0.1498582
0.1542338
0.1530003
0.1327105
0.1321511
0.124019
0.1563702
0.1284027
0.1525412
0.1480047
0.1276823
0.1489899
0.1216192
0.1143393
0.1148206
0.1361413
0.1227269
0.1338256
0.1531286
0.140006
0.1396872
0.1638758
0.1330706
0.1707413
0.1517828
0.1664978
0.1510052
0.1666356
0.1625971
0.1796046
0.143407
0.1418386
0.1448111
0.163095
0.1845839
0.1471348
0.1476047
0.1476479
0.1320941
0.1406411
0.1686167
0.1345924
0.1396464
0.1299093
0.1284015
0.1293801
0.1648261
0.168763
0.1556191
0.1591892
0.1525756
0.1459287
0.150855
0.1528305
0.146879
0.1698483
0.1678468
0.1446457
0.1301338
0.1510899
0.1384858
0.1497701
0.1537668
0.1633809
0.1478986
0.158461
0.139326
0.1399807
0.1647979
0.1434703
0.1216911
0.1492152
0.1356831
0.1470401
0.1467124
0.1842539
0.1616966
0.1599974
0.1683502
0.172986
0.1438394
0.168975
0.1241736
0.1221076
0.1408543
0.1334964
0.115029
0.1345571
0.1497947
0.1427378
0.1160606
0.1643067
0.1363016
0.1315182
0.1234171
0.1500554
0.1191652
0.1399619
0.1295248
0.1054706
0.1033057
0.1430064
0.154131
0.1389499
0.1428939
0.1327876
0.1169462
0.1623715
0.1522511
0.1649463
0.1638484
0.1527437
0.1686694
0.1862897
0.1748144
0.1610184
0.1622432
0.1531278
0.1632273
0.1570696
0.1574155
0.1494845
0.1644914
0.1677074
0.1606485
0.1651191
0.177344
0.1680189
0.1621745
0.1686358
0.1786804
0.1674062
0.1550356
0.1247015
0.1219552
0.1100118
0.1303447
0.1321761
0.1361
0.130502
0.1436945
0.1621855
0.1517882
0.1421845
0.1670597
0.1696263
0.1831804
0.1446269
0.1820401
0.1618558
0.192759
0.1803916
0.1553757
0.1604677
0.1698727
0.1841166
0.1377311
0.175128
0.1563472
0.170696
0.1730229
0.1636575
0.1708989
0.1985485
0.2044897
0.182747
0.1986926
0.2141074
0.1694871
0.1951762
0.1801371
0.1807545
0.1829974
0.1656654
0.1938696
0.2002964
0.2040153
0.1869035
0.2343421
0.192264
0.1638686
0.1869618
0.2168348
0.1613621
0.1957996
0.2320909
0.1826761
0.1917724
0.178718
0.1898622
0.194086
0.1908285
0.1790299
0.219326
0.2000843
0.2366
0.2037228
0.1711526
0.1861524
0.1933845
0.1668352
0.1744516
0.1546427
0.1537048
0.1446785
0.1647683
0.1632197
0.1570659
0.1345504
0.1540891
0.164962
0.1908119
0.1713637
0.1936292
0.2108522
0.2003722
0.1690269
0.1478826
0.1809
0.1968502
0.186495
0.162444
0.1852629
0.1651465
0.1535381
0.1379364
0.1475727
0.1298044
0.1631383
0.139078
0.157764
0.1250689
0.1440905
0.1597829
0.1776273
0.1674732
0.2090971
0.1935001
0.1567882
0.1715604
0.1431298
0.1605526
0.1432838
0.1740576
0.1465317
0.1461512
0.1435502
0.1703563
0.1681766
0.1500997
0.1615678
0.1354179
0.1590928
0.1413077
0.1494967
0.1376649
0.1463793
0.1556428
0.1649412
0.140096
0.1400408
0.1324627
0.1084825
0.1544272
0.1414423
0.142451
0.1631313
0.1285069
0.1328765
0.1403588
0.1281482
0.1275415
0.1566643
0.1469674
0.1610204
0.1770902
0.1357972
0.1545898
0.1645559
0.1586077
0.1546327
0.165012
0.1917769
0.1560282
0.2166776
0.1647616
0.181251
0.1954391
0.1679651
0.1798155
0.1858126
0.1997261
0.2004803
0.158706
0.1850473
0.2384678
0.2029466
0.1510158
0.1659249
0.1596001
0.1637538
0.1458351
0.1467023
0.162951
0.139242
0.1484034
0.1500181
0.1234869
0.1319482
0.1542222
0.128657
0.1960465
0.1514943
0.1712767
0.1192288
0.1530459
0.1662531
0.1780626
0.1870741
0.1958124
0.1928893
0.1873125
0.1635553
0.1846907
0.1552134
0.1875096
0.166754
0.1829255
0.197698
0.1825811
0.2013203
0.2185139
0.2115452
0.1778862
0.1824374
0.1816736
0.1983874
0.1985844
0.1883195
0.1615154
0.192513
0.2129344
0.1876445
0.1953672
0.1957215
0.2060056
0.1733196
0.1748446
0.2111452
0.1808773
0.1952419
0.1836297
0.1810642
0.1751101
0.1301668
0.1625305
0.1206655
0.1548512
0.1753437
0.1653226
0.1883036
0.1577874
0.1460459
0.1763911
0.2047884
0.1959861
0.1639049
0.1736617
0.1904008
0.1389548
0.1685841
0.1635049
0.1829095
0.1549998
0.1509734
0.1517865
0.1386865
0.1587144
0.156185
0.1719448
0.1785233
0.186237
0.1921301
0.1881618
0.1632227
0.1440112
0.1671683
0.2091254
0.1575959
0.2059527
0.1388459
0.1185142
0.1276284
0.1521835
0.1358232
0.1196503
0.1621025
0.1311367
0.1620046
0.1534842
0.1458433
0.1555579
0.1454476
0.1511629
0.1944424
0.1921748
0.1822022
0.1830427
0.1789112
0.1848889
0.1945243
0.1457592
0.1352033
0.1742343
0.1905957
0.196314
0.1808485
0.1407245
0.1119929
0.1371376
0.1230322
0.179122
0.1941484
0.142778
0.1629687
0.1191951
0.1761309
0.1662363
0.1698131
0.1756759
0.1577512
0.1805682
0.1722241
0.183655
0.176932
0.1823498
0.1922383
0.1756239
0.1824517
0.181848
0.1785152
0.1884822
0.2094204
0.1866768
0.190008
0.220963
0.179201
0.2014907
0.1991235
0.1897419
0.1749789
0.1917276
0.1877977
0.2157229
0.2173159
0.2141226
0.1829852
0.1818776
0.1914028
0.215268
0.212409
0.1894207
0.2008628
0.2196178
0.1707557
0.1771698
0.1828493
0.1791459
0.2209231
0.199266
0.2050974
0.2064885
0.1787054
0.1702969
0.1992374
0.2113519
0.2236441
0.2022559
0.1975493
0.209586
0.2182343
0.2166669
0.2415672
0.2814884
0.1711252
0.2100338
0.1730434
0.1968417
0.2195194
0.2192574
0.1901785
0.2169248
0.2358751
0.2526479
0.2377422
0.2482104
0.2336418
0.202391
0.1942836
0.1653928
0.2105595
0.2161772
0.2231492
0.1976592
0.2135888
0.1810101
0.1598802
0.1962916
0.1990201
0.2021533
0.2159845
0.1584656
0.1872934
0.1664502
0.2160971
0.2129442
0.2152615
0.1986335
0.2483395
0.2042495
0.2135086
0.2096912
0.2318224
0.2370768
0.2044975
0.1932192
0.1595325
0.1961247
0.1989766
0.1952857
0.1768537
0.1680295
0.1667575
0.2265528
0.2120718
0.1903426
0.1986317
0.1971264
0.2257515
0.2351781
0.2060193
0.1985193
0.2197654
0.1938891
0.2145584
0.2109341
0.2065841
0.2104555
0.2280154
0.1993428
0.1783357
0.2133501
0.2211132
0.1739523
0.1785707
0.1962698
0.1769626
0.1915467
0.187876
0.1853786
0.1762909
0.1949211
0.2021151
0.2008269
0.2053547
0.2090628
0.1690183
0.2119043
0.2029615
0.2242833
0.1742791
0.1712036
0.1745779
0.1725982
0.1876542
0.1736748
0.198367
0.1873269
0.1856815
0.1757095
0.1844181
0.1665415
0.2035688
0.197633
0.2162959
0.1959967
0.202857
0.181248
0.1706059
0.1902162
0.2182035
0.1989112
0.1863066
0.2164979
0.2082119
0.1979405
0.1822757
0.2023122
0.1496568
0.1976611
0.1950569
0.2101491
0.1762415
0.1812201
0.2003295
0.2313344
0.2071614
0.2166649
0.1895489
0.1734265
0.1964579
0.1841962
0.1788043
0.1708553
0.2022387
0.1700293
0.1959934
0.1619911
0.1977582
0.218786
0.1795963
0.2000677
0.2225643
0.2297098
0.1960884
0.2200803
0.2074397
0.1852835
0.1715916
0.1997668
0.1890852
0.1628474
0.1853027
0.1868006
0.1924436
0.196689
0.2249683
0.1971488
0.1843509
0.196624
0.2160745
0.1779073
0.1786041
0.1784234
0.1897621
0.1874478
0.1684008
0.1981753
0.1682992
0.2167062
0.1942972
0.2116629
0.2141148
0.2302514
0.2121267
0.2041526
0.2036534
0.198302
0.2009668
0.1919345
0.1871666
0.199017
0.1824368
0.1821187
0.1728507
0.1923405
0.2084342
0.196897
0.2414333
0.1872045
0.2154716
0.2186941
0.2092234
0.2167531
0.2005146
0.2116913
0.1980096
0.2298531
0.2083094
0.2424886
0.2288282
0.2308342
0.2576443
0.2598466
0.2358118
0.2239136
0.2206892
0.2167473
0.1929019
0.1596465
0.1621511
0.1876534
0.1970289
0.2235741
0.1671028
0.1948804
0.2093468
0.2341608
0.1713641
0.1967448
0.209626
0.167468
0.1918761
0.2002298
0.1665002
0.154178
0.1532128
0.1814775
0.1439119
0.1599641
0.1418574
0.150776
0.162053
0.1523381
0.1558401
0.1537854
0.161124
0.1544518
0.1623421
0.1821616
0.1576894
0.1723856
0.1670607
0.1568061
0.1821349
0.1621605
0.1931542
0.1822701
0.146561
0.1814559
0.1943583
0.1953399
0.2064184
0.1793269
0.1752931
0.192155
0.1961435
0.19437
0.2211044
0.2289122
0.2555735
0.2558123
0.2396951
0.2633057
0.2292665
0.2631974
0.2423635
0.2364221
0.2199663
0.2360713
0.2347845
0.2333602
0.2113935
0.1920497
0.1830218
0.201874
0.1987686
0.1885848
0.212345
0.1729087
0.22063
0.1965496
0.1894026
0.1896629
0.2118654
0.2280426
0.245894
0.1894762
0.202336
0.2302946
0.2499309
0.1969883
0.1946
0.1978985
0.1944991
0.2208038
0.2373915
0.2030165
0.2210309
0.2086768
0.2608638
0.2550783
0.262504
0.2086188
0.2288394
0.2206615
0.2112347
0.2276594
0.2166952
0.2315641
0.2264666
0.2161662
0.2059845
0.2239002
0.2266532
0.2047289
0.2395546
0.2299726
0.1951106
0.2274328
0.2158747
0.1979431
0.2279566
0.211416
0.1855593
0.2166128
0.2164869
0.2384306
0.2014452
0.2189958
0.2026881
0.2089186
0.1947493
0.2232309
0.2251372
0.229818
0.2140016
0.2338623
0.2353409
0.2587042
0.2191288
0.2452793
0.2529269
0.2169247
0.2082308
0.2622003
0.2190389
0.2069326
0.2152595
0.2199043
0.2168674
0.2543394
0.2308272
0.2239848
0.2287026
0.1811773
0.1990433
0.2171
0.2092843
0.2093744
0.2394961
0.2102524
0.1944238
0.1993122
0.2021685
0.1799881
0.1733679
0.2295081
0.2052197
0.1964824
0.2129017
0.2160865
0.2171712
0.2154389
0.253279
0.2191208
0.1902982
0.2232932
0.2070205
0.2551869
0.2055624
0.223899
0.2436927
0.2139333
0.2255003
0.2161598
0.1943091
0.2242104
0.2318595
0.2268079
0.2444717
0.2345728
0.2124542
0.2096332
0.2120581
0.2352264
0.2121224
0.2088719
0.2214964
0.1935684
0.1954969
0.1953992
0.204158
0.1875939
0.2163664
0.1940528
0.1953353
0.2092357
0.1954031
0.1842214
0.2100372
0.1920932
0.2074825
0.1943394
0.1995487
0.2096409
0.214386
0.1915722
0.1891022
0.2307312
0.2018836
0.1670653
0.2022438
0.2070185
0.2151019
0.2208081
0.2057452
0.2108365
0.2239159
0.2189247
0.1913853
0.1879823
0.1885508
0.1886434
0.2171427
0.1845895
0.1630576
0.1708112
0.2003952
0.1827317
0.1833564
0.1621151
0.1208046
0.1785895
0.1391944
0.1624666
0.1483767
0.1444122
0.1446953
0.1223986
0.1470612
0.1879909
0.1957278
0.1825369
0.17567
0.1587462
0.1809281
0.179736
0.212911
0.1850136
0.1674768
0.1662297
0.1690699
0.1921675
0.2033121
0.1902431
0.1803434
0.1626063
0.1582793
0.1522558
0.147489
0.1649407
0.1682002
0.1576791
0.1637678
0.1453886
0.1613331
0.1796514
0.1742822
0.1733576
0.1756728
0.1614192
0.2105303
0.1746428
0.1616335
0.1683799
0.1639056
0.1783627
0.1704019
0.1657163
0.1721279
0.1984564
0.1877328
0.1905542
0.2192038
0.1945208
0.2009956
0.177584
0.174833
0.1671086
0.2015003
0.1902536
0.1728792
0.1866851
0.1888494
0.1784388
0.1646894
0.1674007
0.1715095
0.1656336
0.1481199
0.1640241
0.1582742
0.1655118
0.1406748
0.1614946
0.1960397
0.1643197
0.1695826
0.1925358
0.175419
0.1794689
0.1968496
0.1716278
0.1904705
0.1998611
0.1608868
0.1748765
0.1706462
0.1889692
0.1781015
0.2028846
0.1805954
0.1685778
0.1701758
0.1912719
0.1700056
0.1692727
0.1591476
0.1581532
0.1511923
0.1799964
0.1653643
0.1635327
0.1874075
0.1484227
0.1819241
0.1784007
0.1982476
0.195169
0.1413309
0.1562265
0.1860718
0.1556417
0.1985771
0.2068705
0.2169273
0.2082904
0.234072
0.2156558
0.2208629
0.2123755
0.2015796
0.1901405
0.1881106
0.2034941
0.1820523
0.1927433
0.2059966
0.1788441
0.1899974
0.1966341
0.2135105
0.1866012
0.2178233
0.2047469
0.1966888
0.183167
0.2332768
0.2136388
0.2260778
0.1966875
0.1959654
0.2136025
0.2104644
0.1930021
0.2003297
0.1874618
0.2065573
0.2119315
0.1928842
0.1993292
0.227995
0.2161156
0.2140366
0.2143147
0.2148838
0.2506858
0.2323164
0.2167009
0.1965724
0.2067488
0.2144249
0.2345737
0.2373512
0.2312102
0.2003826
0.2144365
0.2234617
0.2300071
0.2308423
0.2123505
0.1871597
0.2143797
0.2335986
0.2123699
0.213389
0.1692552
0.1809945
0.1932699
0.214793
0.2381293
0.1751985
0.2058777
0.2130847
0.1980853
0.2215685
0.2091227
0.2039026
0.2188815
0.220072
0.2284984
0.2261394
0.2365995
0.2426239
0.2134705
0.186209
0.2093191
0.2016692
0.2013496
0.2041178
0.2146761
0.2028895
0.2008967
0.2100386
0.2287506
0.2056501
0.1926891
0.1992802
0.1930046
0.219486
0.1980332
0.1852364
0.173903
0.2065236
0.1898309
0.1852257
0.2013102
0.1992419
0.2148626
0.2171773
0.229913
0.2388385
0.2198741
0.1960216
0.1948956
0.2072682
0.2261817
0.2032413
0.2286709
0.1896977
0.2212475
0.2108165
0.2256146
0.2122824
0.1825179
0.1775419
0.1875398
0.1518521
0.156508
0.141271
0.1725207
0.1651994
0.2160697
0.1906046
0.1669657
0.1601971
0.1707815
0.1807266
0.174632
0.1852215
0.176232
0.1863081
0.1936357
0.1784692
0.1938116
0.203816
0.1983809
0.193541
0.1920576
0.1799598
0.1783631
0.1742446
0.1693368
0.1643606
0.1480387
0.1458565
0.1540981
0.1541214
0.1595475
0.1479522
0.1526887
0.154808
0.1461008
0.1326495
0.1531812
0.1430574
0.1452054
0.1572868
0.1489236
0.1422279
0.16489
0.1587614
0.1649868
0.1424015
0.1616733
0.1566837
0.1339808
0.1407057
0.1614096
0.1370955
0.1382834
0.1347818
0.1424754
0.1341427
0.1224117
0.1544421
0.1502929
0.158205
0.1228848
0.1591894
0.1562803
0.1571198
0.1517138
0.1674663
0.1863146
0.1971658
0.215035
0.1995382
0.2247604
0.190073
0.1948798
0.1674327
0.1750556
0.2131373
0.1788832
0.1529046
0.1415018
0.1444086
0.1388155
0.1818453
0.172915
0.181152
0.1819171
0.1463486
0.1694893
0.1886617
0.1855494
0.1562564
0.1529585
0.1695032
0.1360248
0.1625826
0.1476717
0.1608501
0.1683656
0.1773317
0.1887815
0.1881099
0.1743597
0.1522637
0.1724402
0.1968947
0.1942783
0.1764606
0.1736266
0.2000699
0.1807509
0.1936892
0.1711088
0.1693889
0.206161
0.1662238
0.1630289
0.1922745
0.1778812
0.1940054
0.1863009
0.1710422
0.1805991
0.1727903
0.1782987
0.1663322
0.1865919
0.190238
0.1755319
0.2054395
0.2374175
0.220308
0.1842435
0.156773
0.1883823
0.1919192
0.1633354
0.157721
0.2196441
0.1711586
0.1600957
0.1858719
0.1750568
0.1609129
0.1810938
0.161373
0.1389833
0.1732699
0.1874486
0.2001314
0.1738214
0.2063651
0.1879439
0.1584369
0.1923587
0.2027191
0.1713454
0.1911055
0.1697962
0.1773191
0.1799147
0.1726752
0.1569759
0.1930013
0.1953069
0.20991
0.1683065
0.1804065
0.1618155
0.1648196
0.1932976
0.1972654
0.1724653
0.1578127
0.1547494
0.1928662
0.1744099
0.1676283
0.1843188
0.1526296
0.2049582
0.1544916
0.1410409
0.1649132
0.1615289
0.1567353
0.1396663
0.1815466
0.142175
0.1432196
0.16431
0.1791464
0.1562578
0.1818764
0.1430886
0.1585065
0.1745949
0.163182
0.161149
0.1667879
0.1725815
0.1961855
0.1882573
0.2064199
0.2097442
0.1760421
0.1580408
0.1763381
0.1858902
0.1796459
0.1966649
0.1831335
0.183377
0.177656
0.2060014
0.1701204
0.1741076
0.1906883
0.1851604
0.1927602
0.1778171
0.2119615
0.1563991
0.1815254
0.1980126
0.2068268
0.2018785
0.1831623
0.2112446
0.1971962
0.184289
0.2060938
0.2210423
0.2018078
0.200969
0.2077384
0.2019938
0.2039933
0.1884194
0.1790532
0.174807
0.2044947
0.2205382
0.2021532
0.1878401
0.1887387
0.1705996
0.1876834
0.1771433
0.1601028
0.1495547
0.1691576
0.1800353
0.173652
0.1878153
0.1872565
0.1706926
0.1418944
0.1459716
0.1742469
0.1502271
0.1458764
0.1429278
0.155489
0.1686904
0.1748921
0.1889717
0.177298
0.1859163
0.1878462
0.1758497
0.1681625
0.1856678
0.1950758
0.1864893
0.2005767
0.1898715
0.1816558
0.1928926
0.2084472
0.1747564
0.2087788
0.1706692
0.1732564
0.2003454
0.1957013
0.190522
0.2219488
0.1802831
0.1894578
0.2025513
0.1952123
0.2206872
0.1971166
0.1904857
0.1851396
0.1706991
0.1719673
0.1791686
0.1760994
0.1503347
0.1627786
0.1583985
0.1702503
0.1527988
0.1687637
0.1727051
0.161514
0.1704554
0.1683598
0.1979139
0.2013244
0.1469299
0.1741996
0.1739445
0.1896867
0.1933836
0.1895288
0.1750883
0.1954463
0.2043974
0.2237536
0.177243
0.1746562
0.1892801
0.2118439
0.175154
0.1759222
0.1949945
0.1798124
0.1576015
0.1972511
0.1795695
0.1834575
0.1897134
0.183962
0.1787121
0.1835243
0.1934529
0.1770337
0.1874828
0.2212346
0.1577975
0.1915042
0.194893
0.1771191
0.1947302
0.2331586
0.2122404
0.1974444
0.1777676
0.2361995
0.1699255
0.1931839
0.2213458
0.2474866
0.1977555
0.1893504
0.1862746
0.2061773
0.1772883
0.210356
0.2034844
0.2089095
0.189088
0.1740021
0.1760074
0.1865138
0.1689385
0.1941669
0.1629641
0.1811275
0.1642032
0.1962056
0.1644325
0.170656
0.1481869
0.1815242
0.165694
0.1740129
0.1750816
0.1974423
0.1833442
0.1738101
0.175686
0.1648357
0.1825485
0.1754804
0.1999013
0.2017202
0.1820746
0.1800002
0.2243539
0.2183286
0.1982638
0.1924811
0.2135774
0.1669372
0.1968404
0.2100739
0.180505
0.1823826
0.1912401
0.2040035
0.2039303
0.1956123
0.1848056
0.1732193
0.195607
0.1766586
0.1576453
0.1559826
0.1501462
0.1471899
0.1649646
0.133851
0.1546921
0.163407
0.164167
0.1553845
0.1505097
0.1462336
0.1294448
0.1418105
0.1408224
0.1616514
0.1815036
0.1709449
0.214663
0.1706314
0.1664954
0.1811475
0.1692983
0.1753535
0.1455269
0.1537079
0.1459635
0.1317079
0.129876
0.1412543
0.1488575
0.1424234
0.1464323
0.1489436
0.1500448
0.1542529
0.1334861
0.1654558
0.1456191
0.1472566
0.1461566
0.1540686
0.1522197
0.1630337
0.1547825
0.167773
0.142096
0.1642801
0.1447186
0.159518
0.1564093
0.1484759
0.158822
0.1578419
0.1760494
0.1618421
0.1847913
0.162425
0.1487027
0.1730671
0.1654664
0.1609612
0.1602432
0.166769
0.2123501
0.2192558
0.1951145
0.1958062
0.2038706
0.2272438
0.1960455
0.1931489
0.2117907
0.2263273
0.2083047
0.2022423
0.2164737
0.2075179
0.2376359
0.2194243
0.2081194
0.2066649
0.2273582
0.1842361
0.1792339
0.1872513
0.1837278
0.2040458
0.2058566
0.2044207
0.1788778
0.1801237
0.2165309
0.2059989
0.2086194
0.2346744
0.1911517
0.2007638
0.1892136
0.185602
0.1834172
0.1921822
0.1696283
0.1913268
0.1637741
0.1771899
0.204276
0.2176757
0.2242075
0.2063405
0.2003292
0.1887656
0.1838125
0.1972113
0.2091666
0.1998339
0.176582
0.2036792
0.1742509
0.181958
0.1801663
0.1694106
0.1714827
0.1752623
0.1922817
0.1647405
0.1596485
0.1644294
0.1570407
0.1573419
0.1358776
0.1486086
0.1687478
0.1628673
0.1409216
0.1416009
0.1698681
0.1704444
0.1609075
0.1545815
0.1901892
0.1891779
0.1330626
0.1551593
0.1507111
0.1682216
0.1365745
0.1700029
0.1875799
0.1465132
0.1714146
0.1896132
0.1930627
0.1792915
0.2160489
0.1950972
0.1827266
0.1799682
0.1715215
0.2059058
0.2103288
0.1849036
0.1877442
0.1521954
0.1732716
0.1884796
0.1699696
0.1631742
0.186217
0.1549163
0.2196244
0.1888651
0.2156702
0.2163565
0.2245843
0.1925639
0.1885869
0.1877782
0.1819186
0.1951213
0.188154
0.2074797
0.1856033
0.1898932
0.1954741
0.1761793
0.1724252
0.204811
0.2052914
0.2149595
0.2070418
0.2114982
0.2277724
0.1807192
0.186874
0.1868297
0.1980115
0.1803025
0.1960664
0.1929946
0.1984246
0.1620994
0.1240124
0.1803579
0.1940611
0.1496081
0.17002
0.1913655
0.1909817
0.202618
0.1789455
0.1626711
0.1717853
0.1847073
0.1832291
0.2308492
0.2217636
0.2177556
0.2081974
0.1855849
0.2100634
0.1872014
0.1928304
0.1905825
0.2289982
0.1883076
0.2016859
0.2016366
0.2161459
0.1920915
0.1949958
0.2138259
0.1951936
0.196535
0.1868275
0.2007218
0.2351089
0.2320295
0.213839
0.2041714
0.2422982
0.2241473
0.2235885
0.2315841
0.1897454
0.217084
0.2163903
0.2239935
0.2331821
0.1956596
0.2074926
0.2055937
0.2230424
0.2182035
0.2046032
0.2000905
0.1976081
0.1748534
0.2096555
0.1774296
0.1867884
0.1878534
0.1899407
0.1902788
0.1791393
0.164284
0.1780595
0.2123235
0.1966261
0.2005108
0.2082807
0.2514439
0.1938341
0.1724991
0.1863756
0.1597162
0.1927056
0.1909388
0.1926084
0.1714108
0.1856155
0.2092519
0.1866201
0.1802336
0.1906902
0.1973501
0.1830575
0.1830944
0.1751328
0.1714317
0.1786622
0.1750539
0.1787373
0.1751808
0.1672864
0.1604543
0.1685926
0.1658933
0.1613468
0.1786844
0.1572958
0.1580918
0.1489923
0.2036498
0.1778573
0.1669894
0.1816973
0.1755378
0.1998508
0.1769718
0.1695053
0.1564834
0.1774775
0.1654456
0.1654198
0.1807729
0.1459237
0.1600413
0.176364
0.1912248
0.1652939
0.1774177
0.1776883
0.2043125
0.2287273
0.193326
0.2053066
0.2604614
0.2373306
0.252815
0.2155749
0.2663803
0.2126037
0.2392048
0.2268433
0.2687857
0.2497695
0.2570691
0.2647118
0.2742234
0.2462514
0.2510249
0.2678329
0.2491878
0.2383022
0.2377404
0.2421131
0.2512486
0.2501797
0.2479278
0.2573544
0.1890681
0.190543
0.2169152
0.2125294
0.2240675
0.2243389
0.2391482
0.2368326
0.2154384
0.2213751
0.2647385
0.2041802
0.2302402
0.1989566
0.2250333
0.2402167
0.2255433
0.2335303
0.215744
0.2186818
0.2376532
0.2005404
0.1962327
0.1927837
0.2228852
0.2128258
0.2058739
0.1974406
0.1688616
0.1931896
0.1627914
0.1791924
0.2037933
0.1845558
0.215849
0.1972772
0.1904882
0.1909788
0.1873477
0.1576545
0.183551
0.1777529
0.1967299
0.1736114
0.181392
0.174189
0.2009396
0.1774825
0.1754671
0.1749517
0.163103
0.1724784
0.1643742
0.1854573
0.186236
0.1735985
0.1575544
0.1623717
0.1496007
0.165314
0.1790644
0.158952
0.1784084
0.2002526
0.2119378
0.183763
0.19677
0.1837635
0.1960519
0.1770552
0.1659129
0.1871924
0.1634423
0.1822977
0.2073856
0.1705516
0.1976178
0.1574704
0.1636345
0.1566991
0.1588026
0.1494687
0.186005
0.1527742
0.2014754
0.1681705
0.1807991
0.1827912
0.1957575
0.1774116
0.1886049
0.1661211
0.188628
0.1594159
0.1781299
0.1821887
0.1871017
0.1609039
0.152559
0.1348297
0.1593392
0.1571155
0.1427472
0.1091581
0.1316384
0.1664255
0.1446453
0.1476962
0.1456094
0.1452191
0.1572892
0.1656775
0.1382571
0.1662397
0.1659582
0.1681145
0.1754333
0.1646134
0.1649238
0.1643705
0.1840028
0.1482781
0.1679179
0.161623
0.1491107
0.1574326
0.1587355
0.1652995
0.1216761
0.1532695
0.1486865
0.16152
0.1643623
0.142055
0.1588876
0.1726236
0.1531587
0.1615695
0.1735579
0.1459577
0.1208072
0.1416957
0.1224438
0.137895
0.1209065
0.1338102
0.1696437
0.1477658
0.1250267
0.1527306
0.1701129
0.1604512
0.162607
0.1825854
0.1524361
0.1691258
0.1823967
0.1718604
0.1962146
0.1511423
0.1326069
0.1322421
0.1661836
0.1853317
0.1585838
0.1699975
0.1562736
0.1559117
0.1671428
0.162746
0.1569259
0.1611665
0.1715631
0.1512173
0.1487526
0.147758
0.1822083
0.1572415
0.1468641
0.1519267
0.1637321
0.1484452
0.1337258
0.1512912
0.1436836
0.1549118
0.1533735
0.1654371
0.1526654
0.1482864
0.1610692
0.1730083
0.1696719
0.1818343
0.1678502
0.1430797
0.1831472
0.1763443
0.1500727
0.1596831
0.188439
0.1656955
0.1681733
0.153374
0.1608755
0.1648528
0.1537842
0.1590058
0.13412
0.1512644
0.1368202
0.148539
0.1623446
0.154932
0.1608137
0.1678714
0.1718942
0.1858268
0.1817439
0.1950252
0.1669649
0.1852433
0.1698992
0.1535214
0.1660661
0.1979705
0.1578121
0.1744394
0.1829735
0.1890088
0.1521526
0.2018966
0.2028545
0.1580743
0.1866854
0.1465992
0.1750455
0.1768145
0.1740777
0.165843
0.1745138
0.1592231
0.1375752
0.1337016
0.1519643
0.1305941
0.1267985
0.1183604
0.1367449
0.1388192
0.158526
0.1444634
0.1551221
0.1541092
0.1593417
0.1517984
0.1402444
0.144779
0.1576181
0.1735873
0.1590505
0.1518415
0.1513762
0.1586393
0.1524131
0.1469533
0.154884
0.1626625
0.1588145
0.1968535
0.1416653
0.135944
0.1352598
0.1604157
0.1277595
0.1367664
0.1345552
0.1531735
0.1524754
0.1745996
0.1439621
0.1503248
0.1880615
0.1477642
0.1616439
0.1410397
0.1275884
0.1265414
0.1648313
0.1490863
0.1197939
0.1377552
0.1494435
0.122282
0.1429083
0.1470612
0.1360908
0.1356356
0.1367474
0.1389439
0.1299839
0.1396235
0.1381668
0.1292113
0.1479872
0.1574486
0.1257242
0.1440086
0.1424287
0.1739966
0.1576286
0.1584131
0.168784
0.1901538
0.1666022
0.1549446
0.1554624
0.1709885
0.1635129
0.1590107
0.1467325
0.1664826
0.1652875
0.1294793
0.1499497
0.1506324
0.1601821
0.1489663
0.1848253
0.1672447
0.1589369
0.1874358
0.1590611
0.1685553
0.1757475
0.1875814
0.1606469
0.1737148
0.1920552
0.1633432
0.1845326
0.2139894
0.2292631
0.2008043
0.2269223
0.190434
0.1656654
0.188679
0.1817304
0.164204
0.1605255
0.1610492
0.1402717
0.1805861
0.1936362
0.1643156
0.1823018
0.16017
0.1596009
0.154221
0.1794334
0.1908476
0.1786824
0.1819578
0.1887177
0.2162391
0.1925542
0.1741283
0.1742396
0.1874239
0.1784455
0.2087175
0.1875319
0.1863414
0.1911639
0.1747452
0.1879892
0.2010618
0.2082534
0.207731
0.1733061
0.2131771
0.1826165
0.183712
0.1804343
0.1682781
0.2007352
0.1741278
0.1955039
0.1926708
0.2047272
0.2141128
0.2103852
0.1757233
0.2061583
0.1898528
0.200863
0.1500347
0.2197037
0.1836006
0.1816815
0.1971011
0.1963965
0.210113
0.2009812
0.2162034
0.1915192
0.220567
0.2143768
0.2075909
0.2168574
0.2302821
0.1998881
0.236212
0.1994407
0.2180283
0.2085783
0.2082348
0.1715282
0.1803557
0.1655896
0.1391823
0.1744228
0.1689172
0.159089
0.1558151
0.1558124
0.1543421
0.1781268
0.1807136
0.1566838
0.1793668
0.1749808
0.1863957
0.2025408
0.1763274
0.2111734
0.1536051
0.1479893
0.1934057
0.1665059
0.1692347
0.179069
0.1693036
0.1990496
0.1632476
0.1894739
0.1354295
0.1558304
0.1695108
0.1976729
0.1749569
0.1625461
0.1595408
0.1365703
0.1511708
0.1694141
0.1929017
0.1577474
0.1687558
0.1794143
0.1737253
0.2379769
0.2205924
0.2131702
0.2165309
0.2167273
0.1723422
0.1681042
0.1717141
0.1380162
0.1430154
0.1911891
0.1769225
0.1912731
0.160178
0.1678226
0.1562302
0.1982662
0.1773897
0.1770486
0.1791009
0.1797804
0.1734787
0.1948867
0.1955883
0.1956311
0.200484
0.1633853
0.1623592
0.1755845
0.1530015
0.1397456
0.1589103
0.1543665
0.1582249
0.1385885
0.1622036
0.1636233
0.1575671
0.187192
0.1952052
0.1656593
0.167971
0.2059507
0.1973768
0.2034837
0.179945
0.1560036
0.1767941
0.1918967
0.1602429
0.1910864
0.1793021
0.1648279
0.1426129
0.161159
0.1750252
0.1814355
0.2114715
0.1912162
0.2025579
0.1857426
0.1943771
0.2030578
0.2061366
0.2031536
0.1850402
0.1570138
0.2179048
0.179924
0.1740673
