0.2567612
0.2785233
0.3009034
0.296785
0.2822902
0.2669972
0.2580172
0.2989803
0.2712964
0.2907371
0.3011265
0.2647604
0.3061652
0.2856199
0.2573989
0.2903665
0.3186846
0.2988376
0.2287364
0.2871579
0.2683745
0.2847315
0.2934773
0.2957684
0.2760453
0.2749869
0.350952
0.3175045
0.2751249
0.3154543
0.358274
0.3259361
0.2743721
0.2923347
0.3491136
0.3597344
0.3735338
0.3637921
0.3376964
0.3581328
0.3677455
0.355812
0.3372852
0.2952914
0.3056478
0.3431139
0.3561777
0.3621126
0.3309527
0.3650509
0.3099667
0.3639536
0.3376824
0.3406408
0.3365335
0.3353018
0.3393148
0.3052637
0.3037171
0.3344307
0.3306043
0.3827827
0.3180918
0.3253427
0.313726
0.3741712
0.335504
0.3065187
0.3636785
0.338871
0.3133741
0.2970684
0.3335673
0.337688
0.3552766
0.2758563
0.3023434
0.3016702
0.3457066
0.3535934
0.3043033
0.3040183
0.3249608
0.3311934
0.3561517
0.3120573
0.3474017
0.3429714
0.3294118
0.3022404
0.3052811
0.277053
0.3300644
0.293545
0.2834024
0.2911083
0.3140591
0.2803332
0.3070441
0.2911527
0.3309618
0.2795934
0.3098146
0.323674
0.296324
0.3244382
0.3141323
0.3083209
0.3095299
0.2929595
0.2586597
0.27534
0.3252765
0.2802022
0.3043194
0.2111821
0.3149305
0.2935443
0.3128797
0.3070999
0.3054116
0.2942623
0.2875504
0.3041781
0.3040328
0.3085604
0.2987782
0.3129385
0.327285
0.312384
0.2968124
0.2992826
0.2865015
0.2768652
0.289629
0.2989239
0.2552374
0.2891807
0.2649181
0.2900894
0.2505833
0.318359
0.3239647
0.2947848
0.3003361
0.2742381
0.3272476
0.2524833
0.2786413
0.25308
0.2987199
0.2876957
0.254219
0.2556179
0.24588
0.2312845
0.2784343
0.2214088
0.2228417
0.3186529
0.2744275
0.3005002
0.2961647
0.3301904
0.3209561
0.2603
0.2478356
0.2310226
0.2348121
0.2511504
0.2686806
0.2580875
0.2371214
0.2532264
0.22925
0.2731762
0.2631205
0.2838035
0.2230371
0.2425838
0.2921571
0.2507837
0.212695
0.1897357
0.2413857
0.2547286
0.2490031
0.2877325
0.2710518
0.2736957
0.2601423
0.279965
0.2171439
0.2676314
0.2257321
0.2292191
0.2444636
0.2436771
0.2432043
0.2090038
0.2098976
0.2256061
0.2484826
0.246736
0.2567233
0.2453184
0.2286286
0.2220743
0.2276221
0.216588
0.2680533
0.253738
0.2389015
0.2257527
0.2731918
0.2136407
0.2341584
0.2411027
0.2556312
0.2703908
0.2465389
0.2696564
0.2947241
0.2911709
0.271942
0.2701303
0.2701646
0.2417557
0.2436793
0.3019955
0.247605
0.2374148
0.2562267
0.3134988
0.309222
0.3219301
0.3334727
0.3187788
0.3305106
0.2878471
0.3015037
0.3008955
0.3272725
0.3674542
0.3344544
0.2911719
0.2711928
0.3073639
0.2948436
0.2747062
0.2863504
0.3037826
0.2690232
0.2804287
0.2871783
0.2574636
0.2690987
0.3128105
0.3088694
0.2954854
0.2849431
0.3217712
0.2789765
0.3144016
0.2851101
0.2912214
0.2921529
0.3217718
0.2993607
0.3030397
0.3102539
0.2736533
0.3254902
0.3192946
0.3251749
0.3191332
0.2447303
0.2119337
0.2155468
0.2059124
0.2394088
0.2339107
0.2104384
0.2585171
0.2534094
0.2650254
0.2954836
0.258129
0.2961848
0.2813891
0.3178685
0.2677601
0.2902683
0.2619774
0.2617668
0.2403934
0.2366647
0.2272731
0.2397582
0.2561385
0.2641151
0.2915267
0.3100691
0.2484742
0.2960643
0.263119
0.2702876
0.3227748
0.3113983
0.2808738
0.3063261
0.3152943
0.3159592
0.2855036
0.2673973
0.2573883
0.2615088
0.2922794
0.3215436
0.3809631
0.3650014
0.2834526
0.3119342
0.3160812
0.2884585
0.2010726
0.2320527
0.262282
0.2656914
0.2171359
0.2228612
0.253901
0.2043861
0.1931439
0.208545
0.2080124
0.200216
0.2971621
0.3125286
0.1602129
0.1727204
0.1456576
0.1608965
0.1625776
0.1474226
0.1211948
0.1479928
0.1439965
0.1293699
0.1305005
0.1302215
0.1195579
0.1369963
0.120869
0.1190509
0.1261364
0.1328682
0.2273486
0.216551
0.2214005
0.1937237
0.185922
0.176845
0.1998018
0.2142017
0.1931308
0.2709891
0.1480996
0.1561138
0.1685455
0.1441301
0.164778
0.1248962
0.1165892
0.1296537
0.1136999
0.1299596
0.1524733
0.1683402
0.1955799
0.1748323
0.1712075
0.2044196
0.2016717
0.1818211
0.1412347
0.1736639
0.175427
0.1843749
0.2614188
0.1576682
0.2192158
0.1408918
0.2501321
0.2188175
0.1553453
0.2125656
0.216727
0.2065512
0.1897678
0.1870195
0.1858921
0.2042989
0.1847838
0.2154718
0.2294459
0.1906484
0.2372911
0.1970393
0.1566646
0.1942503
0.197211
0.2268575
0.2131182
0.2148503
0.318545
0.1935822
0.210533
0.1633346
0.2315247
0.1801502
0.1619436
0.2065714
0.1707388
0.1896179
0.1641902
0.1993385
0.1812781
0.1490796
0.1514987
0.1596189
0.1557816
0.1742258
0.202223
0.1999243
0.1961842
0.1780529
0.1437471
0.1447743
0.167991
0.2024077
0.179475
0.2407474
0.2047473
0.2362869
0.2463714
0.2604485
0.2925848
0.2174417
0.2298649
0.2311878
0.2228462
0.1957687
0.2100513
0.2571049
0.2437067
0.2377212
0.2714376
0.2349806
0.2160994
0.2372824
0.2381254
0.2002141
0.2895924
0.1878855
0.1940894
0.2287993
0.2266908
0.2293386
0.2115413
0.2242676
0.2179187
0.2623919
0.2403838
0.2125676
0.1955772
0.196767
0.2371728
0.2106577
0.2401876
0.2248138
0.2052588
0.200979
0.1930211
0.2283404
0.2011288
0.1986324
0.1899428
0.1857135
0.2206375
0.2012752
0.191442
0.1907908
0.1966202
0.189892
0.1908351
0.2335567
0.1953854
0.2050508
0.2276513
0.2496615
0.2800164
0.266088
0.2519813
0.2591129
0.2724536
0.2762178
0.2733336
0.2515694
0.2648691
0.2224291
0.1840066
0.228036
0.2381406
0.2579792
0.2507217
0.216151
0.2263612
0.2528235
0.2207413
0.2367229
0.1992624
0.2115768
0.182801
0.1988388
0.1939278
0.2197217
0.2037321
0.1896102
0.2062666
0.1843923
0.1992981
0.2031081
0.1870964
0.2333622
0.2230068
0.2635577
0.1944667
0.1980316
0.1695297
0.1905055
0.1890723
0.1603582
0.1840877
0.1893402
0.1691137
0.2316616
0.1933897
0.1898195
0.1906887
0.2040299
0.1879979
0.1861803
0.1811378
0.1654779
0.1706947
0.1834104
0.1929137
0.2272922
0.1865921
0.1958116
0.2188656
0.2409409
0.1892513
0.2387018
0.2145095
0.2208696
0.222806
0.2188904
0.2317409
0.2104466
0.1994941
0.2249473
0.1888752
0.2266235
0.2098829
0.2107048
0.2178184
0.2535317
0.2321071
0.2539797
0.21651
0.2165548
0.2103989
0.1954374
0.2292561
0.2467942
0.202622
0.1955827
0.2281095
0.2175005
0.212859
0.225514
0.230656
0.2052421
0.2119906
0.2511797
0.2298055
0.2193119
0.2562917
0.2539565
0.2390926
0.2318489
0.2153035
0.2257544
0.2219315
0.2392748
0.2503265
0.2305415
0.208493
0.2398656
0.2192067
0.2225602
0.23619
0.2519346
0.2210593
0.247848
0.2290342
0.2619039
0.2205964
0.2408191
0.2279068
0.2291364
0.2135962
0.2296779
0.2152071
0.2280659
0.2042756
0.2751652
0.2919018
0.2304015
0.251049
0.2630725
0.2140228
0.2407231
0.2070888
0.2218694
0.2180609
0.2133424
0.2203745
0.2189157
0.2049669
0.1985024
0.2049174
0.2125873
0.2052312
0.2159935
0.1772787
0.1750333
0.1895785
0.2178447
0.1784869
0.2030804
0.1829499
0.1870175
0.2046652
0.2271513
0.2058964
0.2614376
0.1855873
0.1959365
0.1881259
0.1891384
0.2078667
0.1894848
0.208436
0.1757923
0.2259441
0.2141619
0.1903535
0.201207
0.1831816
0.1923222
0.2014925
0.2086913
0.2033098
0.1681048
0.1883959
0.20314
0.2345184
0.1891091
0.2014398
0.1672367
0.2119872
0.238108
0.2241161
0.2103856
0.2030143
0.2166293
0.1877636
0.2262597
0.2182044
0.1962983
0.205314
0.2091946
0.1723432
0.1802227
0.1759648
0.1588721
0.176201
0.1814892
0.1722022
0.1865821
0.1912811
0.1879711
0.1763919
0.2089055
0.2064638
0.1980557
0.1955573
0.1936297
0.2087111
0.2337442
0.2140472
0.2593673
0.2348224
0.2384098
0.225295
0.2286293
0.2159236
0.206244
0.2237048
0.2150482
0.2262397
0.2624483
0.2312796
0.2093038
0.1943415
0.2512877
0.2098212
0.1972073
0.2576527
0.2538456
0.2515712
0.2282238
0.2410285
0.1878389
0.2260054
0.2189817
0.2081942
0.2048251
0.220138
0.2303711
0.2295586
0.2311376
0.2297226
0.1951898
0.2000017
0.1864627
0.2160172
0.1928211
0.2053063
0.1764784
0.201038
0.1657851
0.1905778
0.1635339
0.1716504
0.209594
0.2491374
0.2469089
0.3025399
0.2599474
0.2425955
0.2297916
0.2393214
0.2331379
0.1872161
0.2188969
0.2154052
0.2532592
0.2205358
0.2252561
0.2341898
0.263603
0.2382858
0.2472939
0.2257245
0.2055736
0.2362264
0.2245689
0.2203388
0.2398195
0.2000089
0.2158955
0.2101103
0.1939422
0.2238374
0.2020255
0.2071495
0.2452609
0.2457166
0.233738
0.2092581
0.2213898
0.1988275
0.1947477
0.2347185
0.2270043
0.2187733
0.2216336
0.2208389
0.2113247
0.2280154
0.2097131
0.2002719
0.2226506
0.2351095
0.2043468
0.2324506
0.2104501
0.2130137
0.2221816
0.2085819
0.2041908
0.2164359
0.1987092
0.2055032
0.1983531
0.1822905
0.2166242
0.2121224
0.1823697
0.2150797
0.199567
0.2096473
0.1954985
0.2064943
0.2096118
0.2052763
0.2185452
0.2584236
0.2367094
0.2341502
0.2897204
0.2391564
0.2405653
0.2474671
0.2326569
0.2390715
0.2125294
0.2313936
0.2557808
0.2628723
0.2300683
0.2015278
0.2092638
0.19946
0.1845815
0.2071938
0.2269181
0.2195116
0.1872812
0.2070236
0.2140834
0.2207167
0.2297181
0.2182193
0.223515
0.2148368
0.2167629
0.2245953
0.2097462
0.2285313
0.200183
0.195012
0.2185522
0.1971319
0.2081809
0.2057916
0.2218955
0.1912652
0.2054606
0.1750352
0.1812802
0.1900751
0.1635071
0.2091635
0.1978472
0.2215765
0.2388413
0.2466915
0.2167821
0.2137064
0.2523437
0.2425787
0.2344818
0.1976479
0.2315199
0.2250285
0.2384605
0.2413445
0.2264534
0.2065358
0.2357667
0.2421406
0.2269216
0.2184779
0.2536573
0.1895582
0.2133512
0.2095776
0.1972795
0.2289281
0.2243323
0.1834351
0.211668
0.2349552
0.2184968
0.2519496
0.2390735
0.2619062
0.2633616
0.2560936
0.2361056
0.2456478
0.216126
0.1999649
0.2047964
0.2285832
0.245635
0.2373705
0.2388717
0.1968498
0.251768
0.2243875
0.2481754
0.2313535
0.2253025
0.226395
0.2306119
0.2314123
0.2203493
0.2198078
0.2260441
0.1977897
0.2166322
0.2292377
0.2220596
0.2461421
0.2059079
0.2422968
0.2475066
0.2105692
0.2605557
0.2428629
0.176542
0.1972915
0.2337008
0.204401
0.2427644
0.2321475
0.2107628
0.2420063
0.2123803
0.21433
0.2125533
0.2620542
0.2530127
0.2295198
0.2521666
0.2408697
0.2268995
0.1964049
0.221988
0.2432091
0.2544301
0.2396396
0.2386227
0.2086351
0.2127211
0.2834394
0.2203145
0.2156266
0.2427403
0.2199855
0.2624771
0.2467625
0.2093569
0.2143095
0.2054443
0.2158473
0.2176666
0.2039358
0.2251882
0.1908697
0.1956102
0.1774339
0.2096784
0.203363
0.1950601
0.2134318
0.1989983
0.1901946
0.1871152
0.2033242
0.1873738
0.2071654
0.1904204
0.1818979
0.1835392
0.1826611
0.1894885
0.1901997
0.2187143
0.1902146
0.1912593
0.1969642
0.1697798
0.1812037
0.2020933
0.1999593
0.1888629
0.18528
0.1904524
0.2078203
0.2003465
0.2109468
0.1937337
0.1970643
0.1850063
0.2012061
0.2030525
0.1756317
0.1947359
0.2138365
0.2068545
0.1736392
0.1859615
0.1656355
0.1996331
0.2002179
0.2014708
0.189836
0.210053
0.1803594
0.1805216
0.1972452
0.2002569
0.1584988
0.1812309
0.2042055
0.1892356
0.1889895
0.167966
0.1958702
0.1668183
0.1854303
0.1784655
0.2018972
0.1746832
0.1847326
0.1838167
0.1928303
0.1685196
0.1834081
0.20303
0.1697464
0.1583559
0.1573438
0.1661525
0.1971457
0.2202736
0.1871528
0.2118321
0.1768255
0.1748099
0.1989352
0.1692079
0.1681238
0.1834756
0.1807388
0.2040823
0.1722588
0.1721015
0.1767632
0.1828559
0.1791174
0.1832728
0.1886422
0.2117745
0.1976669
0.1889381
0.1780255
0.2008564
0.2057662
0.1829464
0.1848659
0.1794004
0.1580739
0.2193853
0.2402731
0.1814201
0.1891796
0.1691416
0.1980507
0.1909915
0.189867
0.1898437
0.1764819
0.1955872
0.1930511
0.1876228
0.2028798
0.1733347
0.1984228
0.1756183
0.1623821
0.1739412
0.1708699
0.1697398
0.184816
0.1713174
0.1738031
0.1771664
0.191644
0.1613048
0.1777631
0.1898663
0.187539
0.1905159
0.2057185
0.205313
0.2027689
0.1875081
0.2045649
0.2152609
0.2096676
0.1827536
0.1886965
0.2181638
0.1920851
0.195463
0.2086085
0.2109727
0.1918309
0.1994864
0.1980968
0.176998
0.2149231
0.2114182
0.2186268
0.2371739
0.1861348
0.2032556
0.1879297
0.2259754
0.2367887
0.1888619
0.1989587
0.1987491
0.1620094
0.1913907
0.24049
0.2551613
0.1866421
0.2255115
0.2148146
0.1740217
0.1766957
0.2165948
0.2248682
0.205758
0.2143659
0.1703362
0.1869208
0.1694043
0.2073267
0.1637578
0.187956
0.1539526
0.1924263
0.2096087
0.1906669
0.1776266
0.2105538
0.201233
0.163127
0.1634665
0.1782008
0.1930249
0.1774453
0.1865968
0.1873083
0.1668456
0.1727753
0.1877178
0.1724877
0.1666506
0.1924955
0.2023381
0.175621
0.2038387
0.2056851
0.1862748
0.2093009
0.2045478
0.1907469
0.1935369
0.1768588
0.1962673
0.1958214
0.202159
0.1761023
0.1899408
0.1821556
0.1967819
0.1734138
0.1862225
0.1659095
0.1972512
0.1735816
0.1708906
0.1806119
0.1979348
0.1970345
0.1951381
0.1887601
0.1736275
0.1957858
0.1803965
0.1852119
0.1749387
0.1899648
0.1799586
0.2070775
0.2062738
0.191184
0.1912353
0.1800617
0.1808574
0.1849129
0.1963305
0.220501
0.2009362
0.1693267
0.179729
0.2011621
0.1791516
0.1609301
0.1885826
0.1906347
0.1980304
0.1802413
0.1861764
0.168554
0.2029797
0.2114511
0.1987184
0.2052292
0.1932706
0.2016967
0.1947043
0.2035121
0.187724
0.2024322
0.1934677
0.185794
0.2095271
0.1860729
0.1955029
0.1839899
0.1816189
0.1906055
0.1697816
0.1739217
0.1951524
0.205857
0.191349
0.186719
0.175704
0.1900854
0.1894735
0.184974
0.1870446
0.1796736
0.1761231
0.1919596
0.2028102
0.198445
0.2167054
0.1895823
0.1891498
0.2052768
0.1927567
0.1634432
0.2068561
0.2127882
0.1969291
0.206659
0.2015453
0.1976153
0.1954789
0.1965155
0.1859049
0.1993167
0.1804343
0.1842198
0.2255649
0.1878296
0.1979639
0.1979942
0.2095379
0.1827517
0.1934836
0.188868
0.1767813
0.213295
0.2004535
0.2010591
0.1982106
0.2163618
0.1923829
0.2175863
0.1947387
0.1902744
0.2316294
0.2113906
0.1990354
0.2149427
0.2254869
0.2038356
0.1663595
0.1670947
0.1924893
0.1898866
0.1969967
0.18346
0.1676987
0.1818465
0.193807
0.1971869
0.1408577
0.2043796
0.1819524
0.1663777
0.19216
0.1949833
0.1744031
0.1742303
0.2028604
0.200565
0.1765761
0.1888097
0.1970554
0.1480877
0.1690638
0.1795367
0.2081456
0.1791823
0.1558095
0.1851906
0.1772725
0.1989068
0.2123595
0.1886715
0.1982449
0.1862338
0.1878316
0.2067968
0.1723368
0.2097919
0.182651
0.2035866
0.2006489
0.196251
0.2039504
0.2269034
0.1932039
0.1600752
0.1940125
0.1713403
0.1943259
0.2031757
0.2141555
0.220151
0.1788409
0.1673167
0.1707161
0.1904818
0.2014167
0.1966962
0.1875306
0.1810859
0.1814975
0.180222
0.1895797
0.1896884
0.1909033
0.2091396
0.1981322
0.2050999
0.2006868
0.1926453
0.2097155
0.2120253
0.2030187
0.18271
0.2475567
0.2229987
0.197868
0.2113925
0.2174736
0.1961421
0.2108712
0.2243095
0.2553968
0.2014324
0.2220012
0.2551645
0.2242342
0.1730828
0.2269978
0.2159442
0.2270967
0.222032
0.2213858
0.2279807
0.2188511
0.2066282
0.2061916
0.2066198
0.1951678
0.2048427
0.2126421
0.1937967
0.1927375
0.1921508
0.2238198
0.2007619
0.1965083
0.1820718
0.2308127
0.194164
0.1777014
0.2106524
0.1748297
0.1743936
0.1982222
0.1590701
0.1854699
0.2024795
0.1812278
0.2062265
0.1905274
0.1855429
0.2239378
0.2351821
0.1823434
0.2051399
0.2101316
0.2062226
0.2055669
0.2043748
0.1928144
0.1872402
0.2054495
0.2163512
0.1949556
0.1702958
0.1881341
0.2361125
0.2015554
0.1809443
0.2095241
0.2366078
0.2193032
0.2091084
0.1991094
0.1875527
0.1949221
0.1810186
0.1813313
0.1845131
0.1891293
0.1903464
0.1907703
0.2178081
0.2020209
0.1882838
0.216581
0.2236339
0.2295967
0.2024533
0.2409224
0.2381085
0.2273597
0.1843033
0.2081426
0.2283094
0.199693
0.209252
0.2214568
0.2413905
0.2310055
0.2106438
0.2233189
0.2235954
0.1883789
0.2159068
0.1791102
0.2265876
0.2300031
0.2464723
0.2169117
0.2254959
0.214128
0.2151552
0.1880971
0.158503
0.2228327
0.1956068
0.2009909
0.1852134
0.1753126
0.1903824
0.2251687
0.1968548
0.1848185
0.2178227
0.1680861
0.1763408
0.154601
0.198641
0.1971187
0.1747068
0.1823483
0.1717794
0.1722861
0.18151
0.1957743
0.1985912
0.1676392
0.2126921
0.1663351
0.15949
0.1847274
0.2287016
0.1785208
0.1924176
0.2040964
0.188628
0.189432
0.1953581
0.199562
0.2087605
0.1871447
0.189616
0.1965869
0.1926149
0.2261275
0.1948213
0.2157484
0.1960744
0.2143571
0.198574
0.1878248
0.1853283
0.1941863
0.1679141
0.1866694
0.1884185
0.199703
0.1941032
0.1956605
0.197317
0.1945321
0.1985715
0.1881115
0.1921812
0.1666551
0.1455891
0.1892226
0.1763828
0.1679505
0.1924904
0.1818354
0.1999102
0.1713306
0.2018734
0.1764987
0.1835076
0.1791933
0.1899323
0.2055751
0.1979701
0.1789432
0.2012769
0.1954144
0.175813
0.1902286
0.1985757
0.2026005
0.2037088
0.1936394
0.1912569
0.1965735
0.1959217
0.1958966
0.17152
0.1726893
0.177513
0.1784403
0.1850337
0.1833647
0.1822247
0.158322
0.1665402
0.1685324
0.1689555
0.162549
0.2123767
0.1775964
0.1437285
0.1535176
0.1569463
0.1659057
0.1781724
0.2024197
0.2146574
0.1954437
0.1897972
0.1918143
0.2011357
0.2072513
0.2242695
0.2125913
0.1901491
0.2020007
0.2097391
0.2087092
0.177186
0.2024803
0.1881787
0.1870661
0.1939648
0.1995465
0.2042422
0.2046603
0.2091039
0.1802942
0.1882075
0.2147052
0.1829083
0.2351482
0.1796706
0.1814708
0.1817915
0.2064036
0.20455
0.2124709
0.2278768
0.2064707
0.1933142
0.2170592
0.2242685
0.1868964
0.2257843
0.1969372
0.2314883
0.2229878
0.2427905
0.2258365
0.1509142
0.2212567
0.2521875
0.2256826
0.2311233
0.2028499
0.2068496
0.2138685
0.2150168
0.1951588
0.1761426
0.1831012
0.2158937
0.2022348
0.1770868
0.1728864
0.2025237
0.1780556
0.1696852
0.1914382
0.16881
0.1831589
0.2120949
0.178741
0.1772186
0.1880342
0.1820668
0.1854093
0.1740166
0.1638117
0.1837489
0.2006176
0.1776995
0.1658995
0.1735423
0.1916324
0.186508
0.2132799
0.1814259
0.1990718
0.20034
0.1998035
0.1964879
0.2001396
0.1876206
0.1540346
0.1732532
0.2056666
0.1892338
0.2289696
0.2272206
0.1827985
0.194268
0.1935756
0.1984105
0.1774217
0.1760032
0.1768925
0.1880095
0.1785068
0.209956
0.1960963
0.1797835
0.1617925
0.1746527
0.1857817
0.1667349
0.1830513
0.1952232
0.1868815
0.2222619
0.190385
0.1502151
0.1682156
0.1997335
0.167642
0.1686067
0.196827
0.1725847
0.191231
0.1817849
0.1603121
0.2049263
0.2020874
0.1867095
0.1760536
0.1833337
0.1942265
0.178656
0.1898568
0.1788783
0.1748367
0.174431
0.1603297
0.1801755
0.1674681
0.1980046
0.1790525
0.1490199
0.1823226
0.1744196
0.1828719
0.172431
0.1729454
0.1828966
0.217555
0.1826403
0.1969089
0.1657754
0.2016801
0.1727059
0.1539913
0.1536777
0.1650531
0.1749288
0.1593091
0.1568069
0.1709562
0.1687618
0.1806434
0.1613097
0.2016884
0.1620757
0.1670661
0.1614162
0.1729316
0.1488515
0.1609126
0.1627295
0.1781664
0.1649739
0.1497695
0.1836041
0.1637008
0.1431675
0.1924661
0.2083884
0.1701293
0.165114
0.1593582
0.159554
0.1605309
0.1662492
0.199562
0.1903938
0.1687254
0.1663732
0.1661205
0.1659534
0.2138943
0.2206097
0.2503425
0.2458472
0.2550707
0.2231549
0.2545837
0.264847
0.2209019
0.216146
0.230523
0.2074935
0.241918
0.2283589
0.2097164
0.2186369
0.2427227
0.2356393
0.1915253
0.2141668
0.2069954
0.2146558
0.2086173
0.231409
0.1967127
0.2100845
0.1964536
0.2254107
0.1902212
0.214478
0.2293869
0.1979576
0.2054885
0.2224805
0.2096011
0.2081123
0.2347637
0.219784
0.2049463
0.2171421
0.2174977
0.2104285
0.180882
0.1935082
0.1794984
0.1766453
0.1841948
0.1729609
0.1850976
0.1691581
0.1980135
0.1920929
0.1930832
0.1975949
0.1837374
0.1728088
0.1932391
0.236931
0.1780626
0.1782617
0.2034559
0.1933618
0.1739993
0.2017997
0.200798
0.1775615
0.192041
0.1835312
0.2003768
0.1994009
0.1884757
0.1742741
0.2126999
0.1762878
0.1901059
0.1790457
0.1638473
0.1753678
0.1988117
0.1534314
0.1671666
0.1823017
0.1837188
0.182336
0.1778736
0.2103456
0.1853941
0.1717847
0.1681412
0.167653
0.1858547
0.1762227
0.195602
0.2074218
0.181991
0.1779358
0.152349
0.1921395
0.1825337
0.1751135
0.1896289
0.1858529
0.1714743
0.1710612
0.15218
0.1982468
0.1784689
0.1857149
0.1844999
0.1681902
0.1822128
0.1620986
0.1741575
0.1843104
0.1914761
0.1735939
0.181776
0.1782811
0.1846943
0.1769269
0.1906133
0.1840209
0.176236
0.1774271
0.1738651
0.199072
0.2010305
0.2221784
0.1990352
0.1984446
0.1970568
0.1814196
0.2042292
0.1972771
0.2158707
0.2263096
0.2428003
0.2126646
0.2358356
0.2363351
0.2479592
0.2247075
0.2058885
0.2099192
0.2104768
0.1973324
0.2140611
0.2315022
0.2249531
0.239265
0.2415795
0.2245355
0.2348815
0.2315811
0.2203271
0.2258159
0.2268896
0.2078195
0.2236264
0.2340459
0.2050411
0.2255737
0.197999
0.2107533
0.208191
0.2107213
0.2173975
0.2076743
0.2301385
0.2086447
0.2154184
0.206381
0.2218738
0.1970249
0.2020484
0.2317008
0.2058265
0.2209943
0.2337084
0.2082616
0.2206818
0.2006333
0.1864357
0.2168748
0.2142695
0.189973
0.1859249
0.181047
0.1943332
0.1867444
0.1982479
0.2043652
0.2234901
0.1996923
0.2216213
0.207629
0.2020619
0.2125993
0.1748923
0.1900211
0.2067979
0.198972
0.2072795
0.1909002
0.1917916
0.1976205
0.2018458
0.1735335
0.2530549
0.179929
0.1677384
0.204536
0.2057192
0.2101872
0.2075603
0.1851192
0.1958286
0.1956898
0.1766403
0.1982589
0.2130769
0.2073573
0.2076152
0.1816475
0.2026496
0.221288
0.2182698
0.2210462
0.2187162
0.214242
0.2268046
0.2013243
0.1968045
0.2201008
0.2172036
0.2095711
0.207635
0.2061807
0.2215855
0.2142431
0.1906479
0.2119191
0.2281777
0.2264607
0.2132452
0.2325487
0.2331512
0.2090856
0.2193884
0.2040679
0.2006779
0.2160654
0.2116672
0.188893
0.2101616
0.1961974
0.2194979
0.2087893
0.2162889
0.2107491
0.229806
0.2346798
0.2179035
0.2474013
0.2491229
0.234123
0.1958913
0.240662
0.2635471
0.2287596
0.2015093
0.2166595
0.2517835
0.2397058
0.244154
0.2283688
0.2186677
0.2168898
0.2216566
0.2347643
0.231664
0.2370398
0.228736
0.2197966
0.2162383
0.2246773
0.2205645
0.2324897
0.2456608
0.2395998
0.2165504
0.2598996
0.2125797
0.218669
0.2292603
0.2358976
0.2303356
0.2311429
0.2432804
0.2444663
0.2243293
0.2520333
0.2348374
0.2152843
0.2094045
0.234554
0.2094498
0.2466948
0.2197347
0.2243225
0.1923697
0.2585885
0.268075
0.2487242
0.2493196
0.2075886
0.2212756
0.2302323
0.2173004
0.2242365
0.1892478
0.2165695
0.2136749
0.189926
0.2139757
0.2219609
0.1960308
0.2162484
0.2380645
0.2169738
0.2003802
0.1936575
0.1864899
0.2069792
0.2196357
0.2413383
0.2348411
0.2052684
0.2010287
0.2107757
0.2148453
0.2398198
0.2073746
0.2265962
0.2179577
0.2172704
0.2180723
0.2137951
0.2229809
0.2031858
0.2178033
0.1945925
0.2132823
0.1990187
0.2106662
0.1854762
0.2032075
0.2070299
0.2042566
0.2097381
0.205345
0.2163099
0.191822
0.2127319
0.2144699
0.2220664
0.217286
0.2286378
0.2247107
0.2192674
0.2066142
0.1958671
0.1904448
0.2195165
0.2089565
0.1887607
0.2269639
0.1858231
0.1971518
0.2039484
0.2007139
0.2007856
0.1912721
0.2148737
0.2223194
0.2279304
0.1923029
0.1963917
0.191686
0.1904462
0.1735427
0.2202421
0.2292773
0.234059
0.221094
0.2201061
0.2115704
0.2375904
0.2427014
0.2369468
0.2167309
0.2371821
0.2500576
0.2241607
0.2237251
0.2434654
0.2122315
0.231275
0.2391137
0.2032671
0.2106317
0.2258127
0.231482
0.2220685
0.2319663
0.2328148
0.229445
0.1936655
0.194499
0.2104942
0.2204373
0.2368408
0.234387
0.2045178
0.1977083
0.2116998
0.189192
0.1848701
0.1942196
0.2084417
0.2240266
0.1966776
0.2081201
0.1912809
0.2053749
0.2425185
0.221743
0.2090391
0.2310458
0.2355501
0.1943402
0.1846374
0.1932986
0.1942481
0.194481
0.1909312
0.1862408
0.1879128
0.214177
0.1987147
0.2071203
0.2260832
0.2136736
0.2065122
0.2181846
0.2040629
0.194892
0.2083698
0.1994165
0.2059749
0.2210918
0.2044748
0.2089185
0.2336136
0.1798242
0.2026906
0.1779823
0.1867559
0.2110561
0.1949216
0.2007158
0.1929948
0.2144313
0.1997934
0.2173372
0.2150017
0.1897117
0.2041685
0.201076
0.2063145
0.2049296
0.1722337
0.1967674
0.2022519
0.1905152
0.161834
0.2006165
0.2087355
0.1843683
0.1774489
0.2034633
0.2076381
0.2209561
0.2139505
0.1987549
0.2001575
0.2062962
0.2179284
0.2067281
0.2075788
0.1824547
0.2266387
0.2233034
0.2018869
0.1796301
0.1984263
0.1903675
0.1715809
0.2055295
0.1926566
0.1925464
0.2000769
0.2211172
0.2028206
0.201719
0.1964077
0.1878807
0.2017557
0.1982506
0.1935285
0.2148005
0.2068927
0.2070142
0.2394523
0.2074966
0.2052868
0.1971142
0.2125566
0.2115391
0.1791432
0.2108354
0.1782546
0.1919027
0.1825649
0.2103874
0.2080438
0.2068553
0.2092698
0.2009416
0.2022208
0.2140699
0.2144231
0.1966727
0.2003067
0.1861568
0.1985845
0.2049405
0.2181635
0.194104
0.2068659
0.1816149
0.2117969
0.1992918
0.1866206
0.1933887
0.2118046
0.2312811
0.2174732
0.223549
0.2082821
0.2278283
0.2126159
0.2110105
0.2159709
0.2146507
0.1898662
0.2147385
0.2316987
0.2074141
0.2123463
0.222891
0.222883
0.2324954
0.251331
0.2433268
0.2251152
0.2284824
0.2335957
0.1950402
0.1986249
0.2166694
0.2268128
0.226729
0.2033549
0.2145223
0.2090895
0.2102322
0.1955685
0.2080116
0.1574461
0.1968254
0.2132601
0.1899888
0.1946558
0.1954436
0.2008404
0.1814831
0.1839951
0.1798182
0.1989131
0.2238414
0.2008466
0.2046674
0.2054317
0.2016402
0.2049102
0.1952748
0.2022579
0.2175536
0.2045425
0.2028239
0.2119235
0.2215766
0.1855409
0.1923048
0.1805996
0.212543
0.2037829
0.2026563
0.1892355
0.1883389
0.211627
0.2040079
0.2319543
0.2048634
0.2091476
0.1858133
0.2107915
0.2111799
0.2084411
0.1992293
0.2029227
0.1900265
0.1954418
0.1824872
0.2104479
0.2013401
0.1936367
0.1886449
0.2015518
0.1895076
0.2019894
0.1775213
0.2011848
0.1966268
0.1840742
0.2032431
0.1913791
0.1880612
0.1942913
0.2089828
0.1825441
0.2049587
0.1992172
0.2035484
0.1827091
0.1852965
0.1939734
0.1985103
0.1825194
0.236008
0.1911565
0.1938227
0.184849
0.2117384
0.1933071
0.1953054
0.1946359
0.194488
0.1769399
0.206119
0.1841051
0.2112902
0.2005346
0.187119
0.1928812
0.2016607
0.1992845
0.2012267
0.196389
0.1885861
0.199448
0.1895193
0.1821668
0.2019788
0.1999307
0.1565447
0.1630685
0.1927554
0.1812455
0.1938532
0.2048842
0.2054637
0.196905
0.1964083
0.1907217
0.1866155
0.1991239
0.2056093
0.1618627
0.2241816
0.1785204
0.1839509
0.2018268
0.189101
0.2058141
0.2017884
0.1943401
0.1894772
0.1965476
0.198752
0.2069985
0.2254772
0.2067758
0.1895609
0.1867253
0.1804518
0.1904886
0.2119232
0.1913103
0.2226448
0.2116129
0.201158
0.2074369
0.2122141
0.2491328
0.2343472
0.2124624
0.2200547
0.2104635
0.1888351
0.2148168
0.2081262
0.2122445
0.1970013
0.1871325
0.2076959
0.2367247
0.2005219
0.2041073
0.1881038
0.2231117
0.2467789
0.2147063
0.2088874
0.1842078
0.2265712
0.2011623
0.2227547
0.1898343
0.1928303
0.1829744
0.2110593
0.2145219
0.211399
0.187951
0.2155736
0.216587
0.203687
0.2041319
0.1968829
0.2113119
0.2031356
0.2038067
0.1912193
0.2109814
0.2192883
0.2011526
0.2271562
0.2081589
0.20598
0.1951241
0.2115699
0.2052702
0.2127328
0.2082062
0.2113448
0.2002684
0.2236409
0.2125741
0.223732
0.206584
0.1954564
0.2186805
0.1963695
0.2171887
0.2256543
0.228199
0.1995099
0.2104926
0.2074204
0.2564841
0.1874644
0.2116663
0.2102048
0.2206064
0.1914831
0.2052824
0.1967165
0.2036843
0.1897836
0.202007
0.1960095
0.2149016
0.2245648
0.196377
0.2350821
0.2116407
0.2081979
0.2210306
0.2069505
0.2138121
0.2281718
0.1807036
0.1971463
0.2169425
0.1926716
0.2024401
0.2066579
0.1711251
0.1876527
0.1877736
0.2268495
0.2191394
0.2292308
0.2059547
0.1951026
0.2016071
0.1953243
0.2130965
0.204992
0.1956809
0.1980917
0.2287661
0.2014518
0.1945188
0.2068882
0.2046172
0.2020065
0.1875604
0.2036621
0.2313725
0.195325
0.2052391
0.1986311
0.197352
0.2102123
0.2051276
0.1985057
0.1959067
0.2269934
0.19815
0.1922881
0.2055225
0.2176865
0.2179022
0.221563
0.1977926
0.226007
0.2492508
0.1916791
0.2040499
0.2037161
0.2410411
0.2059977
0.2163231
0.2308334
0.2207884
0.2178289
0.2136494
0.1955561
0.2110093
0.197436
0.2483255
0.2054199
0.2207742
0.2072844
0.1950361
0.2145434
0.2199353
0.204736
0.2186969
0.2146741
0.2283023
0.2123771
0.2161974
0.210354
0.2092979
0.2251478
0.2379333
0.21938
0.2155408
0.210393
0.2223289
0.2305884
0.227598
0.2431699
0.2162926
0.2322319
0.2423661
0.2366509
0.2055697
0.2298479
0.1612065
0.1766076
0.1926005
0.2284679
0.2164178
0.2183177
0.2178344
0.2210717
0.2185861
0.2034907
0.1975318
0.192034
0.1951285
0.165152
0.2149055
0.2140336
0.2011728
0.1898896
0.2061168
0.1951107
0.2022565
0.2069257
0.1951237
0.191631
0.2092605
0.1959274
0.2056124
0.2022946
0.2040409
0.1942708
0.1926596
0.2167881
0.2174003
0.1832782
0.2089028
0.2045235
0.2062547
0.1885816
0.2024129
0.2123019
0.2006048
0.1994094
0.2197457
0.1746797
0.2195687
0.1715024
0.1968206
0.1932472
0.1670903
0.169451
0.1814754
0.1864769
0.1681011
0.1573079
0.1696946
0.1815563
0.1812147
0.1551587
0.1702555
0.1852591
0.169309
0.1710569
0.1716552
0.1716696
0.1337754
0.1249375
0.1330687
0.1272262
0.1384254
0.1424797
0.1379616
0.1451233
0.1656502
0.1388373
0.1417599
0.1598086
0.1387626
0.1410427
0.1172406
0.1317966
0.1439576
0.1349816
0.1396277
0.1290714
0.1348099
0.1580569
0.1139781
0.1343722
0.1459541
0.1330435
0.1568527
0.1432665
0.1671035
0.1441734
0.1611851
0.141729
0.1272801
0.1363034
0.1415761
0.1426183
0.1711
0.160907
0.1876742
0.1572223
0.1523607
0.1395122
0.1441555
0.1582365
0.1655854
0.1386718
0.1313172
0.1525555
0.1607064
0.1517169
0.1681684
0.1496725
0.1536448
0.1398479
0.1343341
0.1434271
0.1524084
0.1514388
0.1417579
0.1597894
0.1522787
0.1567051
0.157414
0.153219
0.1456359
0.1615245
0.1381462
0.1388436
0.1811393
0.1733257
0.2134186
0.1691981
0.151336
0.1714089
0.1688697
0.1524283
0.1564488
0.1846394
0.1688387
0.1633369
0.1648557
0.1555931
0.1730078
0.152052
0.1808076
0.2104852
0.1613909
0.1841035
0.1651023
0.2005797
0.1881704
0.1947861
0.1856056
0.1587666
0.1956804
0.1320033
0.1641848
0.1384912
0.1482396
0.1887849
0.1480361
0.1640138
0.1590573
0.1758581
0.1557191
0.1574866
0.1524242
0.1471376
0.1358722
0.1352471
0.1324437
0.1304378
0.1380894
0.121355
0.1414821
0.1383536
0.1616045
0.141464
0.1492064
0.1588908
0.1509435
0.1408862
0.1405289
