0.1029949
0.0862617
0.0793425
0.0914637
0.0856175
0.0802619
0.0977024
0.1064038
0.1347024
0.1477115
0.1298845
0.1106949
0.1283335
0.0993534
0.1036718
0.1229801
0.1240887
0.134238
0.1256495
0.1138797
0.1218522
0.116768
0.1280501
0.1458529
0.1337476
0.1190987
0.1317263
0.1066872
0.12913
0.1184117
0.0992573
0.1107092
0.1242714
0.1092705
0.1073808
0.1063999
0.1374381
0.1396001
0.1439362
0.1237327
0.0991139
0.0938785
0.1025318
0.0985625
0.0911007
0.0787276
0.0761725
0.1128639
0.0870767
0.1320884
0.0858252
0.1171294
0.113753
0.0963821
0.1073123
0.1220188
0.1326452
0.1045672
0.1325917
0.1271429
0.1280343
0.1309344
0.158857
0.1357384
0.1312811
0.1345022
0.1181848
0.1179936
0.1144086
0.1161259
0.1332583
0.1315669
0.1022798
0.1089441
0.1244602
0.1309367
0.1081246
0.132084
0.121827
0.1357369
0.116663
0.1579906
0.1461161
0.1027035
0.1402485
0.0976955
0.1051475
0.1244529
0.1269477
0.1081895
0.0993405
0.1130899
0.1307308
0.1427029
0.1215551
0.1649082
0.1297549
0.1559794
0.1080984
0.1327774
0.1238049
0.1072507
0.0953915
0.1106329
0.1391062
0.1127414
0.1617999
0.1062548
0.1500855
0.1367093
0.1453665
0.132086
0.1454421
0.1243394
0.0890762
0.115654
0.1354138
0.0966143
0.1125732
0.1090125
0.1021204
0.0890815
0.0973921
0.1134337
0.1335488
0.1142999
0.1281378
0.1473346
0.1438925
0.1467706
0.128881
0.1362029
0.1191532
0.1162633
0.1277548
0.1598033
0.1046939
0.1018859
0.0937061
0.0834873
0.0937343
0.104614
0.1193534
0.1154615
0.0911652
0.1086526
0.1193898
0.1415806
0.1236078
0.1110069
0.1362935
0.1189138
0.1120771
0.1318006
0.156048
0.1497072
0.1518346
0.1320267
0.1406341
0.1311929
0.1461887
0.1365588
0.1196343
0.1335613
0.1507326
0.1538584
0.1163799
0.1704042
0.1686962
0.1322726
0.1072602
0.1379821
0.1581126
0.1310979
0.146911
0.1340612
0.1267667
0.1396461
0.1397685
0.128748
0.1286481
0.1279317
0.1275509
0.1447354
0.0940578
0.1166656
0.1319131
0.1479687
0.1432213
0.1510093
0.1599726
0.1518727
0.1506799
0.1627888
0.176718
0.178207
0.1679885
0.1455515
0.1697235
0.1712189
0.1783568
0.1754254
0.1901047
0.1632127
0.12011
0.1477875
0.1326619
0.1511406
0.1515243
0.1208452
0.1209679
0.1301539
0.1399278
0.1351113
0.1556524
0.1199245
0.1235336
0.1488641
0.1378012
0.1306368
0.1388618
0.142887
0.1259745
0.12728
0.1383702
0.1328731
0.1275903
0.1647235
0.1504468
0.1364972
0.140827
0.1444429
0.1677907
0.1474151
0.1632183
0.1449952
0.1868015
0.194102
0.133625
0.1309879
0.1468594
0.1590729
0.1686458
0.1500504
0.1709162
0.1760821
0.1555701
0.1109458
0.1252346
0.1155913
0.1145303
0.0993348
0.128664
0.1472287
0.1748405
0.1627311
0.1432289
0.1691497
0.1699427
0.1341764
0.1741275
0.1531351
0.1525145
0.1726604
0.1370776
0.1130933
0.118864
0.1457886
0.1488282
0.1492192
0.1250792
0.1480173
0.1357104
0.1378017
0.1704471
0.1670599
0.1482101
0.1470227
0.1421678
0.117563
0.1792126
0.1593885
0.1754328
0.1866961
0.1802394
0.1649993
0.1589328
0.1259355
0.1428543
0.1577723
0.1439092
0.1458442
0.1449109
0.1755023
0.1537907
0.139886
0.155625
0.1532878
0.1476454
0.1701079
0.199318
0.1589787
0.1576695
0.133282
0.1459486
0.1522395
0.1460357
0.124669
0.1509704
0.1627113
0.1235185
0.155248
0.1504675
0.127571
0.1303833
0.1615167
0.1740873
0.1509548
0.1992919
0.197102
0.170436
0.1680768
0.1694894
0.170159
0.1987399
0.148726
0.1627322
0.1601385
0.1633127
0.1591245
0.1389014
0.1429975
0.1448038
0.1403475
0.1292302
0.1364727
0.1190136
0.1500507
0.1271363
0.1368772
0.1407007
0.1355087
0.139126
0.1060731
0.0947933
0.1081417
0.1273702
0.1166211
0.1006679
0.1121832
0.1050342
0.0987255
0.1625383
0.1343308
0.1248877
0.1243627
0.1247609
0.1489219
0.105279
0.1356602
0.1148796
0.1288039
0.1276647
0.1304789
0.1243036
0.1291092
0.1692088
0.1319766
0.103034
0.1452677
0.1246107
0.1267357
0.1589492
0.121168
0.1489688
0.1174614
0.1140125
0.1291416
0.1172963
0.1288243
0.0987489
0.1162417
0.1369318
0.1349538
0.1142629
0.1260723
0.1238822
0.126057
0.14568
0.1288473
0.120438
0.0966231
0.1061171
0.1162727
0.1068406
0.1228347
0.1413945
0.1387704
0.1130084
0.1058254
0.1135707
0.0974659
0.1200655
0.1213129
0.1273514
0.0885753
0.0877443
0.0857287
0.1132756
0.0982367
0.0805826
0.1081724
0.0913619
0.0855231
0.1070134
0.1284433
0.1034406
0.1094526
0.1202974
0.1189949
0.1593053
0.1097357
0.1211963
0.1345309
0.1291342
0.1483239
0.1199949
0.1740225
0.1293931
0.1420175
0.1567304
0.1972029
0.1854169
0.1478425
0.1774384
0.1641082
0.228415
0.1736092
0.1759866
0.1858287
0.1633919
0.1633831
0.1530365
0.1759304
0.14456
0.1420656
0.1425286
0.1338976
0.140513
0.1541805
0.1739293
0.1691587
0.165414
0.2002303
0.1997666
0.1641845
0.1491593
0.1719375
0.1568707
0.1523252
0.1252542
0.1545923
0.1591785
0.1794291
0.1511574
0.1859548
0.1358095
0.1841482
0.1675069
0.1918273
0.1773415
0.193042
0.1757172
0.2111809
0.2119102
0.1750503
0.1850684
0.1612267
0.1941531
0.1866557
0.1700725
0.1715887
0.2136896
0.1976068
0.2105292
0.2169943
0.1948815
0.1485218
0.1514632
0.1713736
0.1691809
0.1673214
0.1834166
0.1800957
0.166998
0.1818199
0.2361048
0.1734813
0.2118685
0.2097971
0.1831339
0.2039029
0.1885199
0.2620394
0.2352575
0.2033226
0.2481706
0.1984399
0.2157983
0.1596762
0.1514114
0.1651207
0.1698813
0.1787528
0.1217435
0.1449416
0.1127007
0.1199828
0.1088001
0.1318252
0.1173229
0.1290778
0.1354126
0.1145539
0.1015325
0.0942531
0.1407229
0.1287106
0.0981314
0.1124323
0.1387646
0.1185723
0.1185263
0.0858635
0.078302
0.1255902
0.0930015
0.1016597
0.0879755
0.06158
0.0673288
0.077123
0.084355
0.0942419
0.074345
0.0749569
0.077298
0.073388
0.0947052
0.0857823
0.0818817
0.0912734
0.0831234
0.0805085
0.1165376
0.0917835
0.1120639
0.1146274
0.1178432
0.1045322
0.108586
0.1260906
0.1263822
0.0919035
0.1161275
0.1255279
0.1362562
0.1240696
0.1288302
0.0952763
0.1006136
0.1021283
0.0789264
0.1036372
0.1495131
0.1335033
0.121392
0.1141202
0.1458309
0.1430489
0.1605556
0.1658829
0.1266849
0.182672
0.1357268
0.1779496
0.1475033
0.1809648
0.1455987
0.1539821
0.1445453
0.1716392
0.1273836
0.1304056
0.1292036
0.1533488
0.1395455
0.1068722
0.1348602
0.1106373
0.1507449
0.1267527
0.1288865
0.1378056
0.1169359
0.1397559
0.1395089
0.1458953
0.1249709
0.1523758
0.1174382
0.1215168
0.1337506
0.1491139
0.1310809
0.1117097
0.1128672
0.1367339
0.145059
0.1421686
0.1179704
0.168575
0.1372671
0.1298788
0.110716
0.1197726
0.1227679
0.1156161
0.1104324
0.1444701
0.1178863
0.0957574
0.1471249
0.1411823
0.1621438
0.1651187
0.1698462
0.1752306
0.1648527
0.1293688
0.1238868
0.1391205
0.1607119
0.0989942
0.1072489
0.0857762
0.0946801
0.0946957
0.0998488
0.0751382
0.1101444
0.1032629
0.1178238
0.0827219
0.1156173
0.1442992
0.1332221
0.1325473
0.1367052
0.1357661
0.0866475
0.1090847
0.117881
0.1098333
0.1526772
0.1248728
0.1365963
0.1107627
0.1447446
0.1561546
0.1483512
0.133341
0.1269918
0.1169854
0.1283411
0.1124355
0.1384203
0.1425908
0.1808471
0.1808806
0.2098074
0.2523054
0.2368985
0.2146333
0.2391497
0.2390161
0.2216604
0.2290997
0.2261886
0.2395017
0.169343
0.2296986
0.1784742
0.1908609
0.1891082
0.1935776
0.1651188
0.1806433
0.1825092
0.1784911
0.1682231
0.1686821
0.1825587
0.1812185
0.1772514
0.1714894
0.2021049
0.1889362
0.2019398
0.2181239
0.2052938
0.1660419
0.1610892
0.2247143
0.1597359
0.17829
0.1607313
0.1473579
0.1816743
0.129156
0.1430284
0.1283993
0.1111831
0.1237304
0.1450082
0.1408832
0.1538687
0.1542884
0.1070459
0.16816
0.1020782
0.1476628
0.1239125
0.1489301
0.1289588
0.1269661
0.1135669
0.1352817
0.1097702
0.1359196
0.1058102
0.1272015
0.1087119
0.1215785
0.1194829
0.1109045
0.1094835
0.1171601
0.1284839
0.1293044
0.1685861
0.1559501
0.1351855
0.1193731
0.1214873
0.1231018
0.1246915
0.1300974
0.1317438
0.1411607
0.117954
0.1732961
0.1684773
0.1723842
0.1671769
0.166562
0.1521961
0.1450574
0.1206399
0.1348988
0.1263421
0.123443
0.139735
0.1326884
0.1349826
0.1300642
0.1282498
0.1206868
0.1233154
0.125471
0.1208568
0.1342109
0.1255728
0.1228761
0.1244802
0.1163733
0.1166326
0.138739
0.1154302
0.1209636
0.1229861
0.1294731
0.1139978
0.1349553
0.1782989
0.1353265
0.1398329
0.1186794
0.1245942
0.1200101
0.1255859
0.1462852
0.1235201
0.1305238
0.1484735
0.1229997
0.1324513
0.1254045
0.1200847
0.1482105
0.1147546
0.1234876
0.1356374
0.1453432
0.1385406
0.1420176
0.1303516
0.146449
0.1397682
0.1167751
0.1340731
0.1525043
0.123566
0.1504748
0.1082914
0.1257124
0.1278363
0.1580081
0.1301074
0.1283029
0.1456795
0.1165369
0.1087091
0.1161122
0.1263577
0.1182844
0.1251704
0.1449625
0.1409197
0.1342175
0.1445916
0.1484467
0.153593
0.131033
0.1311828
0.1221055
0.1279593
0.0988774
0.1246401
0.1157481
0.1216485
0.1365886
0.1500329
0.1579228
0.1300471
0.1336132
0.1235576
0.1128353
0.1407999
0.1137202
0.1193145
0.1393714
0.1232918
0.1187213
0.1035952
0.1066333
0.1090918
0.1121728
0.1144292
0.1367568
0.1058978
0.1033108
0.1277918
0.0989502
0.1225045
0.1135004
0.1453731
0.1220736
0.1485883
0.1308446
0.1370043
0.1125314
0.128157
0.0929406
0.118534
0.1113886
0.1318373
0.1263811
0.1376334
0.0927825
0.127708
0.1363386
0.1243431
0.1206871
0.1263838
0.1411332
0.1393705
0.1430094
0.1166359
0.1253595
0.1519167
0.1324674
0.1396368
0.166871
0.1044341
0.1223669
0.1077149
0.1275446
0.1123002
0.1517434
0.131535
0.1365712
0.1310697
0.1194002
0.1265089
0.1496696
0.1185318
0.1323763
0.1371596
0.1471459
0.1506387
0.1567112
0.155994
0.1443547
0.1458979
0.1383658
0.1174956
0.1189994
0.1220342
0.1121113
0.1149565
0.1069879
0.1033287
0.1118525
0.1216827
0.1388815
0.136754
0.118553
0.0867435
0.1128391
0.1451806
0.1326673
0.0946136
0.1076396
0.1288061
0.1228343
0.1028378
0.0963544
0.126129
0.1211306
0.1234943
0.1144042
0.1343268
0.1248249
0.1230493
0.128854
0.140546
0.1296607
0.1334501
0.1157768
0.1119495
0.1125459
0.1215692
0.117105
0.1585123
0.1476308
0.1465314
0.1346117
0.1347827
0.1237033
0.150298
0.1301538
0.1043674
0.1350593
0.1212725
0.1323403
0.1147344
0.1399181
0.1309507
0.0916399
0.1139039
0.0954472
0.1207348
0.1311373
0.1299829
0.1205489
0.1389999
0.1290619
0.1272449
0.123141
0.1218075
0.1140072
0.0881897
0.1061946
0.1079036
0.1145421
0.1322059
0.1022767
0.1001874
0.1070769
0.0974568
0.0801181
0.1019706
0.1193607
0.1008154
0.1178976
0.1125637
0.1099892
0.1154404
0.1154101
0.1307399
0.1088352
0.1041425
0.1109533
0.1186436
0.1368082
0.1164565
0.1286966
0.1479755
0.1413927
0.1187056
0.1024625
0.1026963
0.0959669
0.1311359
0.1121076
0.1090829
0.1065739
0.1096755
0.1265713
0.105499
0.0995404
0.0934767
0.1139719
0.0871267
0.0939212
0.0849157
0.075288
0.1126941
0.0856984
0.127592
0.1018158
0.1189361
0.0935722
0.096941
0.0932696
0.1073608
0.098359
0.1011323
0.0937068
0.1158169
0.1073937
0.1018678
0.1214147
0.1056932
0.0817172
0.1154358
0.1061732
0.0859389
0.0995187
0.0938276
0.112865
0.1090895
0.0937701
0.1028534
0.0850451
0.0854596
0.1125872
0.0980227
0.1198163
0.1044909
0.1213787
0.0990624
0.1035089
0.0962204
0.0907206
0.0878385
0.0783247
0.0862621
0.097452
0.0941514
0.1117
0.1186442
0.1144154
0.1089807
0.0872679
0.0987133
0.113374
0.1006017
0.1264022
0.0942041
0.0970734
0.1061859
0.1146713
0.1104013
0.115603
0.1058831
0.1163099
0.1323897
0.1256463
0.1068488
0.1099675
0.0930118
0.083713
0.1153446
0.0916677
0.121672
0.1084346
0.1062483
0.1037341
0.1143451
0.109373
0.105695
0.1164733
0.1297622
0.1363637
0.1187918
0.1265895
0.1272252
0.1269023
0.1268124
0.1252482
0.1337283
0.1321867
0.1371312
0.1320073
0.1326549
0.1345421
0.1328939
0.1202721
0.1351705
0.1108081
0.1131184
0.1308877
0.1398056
0.1183373
0.1101207
0.1215225
0.1463799
0.1403262
0.1093628
0.1189569
0.1181142
0.1435567
0.1288708
0.1417067
0.1312091
0.1285183
0.124075
0.1260034
0.1382565
0.1246661
0.1244898
0.1294527
0.1370135
0.1429049
0.1179506
0.1273426
0.1624819
0.1292905
0.1594802
0.1393824
0.1831808
0.1937174
0.1622634
0.1518346
0.1418017
0.1740814
0.1529243
0.1532224
0.1651216
0.1699655
0.1482275
0.1536124
0.1591259
0.1468586
0.1352995
0.1053594
0.1361728
0.1231833
0.1395057
0.147947
0.1219115
0.1487137
0.11522
0.1142132
0.1468415
0.120292
0.1413083
0.1507084
0.0978311
0.1248265
0.1652136
0.1461804
0.1318926
0.1632036
0.1259867
0.1378895
0.1055778
0.1171107
0.1224494
0.1294566
0.1357277
0.1251141
0.1207865
0.1364079
0.120152
0.1384524
0.1479423
0.1348033
0.1457127
0.1141135
0.1176182
0.1235746
0.1112342
0.1236347
0.1379613
0.1127842
0.0851424
0.1120849
0.1263776
0.1545325
0.1060338
0.1259407
0.1508967
0.1474943
0.1207347
0.1204618
0.1226358
0.1207837
0.1119361
0.1241762
0.12918
0.1097966
0.1060709
0.1086386
0.1151238
0.1240368
0.12679
0.1160745
0.1005763
0.1114099
0.1365228
0.1248087
0.1255117
0.1155877
0.0967215
0.1182244
0.1227019
0.1120032
0.1275631
0.1298283
0.0934681
0.1197956
0.1267087
0.1085796
0.1087772
0.1183236
0.1185274
0.1153175
0.1127038
0.0998739
0.0969684
0.1082547
0.126075
0.0948768
0.1042238
0.1220862
0.1145785
0.1067667
0.1061968
0.1346808
0.1234482
0.1172674
0.1224462
0.1149991
0.117136
0.1135872
0.1080304
0.0983799
0.0936417
0.1104991
0.1104515
0.1054799
0.1248927
0.1105602
0.1113172
0.1111848
0.1311139
0.112076
0.0996178
0.1013738
0.095698
0.1226096
0.1186168
0.109197
0.0908492
0.096547
0.1001254
0.100719
0.0962085
0.1167647
0.0973224
0.1104602
0.0937137
0.0965826
0.1044167
0.1007908
0.1080199
0.0960728
0.1131436
0.0939202
0.1111114
0.1370325
0.1185249
0.0917356
0.1083437
0.104534
0.1091719
0.10283
0.094953
0.0947807
0.0897299
0.0974206
0.0979964
0.082799
0.0999416
0.1020795
0.1155146
0.0974888
0.1000791
0.113267
0.0786701
0.0747613
0.0945511
0.0914042
0.1103202
0.1099644
0.089614
0.1002704
0.1009331
0.1196725
0.1185062
0.1094493
0.1067192
0.0964413
0.1446833
0.1278278
0.1246618
0.1093869
0.1060986
0.1197942
0.0992644
0.135973
0.1209838
0.0884845
0.1044933
0.106448
0.0963573
0.1016169
0.1239354
0.1128896
0.1375892
0.1106726
0.1175491
0.1079969
0.1218374
0.1322542
0.1335151
0.1331393
0.1320892
0.1254788
0.1223535
0.1195811
0.1431824
0.1366757
0.1276009
0.1030879
0.1226257
0.1210325
0.1171012
0.1253022
0.1258156
0.1178935
0.1242053
0.106912
0.1129994
0.1561527
0.1145136
0.1304397
0.1264848
0.180781
0.132511
0.1282864
0.1058677
0.1258289
0.1042677
0.1191802
0.131859
0.1206297
0.1036939
0.1336512
0.1185984
0.1104934
0.1339801
0.1187428
0.1108646
0.119279
0.108607
0.1145465
0.1331461
0.0967774
0.1003674
0.1061065
0.0846096
0.1185173
0.1011389
0.1092511
0.1192029
0.1119255
0.1186332
0.100268
0.0965868
0.0812409
0.1013789
0.1003604
0.1024708
0.0934484
0.0886695
0.084254
0.0866403
0.0927005
0.1191629
0.0911636
0.1120132
0.135373
0.1207544
0.1191586
0.1027339
0.1063986
0.1099327
0.0952752
0.1260381
0.1054308
0.0920217
0.102427
0.0885148
0.1068393
0.120638
0.1181809
0.1381773
0.1106391
0.1164921
0.1240701
0.0924912
0.1287349
0.1365045
0.1361967
0.1147189
0.0916436
0.1167714
0.1317774
0.1256328
0.1216045
0.1299388
0.1251127
0.1241164
0.0948802
0.1266541
0.0968074
0.1174738
0.1047495
0.1119823
0.1044649
0.117924
0.10633
0.0902266
0.1068853
0.1086762
0.0959752
0.1212972
0.1144377
0.124481
0.0958289
0.0875732
0.0968377
0.113255
0.1248725
0.1019359
0.0886017
0.0942146
0.0912762
0.1131476
0.1050699
0.0970813
0.1052558
0.0925275
0.1058831
0.1017391
0.0973775
0.1005777
0.0877159
0.1006408
0.1020887
0.0807721
0.104969
0.1013819
0.124984
0.1140132
0.1370202
0.1063283
0.0993853
0.1039205
0.1096681
0.1114622
0.1044128
0.0890633
0.0965536
0.0931648
0.1254052
0.1246249
0.1126646
0.0978954
0.1059441
0.1107958
0.1303414
0.1078652
0.1045298
0.1056237
0.1097885
0.1068904
0.1126465
0.0962842
0.1198313
0.1272125
0.1016527
0.0904337
0.0931394
0.0894566
0.0863055
0.0948885
0.0953456
0.102172
0.0872942
0.0838832
0.0992105
0.0893083
0.1041032
0.0825623
0.0787919
0.0986632
0.0919996
0.1005186
0.10954
0.0955248
0.0862241
0.0878737
0.0980383
0.0970383
0.1079024
0.0967065
0.1063201
0.1084379
0.1019672
0.0981536
0.1089245
0.1192396
0.0913086
0.1003004
0.1123184
0.083372
0.0813262
0.1007006
0.1055592
0.1176592
0.1019874
0.1011615
0.0985427
0.0938738
0.0904705
0.0986478
0.0988632
0.1164865
0.0939878
0.0958402
0.1106318
0.0820714
0.114579
0.0930039
0.0941784
0.0823273
0.1059476
0.1169738
0.1095085
0.1100735
0.1129053
0.1152971
0.087839
0.0849387
0.1126951
0.0796332
0.1171208
0.0893383
0.112915
0.1084132
0.0944385
0.121466
0.124383
0.1149686
0.1005799
0.0851939
0.0993004
0.0850085
0.1173796
0.0984941
0.0997325
0.1142453
0.1011592
0.1051125
0.1275917
0.0951829
0.082458
0.0774957
0.0973106
0.1078551
0.1052655
0.1033674
0.0816939
0.100699
0.0954391
0.0838828
0.082376
0.0759082
0.0856562
0.1069079
0.1044034
0.0872053
0.08836
0.1175445
0.1081041
0.1227358
0.1084592
0.1265808
0.1118264
0.120604
0.1255491
0.1198703
0.1084605
0.1084592
0.1042051
0.0997393
0.1498825
0.1057638
0.1019272
0.1093756
0.1147786
0.1087588
0.1130732
0.1110912
0.1181216
0.1147174
0.1088123
0.1091379
0.1110879
0.0857464
0.0852459
0.0831465
0.0945439
0.0875292
0.1046288
0.0928439
0.1128109
0.0958652
0.118383
0.102213
0.1093681
0.1295776
0.1091063
0.1077852
0.1202234
0.1223285
0.1125288
0.1108948
0.1085958
0.1296978
0.1270592
0.1159576
0.1081885
0.1117845
0.1097967
0.091705
0.0947121
0.101556
0.1010052
0.1082429
0.0783752
0.1142597
0.116548
0.112585
0.1009648
0.0894112
0.1172641
0.1110605
0.1113303
0.1212983
0.1417351
0.1104625
0.0996983
0.0920779
0.0923928
0.1020372
0.1139007
0.1272291
0.1137654
0.106232
0.1080727
0.1173366
0.1186201
0.0963634
0.0988077
0.1083407
0.1093502
0.1091945
0.1034311
0.1095778
0.1126302
0.1163313
0.1147732
0.1078062
0.1118499
0.0977249
0.091558
0.1187832
0.0934388
0.0923956
0.0946485
0.0891657
0.0867241
0.1201683
0.0893492
0.0855492
0.0918311
0.1159586
0.1087162
0.1135398
0.1209709
0.1093247
0.1029167
0.1084593
0.0813798
0.0851247
0.0942171
0.1021026
0.0898421
0.0984638
0.1064504
0.1083036
0.1116613
0.0921302
0.0976673
0.1071028
0.0869246
0.0997079
0.1177666
0.1050524
0.1287662
0.1166845
0.1270497
0.0970067
0.1156197
0.1134796
0.1051311
0.1141795
0.109718
0.1205367
0.1183721
0.097305
0.1120501
0.1050985
0.1091093
0.103501
0.1141123
0.1183015
0.1177947
0.1558455
0.1374453
0.1264778
0.104245
0.1078757
0.1328786
0.1263198
0.1138903
0.1180558
0.1155092
0.101065
0.0884735
0.1201325
0.1175675
0.112747
0.1053336
0.1213751
0.1122683
0.1145687
0.0979304
0.1169472
0.1156271
0.1261089
0.1109685
0.126744
0.1092033
0.1471221
0.1241334
0.1012461
0.120649
0.1204705
0.1357975
0.0968515
0.1186847
0.0877828
0.106937
0.1082917
0.1045662
0.0952867
0.1030255
0.1265786
0.1221324
0.1365357
0.1107253
0.1141368
0.1171362
0.1065614
0.1036334
0.112801
0.1044806
0.1104093
0.0867317
0.1034231
0.1003898
0.0913642
0.103027
0.0866762
0.1177068
0.1005584
0.125248
0.0917424
0.1348212
0.1151365
0.1245053
0.1206992
0.1038508
0.1269562
0.0997477
0.0963742
0.0990228
0.1148359
0.1028943
0.1057068
0.1115405
0.1075964
0.1283462
0.1070705
0.1130057
0.1069457
0.1098185
0.0977631
0.118195
0.1228196
0.1132156
0.1222578
0.1399389
0.105488
0.1213069
0.1215306
0.1327347
0.096487
0.1093725
0.1062003
0.114291
0.106349
0.0965312
0.1008004
0.1107373
0.1037752
0.1153631
0.1161266
0.1353821
0.100169
0.1195429
0.1141262
0.1208519
0.1076203
0.0980888
0.1322924
0.1224961
0.0951734
0.1035124
0.0964912
0.0989005
0.1134998
0.1029704
0.108076
0.0931855
0.0966947
0.1064693
0.1059162
0.1093795
0.0878736
0.1025902
0.0986994
0.1060609
0.1054327
0.1242827
0.1197117
0.1117711
0.1161638
0.1228322
0.114218
0.0981732
0.111373
0.131813
0.1181604
0.1248342
0.1149871
0.1062647
0.1090937
0.1179798
0.1283816
0.1201296
0.1147708
0.1013328
0.1295013
0.1212067
0.1284366
0.1107079
0.1082934
0.116542
0.1137197
0.0922503
0.1184156
0.1043832
0.1081572
0.0991583
0.0965532
0.0848729
0.1018767
0.1049125
0.1000174
0.1038621
0.109414
0.0895472
0.1049575
0.0932076
0.0720093
0.083145
0.086354
0.1026992
0.1029477
0.1124562
0.1029418
0.0941046
0.1010671
0.0988536
0.0988659
0.0962624
0.0822036
0.088486
0.10241
0.1014764
0.0929553
0.1091647
0.088529
0.1060431
0.0865995
0.0881694
0.0843312
0.0885255
0.0954935
0.0984527
0.0965541
0.0815201
0.0947526
0.1074746
0.0977805
0.077089
0.1139586
0.0972241
0.0980874
0.0957889
0.0959183
0.1074642
0.0912441
0.0945847
0.0910973
0.0968404
0.117151
0.1027916
0.1024545
0.1251884
0.111424
0.1153859
0.1098684
0.1182667
0.1102962
0.1190631
0.1028308
0.1125191
0.1116562
0.1061012
0.10889
0.0971698
0.0998214
0.1036233
0.1179361
0.1168997
0.1116811
0.1051532
0.1199796
0.1196365
0.0977702
0.1211166
0.1094038
0.0915621
0.1356762
0.1207962
0.1087812
0.0982203
0.0897863
0.1096868
0.094794
0.1117065
0.0937675
0.1205668
0.1040137
0.1012869
0.112359
0.1254076
0.1140287
0.1173479
0.098984
0.1123874
0.111667
0.1196725
0.1133408
0.1049741
0.1017739
0.0999334
0.1233066
0.1029582
0.1353208
0.1377289
0.1496757
0.1424585
0.1197573
0.1231843
0.1586179
0.1147324
0.1265457
0.1431044
0.1164902
0.1436756
0.1047859
0.1230922
0.1354243
0.1385229
0.1457153
0.1252209
0.1145492
0.1167142
0.1201806
0.1305523
0.1082152
0.1496958
0.1283834
0.1507511
0.1157206
0.1335254
0.1288775
0.1242178
0.1379064
0.1194537
0.1294642
0.1154241
0.1215521
0.098235
0.1087949
0.1121906
0.1017237
0.0931415
0.0981237
0.1023746
0.1093952
0.1106085
0.1293829
0.1086589
0.1300499
0.1225257
0.1288875
0.1238041
0.1179933
0.1312025
0.1183187
0.1115892
0.1021384
0.1370974
0.1348132
0.1168577
0.1145338
0.0985876
0.1148061
0.1211817
0.1007497
0.0985512
0.1097307
0.1138274
0.1138556
0.1203781
0.1071588
0.1020561
0.0837598
0.1003102
0.0952468
0.1148324
0.1017328
0.1055367
0.1236353
0.0994099
0.0953935
0.0947379
0.1250248
0.1029616
0.10729
0.1299996
0.11392
0.1120594
0.1277826
0.1034359
0.1039788
0.1136847
0.0992342
0.1235989
0.1156237
0.1108478
0.0991833
0.1433637
0.1138166
0.1321948
0.1173865
0.1248262
0.1259098
0.1207557
0.1149325
0.1194626
0.1231036
0.1402105
0.1357649
0.1231996
0.1098585
0.121603
0.1009831
0.1130224
0.1172904
0.1277979
0.1052318
0.1070467
0.1027857
0.114165
0.091976
0.1065256
0.1189322
0.1239674
0.1089655
0.114967
0.1180692
0.1210367
0.0983395
0.0971783
0.1139194
0.1132155
0.1159542
0.1074412
0.1206785
0.116293
0.1128994
0.1152379
0.1107432
0.1123246
0.1332161
0.1140554
0.1145126
0.1132036
0.120077
0.1353513
0.1223688
0.1105297
0.1104261
0.107475
0.0920868
0.1142233
0.1106225
0.1123001
0.1003681
0.1125758
0.1181489
0.1153023
0.1151436
0.1085744
0.1258786
0.1135889
0.1123712
0.1133678
0.1315549
0.1154555
0.1354045
0.100477
0.1077894
0.1244489
0.0974315
0.1073813
0.1085781
0.0895575
0.0946051
0.0910158
0.1007083
0.0902981
0.1013186
0.1206348
0.1180094
0.1130962
0.1073867
0.0981138
0.0923941
0.1183077
0.1175748
0.1196714
0.1226856
0.1329188
0.1215173
0.1328167
0.1295814
0.1356468
0.1067861
0.1392137
0.1396006
0.1341062
0.1118493
0.123347
0.1028335
0.122018
0.1152107
0.1219113
0.1230339
0.0942538
0.1164252
0.1516655
0.1268106
0.1439666
0.132727
0.1271438
0.1152714
0.1231864
0.1472202
0.1202822
0.1232357
0.1239811
0.127544
0.1079133
0.1223695
0.1251166
0.1282417
0.1277794
0.1299495
0.1290986
0.1199059
0.1373872
0.1262278
0.1209926
0.1260378
0.1461248
0.1276259
0.1303934
0.1428517
0.1287091
0.13385
0.1202513
0.117293
0.1255067
0.1439291
0.1329443
0.1277803
0.1193658
0.1103833
0.1063067
0.1175787
0.1219143
0.117954
0.1414577
0.1188003
0.1222998
0.1395829
0.1465244
0.1218155
0.117813
0.1389484
0.1394424
0.1065303
0.1187085
0.1252673
0.1074593
0.1014094
0.1008931
0.1000499
0.1078442
0.1095733
0.0972005
0.1021791
0.1047479
0.105436
0.1089623
0.1108384
0.105125
0.1064444
0.1193194
0.1168321
0.1003312
0.1164121
0.1078232
0.1003576
0.1075389
0.0977968
0.1195147
0.1123844
0.1208857
0.1155991
0.1265954
0.1203476
0.1143268
0.1300847
0.1431159
0.1278091
0.1483394
0.1366303
0.1147731
0.1096943
0.1103643
0.1127876
0.118353
0.1233055
0.146009
0.1248074
0.0998092
0.1053075
0.1305573
0.1158346
0.0931459
0.1404576
0.1154863
0.1456996
0.1302848
0.1163748
0.1189612
0.1123364
0.1118899
0.1462165
0.1209974
0.1012871
0.1216444
0.1412137
0.1532674
0.0940524
0.1108903
0.0981255
0.1026834
0.1022957
0.1290881
0.1087876
0.0937647
0.1068793
0.1184043
0.1234094
0.101741
0.110184
0.0964507
0.1109266
0.0885717
0.1028561
0.1116817
0.1154672
0.1079858
0.097945
0.1041862
0.1072704
0.1149487
0.0868887
0.0908474
0.077982
0.0930626
0.101399
0.099646
0.109256
0.1043175
0.0981236
0.1081407
0.1117518
0.1029493
0.0911755
0.1128672
0.1173615
0.1080945
0.1062316
0.1080632
0.1005992
0.0954563
0.1196136
0.1043909
0.0906859
0.1015463
0.0979958
0.1031066
0.111428
0.11972
0.1172067
0.1179905
0.1132846
0.1174878
0.1211336
0.1259529
0.1112089
0.1262639
0.126543
0.1245665
0.1192372
0.1366798
0.1345125
0.1152781
0.1138908
0.0951133
0.0954951
0.1170189
0.1099514
0.1184
0.1179247
0.1201682
0.1199493
0.1249558
0.0978238
0.1124073
0.1216565
0.1087165
0.1154697
0.1057203
0.1140775
0.1240455
0.1031566
0.1067969
0.1221556
0.1173318
0.1131992
0.1104508
0.1253307
0.1053005
0.1053244
0.104016
0.0955588
0.1009942
0.1014869
0.0907342
0.0859742
0.1220888
0.1208071
0.1011043
0.1262815
0.1032205
0.1162057
0.1201229
0.10184
0.1255858
0.1028147
0.1077232
0.1067883
0.0978409
0.1178584
0.1125431
0.1218958
0.1404487
0.1151488
0.1282282
0.1231631
0.1277343
0.0919888
0.1109587
0.1086653
0.1152361
0.1243832
0.1232822
0.1213538
0.1273203
0.1116661
0.1103736
0.1001457
0.1076147
0.0801319
0.101752
0.0957679
0.1074359
0.1037514
0.1225372
0.0800157
0.0949003
0.110777
0.1015772
0.105641
0.108022
0.1092645
0.1030429
0.1204376
0.1108586
0.0963119
0.109365
0.1074019
0.1026751
0.1093427
0.1043073
0.0932555
0.1132874
0.0894088
0.0994553
0.1012495
0.1029819
0.1248769
0.1235963
0.127756
0.1277538
0.1156468
0.0950556
0.1093752
0.0996752
0.1027301
0.1095796
0.0967616
0.1187924
0.0924364
0.1080364
0.10275
0.1062235
0.1426645
0.1027876
0.099625
0.1044502
0.0993526
0.1241874
0.1296103
0.1290333
0.134415
0.1174125
0.1302606
0.1287321
0.1229796
0.1079684
0.1091078
0.1215115
0.1030612
0.1181936
0.1333524
0.1116169
0.1231357
0.1026312
0.1119266
0.1085045
0.1287214
0.1162717
0.1179589
0.1201891
0.1181245
0.1408837
0.1192025
0.1233502
0.104868
0.1134167
0.1402399
0.1151802
0.1198733
0.1139037
0.1247977
0.1381461
0.1179414
0.107098
0.1284559
0.1152843
0.1076234
0.1194226
0.114589
0.0984986
0.1139605
0.1031108
0.1260724
0.1209434
0.1028751
0.122386
0.1321863
0.1225406
0.1365501
0.143857
0.1143694
0.1394625
0.1200985
0.1356619
0.1040645
0.1282972
0.1137547
0.1324866
0.1247739
0.1184401
0.1081616
0.1254162
0.1205525
0.1139352
0.1141547
0.130812
0.137394
0.1165495
0.1303267
0.1032978
0.129927
0.1106872
0.1179123
0.1309751
0.1156173
0.1322563
0.1103067
0.1224446
0.1014047
0.1045506
0.1151138
0.1063511
0.1134366
0.1001331
0.1072744
0.1228319
0.1233224
0.0964715
0.1023643
0.1124525
0.1119063
0.1104238
0.1045666
0.1145351
0.1019695
0.1136263
0.1092577
0.10453
0.1161016
0.1211118
0.1244923
0.1052924
0.1210314
0.1215184
0.117266
0.1204863
0.1198153
0.1171464
0.1169496
0.098609
0.102669
0.1142415
0.1192052
0.1191427
0.122644
0.0916589
0.1187886
0.1234866
0.1015962
0.1214307
0.1412518
0.1321608
0.1308939
0.1238542
0.1047068
0.1368084
0.1293217
0.1129526
0.1319318
0.1119608
0.1051207
0.134995
0.1085869
0.0901458
0.1102759
0.1152186
0.1167364
0.1114227
0.1230165
0.1454327
0.1251979
0.1342876
0.1319517
0.1403121
0.1264811
0.1584175
0.1465218
0.1341649
0.1399332
0.1339464
0.1701486
0.1560108
0.1294378
0.1411753
0.12498
0.1847578
0.1518121
0.1535698
0.16538
0.1572204
0.1636167
0.1525216
0.1529875
0.1374565
0.133064
0.1486408
0.1269755
0.1723527
0.1541711
0.1339811
0.1385126
0.1495838
0.1141783
0.1270407
0.135748
0.1233445
0.1318252
0.1441264
0.1316859
0.1209835
0.1152993
0.1211809
0.1080773
0.1054341
0.1155592
0.1068659
0.1122971
0.094288
0.1225802
0.1337823
0.1280255
0.1154197
0.1085776
0.1151121
0.1395346
0.1176307
0.1405689
0.1196704
0.1405158
0.1403791
0.1553738
0.148559
0.1396101
0.1466274
0.1267298
0.1090138
0.1330749
0.1183345
0.1083389
0.13023
0.1162334
0.1145616
0.1424505
0.1109773
0.1197592
0.1139808
0.1500898
0.1269431
0.1281568
0.1128272
0.1073141
0.112909
0.1114997
0.1090096
0.1110439
0.1232121
0.1210064
0.1189117
0.1254928
0.1056188
0.1139337
0.1436773
0.1177215
0.1165837
0.1014168
0.1115707
0.100412
0.1083226
0.138017
0.1187648
0.1007179
0.1283405
0.1241856
0.1272872
0.1274175
0.155995
0.1341806
0.132359
0.1060407
0.1481611
0.1293956
0.1072174
0.1201273
0.1240687
0.1228613
0.1462254
0.1165422
0.1180362
0.1271032
0.1167841
0.1160093
0.132623
0.1355287
0.1529905
0.1180724
0.132205
0.1449985
0.1466668
0.1212776
0.1250719
0.0967544
0.1346623
0.1216987
0.1194378
0.1231668
0.1057984
0.1507408
0.1298589
0.0998533
0.0987749
0.105011
0.1046275
0.1269786
0.1094449
0.1048221
0.0990386
0.101763
0.0993147
0.1039597
0.1249943
0.1145276
0.0967464
0.1098956
0.1117056
0.122076
0.1220329
0.1091415
0.1195476
0.1010975
0.130059
0.1143809
0.1090563
0.0997783
0.1066866
0.1039817
0.1062231
0.1035889
0.1160436
0.1375303
0.1169586
0.1133825
0.1055889
0.108153
0.1208905
0.1125597
0.1056657
0.1438616
0.1167502
0.1009283
0.1014315
0.1139273
0.1128746
0.1050977
0.0976261
0.1075218
0.1089821
0.1214765
0.116512
0.093678
0.1057854
0.1165282
0.120262
0.1035165
0.1157866
0.1098954
0.1244359
0.0906698
0.0852841
0.0988398
0.0954411
0.0964826
0.09507
0.0988431
0.1021513
0.1218649
0.1227927
0.1139103
0.0969055
0.1264147
0.1101554
