0.1143155
0.1012109
0.1129857
0.1316099
0.1462879
0.1651528
0.1408278
0.130871
0.1255911
0.1092239
0.1368836
0.1152443
0.1392716
0.1443261
0.1344596
0.1300655
0.1507111
0.134586
0.1436957
0.1550281
0.1143248
0.1234148
0.0939484
0.1135503
0.1165253
0.1427061
0.1222297
0.1589851
0.1177953
0.1398399
0.145796
0.1408904
0.1529743
0.1380541
0.103755
0.1020727
0.1013045
0.1114706
0.1229021
0.1537838
0.1082771
0.1211414
0.1158604
0.095085
0.1097332
0.0957954
0.0892308
0.1149101
0.0945306
0.1254321
0.1173675
0.0981353
0.1045476
0.0872757
0.1202335
0.1325044
0.1215404
0.1355164
0.1307778
0.1334371
0.12439
0.1216332
0.092268
0.1166928
0.1458746
0.1104008
0.1133621
0.1437512
0.1335312
0.1263509
0.1150404
0.1021613
0.0975394
0.1180266
0.1039382
0.139401
0.1322266
0.1144905
0.1059407
0.1042336
0.1012632
0.1395538
0.1334173
0.1340445
0.1344199
0.1180634
0.0924814
0.0935401
0.1069384
0.1149172
0.1146685
0.1041802
0.1270444
0.1103112
0.1011661
0.1252998
0.0834677
0.1003476
0.1155708
0.1311685
0.0832541
0.0780108
0.0859742
0.0799855
0.0878189
0.0921068
0.0838149
0.0727264
0.0856447
0.0914578
0.0785132
0.1105265
0.1367836
0.1175073
0.1052486
0.1156894
0.0897823
0.0763182
0.0841004
0.0802485
0.094605
0.1073947
0.0764017
0.0671472
0.1037772
0.1285396
0.108047
0.1024883
0.1292087
0.1373201
0.1163373
0.1086214
0.1163053
0.1188622
0.1359509
0.1124947
0.119498
0.1192571
0.1305104
0.125721
0.1379272
0.1242821
0.1584769
0.1338097
0.1330925
0.1727183
0.1448496
0.1092206
0.1074354
0.1006963
0.1036646
0.1192854
0.088063
0.106031
0.1172965
0.1224379
0.1261701
0.148481
0.124963
0.111696
0.1137294
0.1396303
0.1448622
0.1366839
0.1292192
0.1296089
0.153571
0.1440348
0.138863
0.1556477
0.1484075
0.1642798
0.1456358
0.1423911
0.1683757
0.1177139
0.1364337
0.1548799
0.1358952
0.1507138
0.1364104
0.1480153
0.1398399
0.134932
0.1491766
0.1392306
0.1528031
0.1412503
0.155815
0.1541331
0.1373607
0.1680097
0.1279303
0.1319952
0.1317044
0.1386336
0.1518606
0.1734328
0.1302021
0.1340647
0.1456177
0.1536176
0.1257942
0.1762667
0.1509504
0.175205
0.1698855
0.1405873
0.124258
0.1489594
0.1392282
0.1244496
0.1048676
0.1067252
0.1118887
0.1152926
0.0966829
0.1163676
0.114717
0.0865748
0.1379402
0.0913624
0.1075992
0.1379463
0.0888725
0.0911641
0.1338716
0.1194228
0.0784393
0.1137513
0.0920039
0.0899201
0.0984762
0.1095132
0.0998965
0.1155168
0.1413903
0.1330796
0.1445688
0.1371596
0.121123
0.126055
0.0937264
0.0950302
0.1257848
0.0951045
0.0927769
0.1096622
0.1165216
0.1187921
0.1182844
0.1059147
0.095365
0.1051968
0.1260248
0.1273364
0.1365204
0.1252958
0.1463316
0.1111131
0.1130185
0.1229145
0.1443774
0.1218743
0.1353406
0.1167632
0.1342402
0.1197145
0.1299831
0.1298261
0.1198912
0.1183153
0.1120009
0.1240988
0.1183848
0.1206723
0.1034362
0.0992557
0.1023871
0.0973604
0.0957707
0.0766302
0.0933204
0.1026613
0.1142681
0.1163183
0.0983641
0.0833917
0.1147892
0.1026421
0.1011004
0.1021931
0.1075609
0.0957347
0.0961751
0.1003489
0.1355573
0.0923784
0.1261739
0.1157157
0.1078464
0.0875308
0.0887003
0.0908519
0.1131806
0.097779
0.1214332
0.1099309
0.151832
0.1556846
0.1218006
0.10512
0.1120369
0.0964039
0.1340397
0.0903652
0.1301664
0.1120837
0.1138129
0.1062677
0.109233
0.1215223
0.0828734
0.1071359
0.107198
0.1321065
0.1470505
0.1284964
0.1645439
0.1458734
0.1345678
0.1305724
0.0923619
0.0901366
0.0946059
0.1110187
0.1083695
0.1093787
0.1080423
0.1108618
0.1178441
0.1185298
0.0743587
0.0828834
0.0845397
0.0857146
0.1055509
0.0815801
0.0816832
0.0878693
0.0842355
0.0997311
0.1035961
0.0914116
0.1195987
0.0978977
0.0931935
0.0883639
0.1100923
0.0856836
0.1026906
0.1106907
0.1119752
0.1064442
0.1037662
0.1058462
0.1483687
0.1203639
0.0942094
0.1024583
0.1404707
0.1132926
0.1326282
0.1393659
0.1297733
0.1405947
0.1390739
0.1115152
0.1088845
0.1210356
0.1280311
0.10826
0.1263067
0.107067
0.0923552
0.1426279
0.1129781
0.1844138
0.1521203
0.1250093
0.1596808
0.1453655
0.1406984
0.1881626
0.1496913
0.1600813
0.1366132
0.119856
0.1311426
0.1326083
0.1219063
0.1123341
0.1300436
0.0800229
0.1014848
0.1149336
0.1715796
0.1463836
0.1004543
0.1018527
0.1257072
0.1135743
0.13049
0.1177675
0.1120262
0.1270599
0.1489093
0.1469445
0.1171665
0.1003567
0.0919803
0.1250886
0.0806404
0.0910449
0.0885338
0.1140255
0.1157762
0.1051453
0.0935198
0.1103631
0.1003779
0.1147671
0.1093783
0.123421
0.1503056
0.1546879
0.1148109
0.1218253
0.0922361
0.1068684
0.0824678
0.0861291
0.0829903
0.1008522
0.0736433
0.0888651
0.0796378
0.0859221
0.102157
0.0912373
0.0943786
0.0877004
0.0945505
0.0739082
0.0772237
0.0758592
0.0852318
0.0843777
0.0858844
0.0859859
0.0783163
0.08351
0.078381
0.0801449
0.0747001
0.0800282
0.0738727
0.0772368
0.0700438
0.0660052
0.0843545
0.0684429
0.0804147
0.081868
0.0709462
0.0822203
0.0665147
0.0763247
0.0738147
0.0748553
0.0739141
0.0647501
0.0974322
0.1065759
0.105673
0.0997862
0.0953963
0.0880928
0.0811606
0.0966845
0.0975217
0.097568
0.0932812
0.1040923
0.0857643
0.1072722
0.1083145
0.0849435
0.0937725
0.0919509
0.0840407
0.0984313
0.0702887
0.0786205
0.0831961
0.0644509
0.0772381
0.0743874
0.0862691
0.0911887
0.0969234
0.0902887
0.0826077
0.0852131
0.0705502
0.0799336
0.1013697
0.0818735
0.0972682
0.075529
0.0824502
0.0857971
0.0824085
0.0878133
0.0947508
0.0961317
0.1008114
0.1048826
0.117897
0.1097233
0.1089273
0.1025003
0.1118743
0.1102319
0.1059109
0.1154629
0.1023313
0.112131
0.1160704
0.1050685
0.1496903
0.1578164
0.1176955
0.1472524
0.1403447
0.1350621
0.1408375
0.1392927
0.1396354
0.1146932
0.1433029
0.1271927
0.1338168
0.1086429
0.1473992
0.1304408
0.1368498
0.1553793
0.1206692
0.1117206
0.1363273
0.1122462
0.1195528
0.1221417
0.147985
0.1559758
0.1142019
0.1308388
0.1253765
0.1098911
0.1194866
0.1079966
0.1285393
0.1209382
0.1191711
0.0957463
0.121547
0.1362655
0.1303068
0.1263034
0.1552838
0.136495
0.1598161
0.1228839
0.1198537
0.1594862
0.1490963
0.1394837
0.1166928
0.1402646
0.1234197
0.1262063
0.1337655
0.2047197
0.1612597
0.1282309
0.1320916
0.1273297
0.1490464
0.1240953
0.1509131
0.1230861
0.1146722
0.1239507
0.1299596
0.1353795
0.1361292
0.1455176
0.125505
0.1282064
0.1398638
0.1456316
0.1720728
0.1663632
0.1303848
0.1131098
0.1286969
0.1216577
0.1195756
0.0962279
0.1036903
0.1196269
0.1505083
0.1347983
0.1241232
0.1417754
0.1322541
0.1370075
0.1232308
0.1296526
0.1678378
0.1549878
0.1319704
0.1267374
0.1112459
0.134544
0.1103434
0.10365
0.1146337
0.1088498
0.0902337
0.1039457
0.0948816
0.1102853
0.1094066
0.1155152
0.0988457
0.1018669
0.0938394
0.0981601
0.0977846
0.1102131
0.1031919
0.1191958
0.1155393
0.1032651
0.1132172
0.1021932
0.1053005
0.102746
0.0873608
0.0925895
0.0975614
0.0915564
0.0678943
0.0802836
0.0856797
0.0656745
0.0861306
0.0797532
0.0816369
0.0752306
0.0906243
0.0935023
0.0848087
0.0864551
0.0874124
0.073126
0.0941512
0.0909664
0.0797098
0.0768163
0.0731987
0.0874556
0.0957834
0.0647755
0.0861946
0.0792555
0.0737757
0.0720856
0.0863123
0.0889974
0.0812027
0.0924022
0.0784268
0.0932914
0.0876323
0.0660961
0.0869606
0.0896623
0.0840685
0.0831342
0.0785202
0.0855506
0.0855795
0.0941848
0.0890439
0.0918891
0.0709803
0.0818796
0.0988523
0.0737372
0.0912176
0.0826244
0.0827401
0.0839254
0.0819405
0.078776
0.0860508
0.1009293
0.0967164
0.0809042
0.0638372
0.0729693
0.067021
0.0757258
0.0690296
0.0842813
0.0871018
0.1136252
0.0863608
0.104727
0.1202336
0.0790693
0.0946109
0.0667366
0.0984885
0.0962195
0.1096029
0.0707159
0.0755432
0.0949495
0.0738366
0.0896226
0.0853235
0.0770649
0.0780413
0.0923693
0.1134687
0.0813578
0.0882391
0.0953185
0.0642167
0.0743695
0.0803393
0.0880683
0.0923152
0.0931907
0.0851577
0.076892
0.0803847
0.0896751
0.0913353
0.1149652
0.1144628
0.0880579
0.1009368
0.0889268
0.1272388
0.0960532
0.1251019
0.0962748
0.0732701
0.0806475
0.1015528
0.075247
0.1177203
0.1167367
0.0827195
0.0774774
0.0875346
0.0895878
0.132361
0.1330573
0.1013066
0.1696903
0.1780191
0.1167602
0.1036544
0.1163086
0.119023
0.0936276
0.1080781
0.1227176
0.122194
0.1051734
0.1079466
0.1346172
0.1284961
0.1068842
0.1175843
0.1207685
0.103154
0.0997101
0.0874958
0.0911265
0.0906953
0.0848081
0.1058026
0.1167133
0.1228983
0.1276929
0.1002493
0.0988812
0.1098993
0.1122202
0.1092856
0.0880063
0.1166427
0.0970601
0.104051
0.1082227
0.1023549
0.0960975
0.0843606
0.0914111
0.1074882
0.0854496
0.1114474
0.0885337
0.1143267
0.1203518
0.0674988
0.0862002
0.0941103
0.0886049
0.089185
0.104299
0.0958105
0.0907772
0.0937086
0.104676
0.1075483
0.1074719
0.1055774
0.0962879
0.1007786
0.0988942
0.123503
0.0928835
0.0964109
0.089912
0.0868429
0.0826844
0.0853543
0.0886306
0.0961921
0.1263169
0.0913868
0.0953265
0.0889309
0.0877765
0.1052924
0.0950844
0.0867877
0.0984194
0.0843098
0.0992465
0.0903566
0.0838095
0.0977481
0.1035255
0.090879
0.096885
0.1317884
0.1069062
0.1012162
0.1017143
0.126753
0.1148977
0.1044564
0.116426
0.1106464
0.1040985
0.0986286
0.0958686
0.1088921
0.115352
0.1275175
0.1048899
0.1203533
0.1022072
0.1008819
0.0905143
0.0995613
0.1097985
0.1028523
0.1088355
0.1355737
0.1125862
0.0909359
0.1188319
0.1038873
0.0970164
0.113184
0.0968344
0.118285
0.0995741
0.0947846
0.0903645
0.0937586
0.074903
0.0794735
0.1224616
0.0926858
0.0776725
0.0884028
0.0798394
0.0620109
0.076196
0.0811652
0.075846
0.0749084
0.1004788
0.1026731
0.1087636
0.1060674
0.1070778
0.1177136
0.148804
0.1552825
0.103281
0.1334882
0.105543
0.1437337
0.1067583
0.1066143
0.1125142
0.0954153
0.0796048
0.0965102
0.0860017
0.0888254
0.1012799
0.0873089
0.0976073
0.0615022
0.0812641
0.0879644
0.1016839
0.1233274
0.1407759
0.1580838
0.1258055
0.1069552
0.0902764
0.113405
0.0973263
0.0848657
0.0817106
0.0995848
0.1037343
0.1065926
0.1195082
0.126649
0.1130969
0.148599
0.121261
0.116478
0.1278571
0.150995
0.1569915
0.1315465
0.1335198
0.0896321
0.1066519
0.0959214
0.1187464
0.1243277
0.1135487
0.1096225
0.1138675
0.0886559
0.0983884
0.096978
0.0833889
0.1023334
0.1058428
0.1130493
0.1009514
0.0900366
0.1197036
0.1092143
0.142835
0.120368
0.0898278
0.0961785
0.1143882
0.1359727
0.1447402
0.1305478
0.1402348
0.1530096
0.1164416
0.1185268
0.1035098
0.1108358
0.0965528
0.1108833
0.1071978
0.0842645
0.1025781
0.0871613
0.0874693
0.0881864
0.098967
0.0798185
0.1058202
0.111902
0.1195314
0.1279491
0.1213206
0.1448762
0.1036805
0.0939097
0.1235535
0.1003997
0.12309
0.1328284
0.1419509
0.1606032
0.1451073
0.1566817
0.1070612
0.141314
0.1166607
0.0974921
0.0863301
0.074645
0.1104198
0.0858018
0.1052431
0.1044118
0.0857158
0.1084901
0.0797141
0.0840864
0.0864837
0.0714067
0.0813634
0.0913685
0.0778153
0.0741061
0.1180029
0.1241711
0.1049223
0.0765815
0.0894738
0.0854429
0.0781222
0.0964689
0.0829759
0.082814
0.0718775
0.0714409
0.1056251
0.0844798
0.1117639
0.0940282
0.109088
0.0792023
0.0789182
0.0679676
0.0844908
0.1044137
0.0685391
0.0989199
0.1056422
0.1110429
0.1275657
0.1156566
0.087739
0.0962613
0.0939473
0.1256189
0.125322
0.0828466
0.0824794
0.0752149
0.0878443
0.0706335
0.0881421
0.0942232
0.0898934
0.0911068
0.0773501
0.0751895
0.100192
0.1176107
0.0904442
0.0991745
0.0927941
0.1071804
0.0724864
0.0759536
0.0900007
0.0931542
0.106515
0.0936453
0.0768676
0.1232619
0.0946252
0.0960343
0.0915091
0.1148332
0.075807
0.0794105
0.1089797
0.1192457
0.1069106
0.1500088
0.1141717
0.1161061
0.127487
0.1189302
0.1244943
0.1359262
0.1261742
0.1078572
0.1148243
0.1255038
0.0908532
0.1230387
0.0924032
0.1075209
0.1347403
0.0980087
0.0885243
0.1155998
0.1284641
0.1148178
0.1293344
0.1128091
0.1300618
0.092425
0.118299
0.120952
0.1200464
0.1067274
0.1161486
0.1165729
0.1355588
0.148941
0.1262146
0.1443134
0.1232
0.1391859
0.1352815
0.1580603
0.1353908
0.1280582
0.1317692
0.1181875
0.1219298
0.1237059
0.1252528
0.1291316
0.1581056
0.1526848
0.1438009
0.1524709
0.154899
0.1512378
0.1596683
0.1637586
0.1493016
0.1758175
0.1741381
0.1605493
0.1619326
0.1699673
0.1918915
0.1833533
0.1682657
0.13958
0.1436352
0.1423207
0.1485567
0.1491251
0.1598686
0.1340229
0.1376334
0.1533453
0.1388806
0.1310543
0.1419781
0.1488145
0.1320287
0.1568097
0.1463335
0.1329844
0.1220105
0.1169841
0.1629166
0.130217
0.1689469
0.1548785
0.1533337
0.1288901
0.1108549
0.1315215
0.1220994
0.1369029
0.1393783
0.1511986
0.1448012
0.1294329
0.1315648
0.1457976
0.1163889
0.1225375
0.1150189
0.1128716
0.1255112
0.1283228
0.1614795
0.1409038
0.0915202
0.1164521
0.1051816
0.1454299
0.1551396
0.146694
0.0959545
0.1536713
0.1562129
0.1346827
0.1263751
0.1296261
0.0994621
0.1193115
0.1343909
0.145529
0.1286485
0.1204727
0.1441763
0.1358285
0.1295068
0.1138197
0.1123184
0.1269569
0.1404782
0.1324478
0.160608
0.1244747
0.1467879
0.1907953
0.1574628
0.1584543
0.1370018
0.127984
0.1272549
0.1257529
0.1416157
0.1417375
0.130619
0.1392301
0.1398323
0.1466489
0.1521393
0.1310158
0.1295245
0.1186402
0.1238324
0.1268229
0.1346874
0.1222911
0.1076424
0.0830138
0.0969266
0.1236416
0.1140889
0.1207267
0.1217268
0.1348775
0.1251278
0.1469043
0.128953
0.1347162
0.1259257
0.1433497
0.1578835
0.1469634
0.1362546
0.1504072
0.1604943
0.1562985
0.141694
0.1562478
0.1652508
0.1371882
0.1592501
0.1388859
0.1411519
0.1512221
0.1437368
0.1498355
0.141074
0.1558194
0.1459658
0.1645081
0.1517999
0.1140189
0.140144
0.121614
0.1266266
0.1269225
0.1183482
0.1225921
0.1101798
0.1382714
0.1170971
0.1162557
0.1277452
0.1281077
0.1280823
0.1370384
0.1039755
0.1538513
0.1413033
0.1354511
0.1618104
0.1178371
0.1179749
0.1042594
0.093816
0.1012616
0.1039934
0.0696928
0.0980899
0.1196961
0.1094902
0.0866391
0.0960511
0.1170631
0.140002
0.1191862
0.1313845
0.1309119
0.1236432
0.1105556
0.1096056
0.0806324
0.1084943
0.1270495
0.1139058
0.1347506
0.0960062
0.1005778
0.0999903
0.1205381
0.106468
0.1300892
0.1141283
0.1269618
0.114193
0.1272102
0.0950552
0.103371
0.0980976
0.1169767
0.1226947
0.1124662
0.109545
0.1380009
0.1252467
0.0997198
0.1185823
0.1075653
0.1035111
0.1366081
0.1222488
0.116476
0.1292967
0.0987643
0.1342086
0.1134654
0.132715
0.0940405
0.1307521
0.0795136
0.1130826
0.1115679
0.1013206
0.1116524
0.0972337
0.0952527
0.1359336
0.113578
0.1291343
0.1246232
0.1357327
0.1097422
0.1043517
0.1244949
0.117222
0.102665
0.1472384
0.1107102
0.1163945
0.1254962
0.1074197
0.1263775
0.1309532
0.1317787
0.0997448
0.0924971
0.1070121
0.1198456
0.1143781
0.0995515
0.0831446
0.1161864
0.0983424
0.1070953
0.1058377
0.104506
0.1132791
0.1045095
0.1122845
0.1253417
0.1001265
0.0958462
0.0731843
0.1084564
0.1130177
0.0969781
0.1079429
0.1035892
0.1223615
0.1126761
0.1228373
0.1026651
0.113932
0.1142711
0.1283031
0.1130083
0.1262104
0.136711
0.1188494
0.1188772
0.1168835
0.1064404
0.1211496
0.1597489
0.15305
0.126376
0.1148225
0.1106347
0.1057995
0.1013692
0.1348772
0.1239725
0.1013412
0.1161262
0.0971097
0.1377115
0.13756
0.1578284
0.1316484
0.1254182
0.0835261
0.0797821
0.0987665
0.1229861
0.1003203
0.1078013
0.1250634
0.1401609
0.137297
0.1466188
0.1320399
0.1291332
0.134783
0.1346883
0.1095021
0.136838
0.1651398
0.1516711
0.1294823
0.1336527
0.151734
0.1486042
0.1449002
0.1316756
0.1338508
0.1433856
0.1540664
0.1523598
0.1435413
0.126208
0.1542607
0.1247518
0.1183026
0.1338622
0.1710935
0.1327039
0.1303287
0.1359266
0.1414541
0.1388517
0.1379754
0.1298082
0.1512241
0.1208262
0.1513226
0.1366431
0.1025373
0.0995683
0.096976
0.1658407
0.165633
0.1088953
0.1184236
0.1271455
0.1318329
0.1427115
0.1132983
0.1303982
0.1038755
0.1034409
0.1467582
0.1142181
0.1227754
0.1471502
0.1332062
0.1228121
0.1207689
0.1295711
0.1337547
0.1265407
0.1131482
0.1325198
0.1236057
0.128704
0.1491785
0.1412888
0.1119393
0.1053993
0.1279176
0.0967022
0.1263413
0.1099776
0.112965
0.1366429
0.1427219
0.1089144
0.1642009
0.1490016
0.1405382
0.143335
0.1521306
0.150218
0.1433434
0.130086
0.1313196
0.1376176
0.1389077
0.1427578
0.1257965
0.1238247
0.127898
0.1160982
0.1439614
0.1329987
0.1076867
0.1154838
0.1001287
0.1136944
0.1232238
0.1505032
0.1584226
0.1504843
0.1072326
0.138304
0.1569216
0.148143
0.1195738
0.153369
0.1305454
0.1252069
0.1097392
0.1374814
0.1509289
0.1431614
0.1541374
0.1425644
0.1213039
0.1195261
0.1132111
0.1195672
0.1255178
0.1135488
0.1101974
0.1291177
0.1539434
0.1246282
0.1221289
0.1810246
0.1567826
0.1954664
0.1596
0.175623
0.1705004
0.1852896
0.1857379
0.1550319
0.140856
0.1507699
0.1311309
0.1565021
0.1233345
0.134332
0.1280638
0.1062005
0.1270303
0.1234926
0.1452242
0.1190249
0.1173454
0.1247554
0.1001524
0.1594211
0.1290495
0.1305301
0.1339237
0.1292972
0.1217345
0.1412604
0.1480606
0.1557786
0.1453564
0.1479479
0.1197549
0.1135928
0.1338578
0.1017339
0.097439
0.1195241
0.1348256
0.1200835
0.1224575
0.0874631
0.113572
0.1074386
0.1074458
0.1177669
0.0986787
0.1212715
0.1040043
0.0869962
0.1181596
0.1227206
0.1241372
0.1128016
0.1012398
0.1018024
0.1204106
0.1033686
0.0899362
0.0925139
0.1090732
0.1068503
0.0906273
0.1226532
0.1352245
0.1129187
0.0883273
0.1153637
0.1028685
0.0818996
0.0928693
0.1211639
0.1172994
0.1188353
0.1337377
0.1111358
0.0699093
0.0994515
0.1123694
0.0766012
0.0748301
0.1010435
0.1026638
0.1641813
0.1182734
0.1447096
0.1457896
0.1565674
0.1630147
0.1498061
0.1449105
0.108988
0.1313927
0.1426312
0.1117298
0.132276
0.1065794
0.1454322
0.1437143
0.1434253
0.1577535
0.1460273
0.155335
0.1660545
0.1780034
0.153688
0.1765283
0.1934972
0.1628625
0.1897969
0.163222
0.1775573
0.1511694
0.1673069
0.1687937
0.1671564
0.1703915
0.1663212
0.1644073
0.1638758
0.1565576
0.1498123
0.1701666
0.1495781
0.1558399
0.1679916
0.1766822
0.1810359
0.2026775
0.1636897
0.1534908
0.1572758
0.1443152
0.1412895
0.1544932
0.1447754
0.1569133
0.1685338
0.1794491
0.1459347
0.1983916
0.169312
0.1624913
0.1802131
0.1556703
0.1746421
0.15721
0.1631458
0.1568642
0.1529694
0.1832772
0.1480872
0.1693733
0.164327
0.1619094
0.1448172
0.1533857
0.1624818
0.1534638
0.1915082
0.1859982
0.1448814
0.1343918
0.1466951
0.1254451
0.1657353
0.1623922
0.1597826
0.1766531
0.1912448
0.1471386
0.140116
0.1641919
0.1522629
0.1671817
0.1524042
0.1593106
0.1440752
0.1701226
0.1566433
0.1432933
0.1594701
0.1620241
0.1804798
0.1341077
0.1592686
0.1631616
0.1509422
0.1636377
0.1724368
0.166553
0.1605338
0.1341591
0.172653
0.1970344
0.1788658
0.1604018
0.1693944
0.1883141
0.1262819
0.1572975
0.1576832
0.1651607
0.173209
0.1464808
0.1598987
0.1610233
0.1457807
0.1433037
0.1513878
0.1675514
0.1732462
0.1770281
0.1805422
0.1569013
0.1788677
0.1996654
0.1368586
0.151864
0.1515213
0.1532758
0.171166
0.1738718
0.1714943
0.1522627
0.1799526
0.179678
0.1766025
0.1660573
0.1572842
0.1806512
0.1731837
0.1631073
0.1477121
0.1531416
0.1655805
0.1482879
0.1525468
0.1428295
0.1538608
0.1614893
0.1476521
0.1505963
0.1536978
0.1714617
0.16198
0.1697455
0.1486899
0.1470652
0.1374774
0.1370709
0.1498138
0.1583938
0.1529078
0.1631695
0.1634143
0.1540889
0.1373345
0.155962
0.1543222
0.1351562
0.1298307
0.1501078
0.1622276
0.1663928
0.1427971
0.1277036
0.1647105
0.1514971
0.1507007
0.1708429
0.1876848
0.1743037
0.1696121
0.206842
0.1908685
0.1800767
0.183138
0.1698269
0.1848956
0.1682835
0.1537619
0.1918855
0.1494257
0.1660131
0.1745187
0.1604943
0.1714082
0.209969
0.1716541
0.1616812
0.1770724
0.1975846
0.1763886
0.194158
0.1681498
0.1944771
0.2166685
0.1598277
0.1649104
0.1747292
0.1867556
0.1992884
0.1930334
0.1897662
0.1787133
0.208439
0.173435
0.200921
0.170562
0.2139827
0.1945073
0.1922473
0.1624341
0.1712914
0.1975101
0.1530806
0.1655326
0.1754991
0.1693382
0.1876611
0.2230217
0.1783195
0.1656765
0.1800641
0.1577807
0.1745377
0.1706503
0.1717356
0.184192
0.2074734
0.1891968
0.1861935
0.1664253
0.1543919
0.1784397
0.1652745
0.1582722
0.1674379
0.1698035
0.1723395
0.1649712
0.1484531
0.1897984
0.1913417
0.1770016
0.1965797
0.1595696
0.147934
0.1794
0.1583269
0.1657878
0.179313
0.190042
0.1916952
0.1402851
0.1585145
0.1764941
0.1803078
0.1698428
0.1558683
0.1872659
0.2049457
0.1402569
0.1510608
0.1629063
0.1690698
0.146443
0.1822129
0.1525088
0.1580324
0.162126
0.1612651
0.1842375
0.1722031
0.1764336
0.2019356
0.1846467
0.1960691
0.1645356
0.1790884
0.1800631
0.1696388
0.2205275
0.1738174
0.1965269
0.1753666
0.1937204
0.2197371
0.1881766
0.1894986
0.1876595
0.1832231
0.1836217
0.1573952
0.1879297
0.1627308
0.1893279
0.1650412
0.1763994
0.1569526
0.1687479
0.2066218
0.1684313
0.1833079
0.1872262
0.1727081
0.1556326
0.1810936
0.1722131
0.1692834
0.1590503
0.1474939
0.1833505
0.1523751
0.1560931
0.1585023
0.151544
0.142849
0.1487255
0.1696566
0.1878155
0.1719906
0.1843464
0.1832268
0.1589421
0.2014711
0.171731
0.1747047
0.1592111
0.1505338
0.1555413
0.1362548
0.1887368
0.1390753
0.1559786
0.179358
0.1772054
0.1718397
0.1452747
0.170703
0.1633211
0.171957
0.1642018
0.1686251
0.1630981
0.1776981
0.1422486
0.1986187
0.1782825
0.1958085
0.2049748
0.1854198
0.1682123
0.1707568
0.1601283
0.1617546
0.1534074
0.1707347
0.1928133
0.1576792
0.1469936
0.1610583
0.1447442
0.1436251
0.1643428
0.1490328
0.1456395
0.1346311
0.1338697
0.1498203
0.1554412
0.1470874
0.177213
0.1920141
0.1462391
0.1931674
0.1701887
0.1494932
0.1614357
0.1630809
0.1949424
0.2158696
0.1792745
0.1648807
0.1730617
0.1566207
0.1687398
0.1553715
0.1687417
0.1755106
0.1797432
0.1705153
0.1557015
0.1917753
0.1664475
0.177939
0.1650483
0.1333577
0.1525875
0.1691464
0.1705076
0.1813808
0.1574681
0.2138637
0.1672808
0.1746741
0.1827717
0.1882862
0.1816677
0.1598113
0.141333
0.1726145
0.1606574
0.1363923
0.1481849
0.1557145
0.1308042
0.1681255
0.1503834
0.150795
0.1730364
0.1581493
0.1632399
0.1764159
0.1728908
0.1544295
0.1690009
0.154135
0.1594125
0.166674
0.1873009
0.1628725
0.1889023
0.1652846
0.1899662
0.1831388
0.1673775
0.1815824
0.2011014
0.2039583
0.153376
0.1607805
0.1806865
0.145428
0.1766354
0.1623725
0.1717914
0.1453571
0.1450034
0.1800404
0.1509342
0.1500216
0.158108
0.1434395
0.168342
0.1561739
0.1637818
0.1462645
0.1500631
0.1638504
0.1617282
0.1547074
0.1554653
0.1483845
0.1566355
0.1811605
0.1363907
0.1565148
0.1402913
0.1616108
0.1506436
0.159213
0.1677334
0.1382809
0.1435284
0.1290938
0.151535
0.1439096
0.1524667
0.1676965
0.1534615
0.1605705
0.128165
0.1232389
0.1511118
0.1168947
0.1281623
0.1344138
0.130771
0.1386437
0.1436102
0.153602
0.1700713
0.1487488
0.1425412
0.1525492
0.1534553
0.1559215
0.1200218
0.1844266
0.162553
0.1663854
0.156555
0.1674708
0.1564472
0.1472239
0.1450088
0.1441009
0.1659185
0.145571
0.1421898
0.1560244
0.1584313
0.1664541
0.1765283
0.1615965
0.1542239
0.150435
0.1582921
0.1550728
0.1609507
0.1519743
0.1453821
0.1286998
0.1364627
0.1134324
0.1255497
0.1355646
0.1308416
0.1438384
0.1547147
0.1216969
0.1464066
0.1001462
0.1349427
0.1329136
0.1485086
0.1575333
0.1659444
0.1446491
0.1666018
0.1517896
0.1460522
0.1499743
0.126424
0.1562865
0.1477905
0.113951
0.1557304
0.1714296
0.157834
0.1732782
0.1394231
0.1593094
0.1522893
0.1335367
0.1083634
0.124399
0.122116
0.1313798
0.1331609
0.1092521
0.1065879
0.1226377
0.1165812
0.1075195
0.1129141
0.1252338
0.0991935
0.1030364
0.0960309
0.0969705
0.0964168
0.1099872
0.0970761
0.0985941
0.1279018
0.1075854
0.0795121
0.0940485
0.0965989
0.1000684
0.0916026
0.0927162
0.1149804
0.1141003
0.1018175
0.0931337
0.1175614
0.0995885
0.119136
0.0962598
0.1380611
0.1031705
0.1166246
0.1284412
0.1294921
0.0937466
0.1243529
0.1454224
0.1411363
0.1069523
0.0970417
0.1090827
0.1200196
0.1082574
0.0931025
0.1116736
0.1148582
0.1027181
0.100089
0.0928004
0.1004727
0.0817302
0.1101603
0.0983191
0.1272116
0.0984341
0.1171362
0.1108407
0.1397383
0.1316529
0.1080986
0.1006463
0.1304223
0.1169117
0.0775518
0.1089497
0.0869921
0.0914257
0.1162757
0.1019098
0.0888889
0.0930829
0.0894593
0.0937812
0.1121884
0.0912575
0.0990557
0.1220298
0.0984412
0.1255343
0.1536815
0.13513
0.1275987
0.1163962
0.1372183
0.1300593
0.140031
0.1467988
0.1706433
0.1372773
0.1229747
0.1283808
0.1276958
0.1177077
0.1332772
0.1515124
0.1187971
0.1180175
0.1401377
0.0879761
0.1166387
0.1073397
0.1157813
0.1086585
0.1148568
0.1405358
0.1736067
0.1427282
0.1292215
0.1072363
0.1010626
0.1010546
0.116821
0.1133317
0.1248967
0.1372354
0.1177098
0.1170445
0.1840032
0.1492962
0.113744
0.1544505
0.1365858
0.1279926
0.1491783
0.1451705
0.1552497
0.1428348
0.1727613
0.1411023
0.1650074
0.1434286
0.1272442
0.119028
0.1304601
0.1435177
0.1234396
0.1481797
0.1216492
0.1312903
0.114129
0.0869905
0.0935209
0.1191112
0.1227009
0.1113234
0.139287
0.1238124
0.1274773
0.1417504
0.1367812
0.1577944
0.1488052
0.130844
0.1302818
0.1345473
0.1195244
0.1397117
0.1405515
0.1442572
0.1654527
0.1906511
0.1596394
0.1539814
0.1469202
0.1884448
0.1286217
0.119187
0.121311
0.1451349
0.1229347
0.1178386
0.1028868
0.1378525
0.1162688
0.1083878
0.1150644
0.104603
0.1230692
0.0997874
0.1375176
0.1097012
0.0971251
0.1036323
0.1212825
0.1043053
0.1056883
0.1025091
0.1022414
0.1129786
0.090253
0.0884372
0.1077511
0.1151413
0.1096868
0.1312343
0.1131916
0.116281
0.1309953
0.1465635
0.1543387
0.1452295
0.1605983
0.1233611
0.1348805
0.1356573
0.1168752
0.1127821
0.1155437
0.1043913
0.120134
0.1392672
0.095926
0.0985777
0.0883786
0.0975368
0.0978606
0.0904574
0.1043314
0.0987227
0.1174527
0.0835806
0.0704965
0.1017022
0.0950841
0.1166887
0.0967482
0.1136259
0.103545
0.0856923
0.105062
0.1207542
0.0964853
0.1143351
0.1011069
0.1074288
0.0860414
0.0998805
0.0949298
0.0874579
0.0799241
0.0882718
0.0954364
0.0859484
0.1061529
0.0876703
0.0913789
0.0715958
0.083769
0.0814169
0.0991565
0.0811356
0.0952769
0.099483
0.1356555
0.0901428
0.0818998
0.1094702
0.1190664
0.085492
0.0858667
0.0978976
0.1085397
0.1044372
0.1023848
0.1065932
0.0970963
0.1186857
0.093635
0.095911
0.0920491
0.1016265
0.0871216
0.1119737
0.1172664
0.1067778
0.108505
0.0951969
0.1067008
0.0927419
0.1036749
0.1002527
0.1188115
0.1383845
0.1262936
0.1200984
0.0964853
0.1290917
0.1280278
0.1164996
0.1234059
0.1379628
0.1136794
0.0994228
0.1042773
0.1252406
0.1363458
0.1084336
0.1441073
0.11193
0.128448
0.1260973
0.1035427
0.0911369
0.1024726
0.1110246
0.1061454
0.1110504
0.0902712
0.1225785
0.1137885
0.1193146
0.1179158
0.1124572
0.1068646
0.0995162
0.1209094
0.103084
0.1427313
0.115757
0.1343264
0.1409843
0.1351365
0.1321828
0.1433916
0.1232731
0.157535
0.1515432
0.1541839
0.0966431
0.14082
0.1264975
0.1289617
0.1300533
0.1108424
0.1462828
0.1250504
0.1102881
0.1181509
0.1074392
0.1108952
0.1413099
0.1162562
0.1338671
0.1097343
0.1072688
0.1259065
0.1102506
0.0908542
0.1100834
0.1250018
0.1125352
0.1165586
0.1327961
0.1290985
0.1056527
0.1347454
0.1096896
0.1069112
0.101776
0.1095893
0.11353
0.1227011
0.1076823
0.1040652
0.1117134
0.099717
0.1133668
0.124021
0.1256919
0.1174905
0.101194
0.115876
0.1034656
0.124016
0.1438728
0.1329604
0.1398346
0.1070501
0.1405837
0.1423432
0.1280363
0.1483848
0.1384439
0.153808
0.1682067
0.1356209
0.1317115
0.1390433
0.1347086
0.1521926
0.141602
0.1328835
0.1327263
0.1335331
0.1571617
0.1450848
0.1348796
0.1469359
0.1371315
0.1175957
0.128371
0.1223717
0.1382156
0.1204953
0.1294846
0.1006369
0.0900114
0.0999763
0.0881469
0.122844
0.106794
0.0784375
0.1058768
0.0922977
0.1090405
0.1166397
0.1130888
0.1103626
0.1226811
0.1161232
0.0929636
0.1047979
0.1155256
0.1202746
0.118309
0.102259
0.1149482
0.1144787
0.1024705
0.1138151
0.0993913
0.0919988
0.1069767
0.0980842
0.0989027
0.1289454
0.0997602
0.103989
0.1058293
0.0907708
0.1102822
0.120135
0.0959246
0.0950861
0.0823273
0.1009865
0.0807257
0.0918832
0.0918642
0.1153775
0.1175688
0.0985564
0.0920626
0.0923797
0.1022313
0.0814207
0.0918868
0.1133185
0.1015327
0.0844893
0.1021776
0.0954038
0.1014881
0.1024974
0.1192765
0.110254
0.1144035
0.1505107
0.1306275
0.1449167
0.1424763
0.148376
0.1280729
0.1264085
0.1218129
0.1532322
0.1317186
0.1515543
0.1310181
0.1258542
0.1361292
0.1433225
0.128385
0.1232339
0.1310215
0.1488826
0.1462566
0.1428633
0.166431
0.1727424
0.1475652
0.1579319
0.1553348
0.1435593
0.1554953
0.1245001
0.1521133
0.1338913
0.1301794
0.1413722
0.1318187
0.1271425
0.1280472
0.1186806
0.1239936
0.1286573
0.1494846
0.13671
0.1042051
0.1522649
0.1303741
0.1288684
0.115529
0.1153848
0.1275279
0.131534
0.1221936
0.1282608
0.142476
0.1219015
0.1276088
0.1297961
0.1319001
0.11626
0.1179397
0.1191077
0.1378806
0.1417046
0.1477035
0.1260503
0.1317973
0.1211895
0.119249
0.145427
0.1462717
0.1409621
0.1336741
0.1498615
0.1463226
0.1368375
0.1596989
0.11274
0.1135889
0.1160504
0.1261645
0.1072143
0.0962117
0.116816
0.1031426
0.1344601
0.11201
0.1114388
0.1224767
0.1144624
0.1265258
0.1376565
0.1248706
0.1141721
0.1298101
0.1155992
0.1397826
0.116878
0.1488912
0.1576709
0.1454959
0.1506934
0.1401259
0.1336977
0.1286274
0.1348745
0.1548874
0.1449343
0.122074
0.1589985
0.1390096
0.1364546
0.1484466
0.1268043
0.1593521
0.1411663
0.139405
0.1412131
0.1496885
0.128282
0.1278898
0.1150871
0.1354171
0.1446469
0.1645002
0.1640389
0.1410312
0.1447117
0.1129488
0.1521709
0.141318
0.1601649
0.1424969
0.1505824
0.1283591
0.1337087
0.1520397
0.1673524
0.1830889
0.1621585
0.154519
0.1706312
0.1541516
0.1584094
0.1660719
0.1482731
0.1488457
0.1744902
0.1616281
0.1574776
0.1817772
0.1822538
0.1607112
0.1708425
0.1433301
0.1531539
0.1382561
0.1377338
0.1463426
0.1280962
0.1491026
0.1274096
0.1178505
