0.2215191
0.2348329
0.2206495
0.2546226
0.2145105
0.2954996
0.2545328
0.2553331
0.2574315
0.2373886
0.2451289
0.2373748
0.2340003
0.2226079
0.2034524
0.210803
0.2090573
0.242593
0.2197234
0.2055893
0.1984517
0.1954937
0.160742
0.1691066
0.18268
0.2162668
0.2112898
0.2477464
0.1924195
0.220879
0.2129854
0.2192936
0.2323957
0.2110356
0.1915138
0.1387456
0.162669
0.1612627
0.1959705
0.2201421
0.1630533
0.1904022
0.1439299
0.1656137
0.1604414
0.1508641
0.145471
0.1647142
0.1572226
0.1634022
0.1561604
0.1493408
0.1499704
0.1402636
0.196875
0.2155129
0.1804428
0.2156792
0.2437352
0.2099911
0.1931804
0.1935642
0.2064693
0.1998707
0.2446266
0.1879278
0.2290979
0.2171951
0.2392224
0.1968102
0.1973752
0.1663803
0.1774163
0.204599
0.1477342
0.1940539
0.2353411
0.2037769
0.2075049
0.2077737
0.1716129
0.2302166
0.2140083
0.1975883
0.1831537
0.194649
0.1792656
0.1722678
0.1680147
0.1878595
0.1940936
0.1713821
0.1915764
0.1963875
0.1803976
0.2025702
0.1671205
0.1551826
0.1955436
0.1875055
0.1898793
0.165231
0.1766979
0.2035346
0.2002409
0.157305
0.1458571
0.1292496
0.1263594
0.1593125
0.143897
0.1214254
0.2068305
0.2178954
0.1958492
0.1977107
0.1384252
0.1264293
0.1354481
0.1344388
0.1651512
0.1644112
0.1582599
0.1435904
0.1471721
0.1860155
0.1965477
0.172145
0.1916056
0.2129533
0.1593698
0.1755798
0.1713259
0.1700226
0.1985015
0.1900907
0.1867715
0.1881589
0.1994201
0.1677378
0.2160449
0.1680119
0.2041741
0.2128188
0.1960669
0.2709746
0.2056327
0.2159963
0.1925
0.1725067
0.1720363
0.2025782
0.1724742
0.1880107
0.182811
0.2102097
0.2054812
0.2436811
0.2020922
0.20129
0.1729663
0.1970497
0.2534071
0.2414263
0.2407243
0.2227464
0.2492207
0.2213803
0.209185
0.2661001
0.2361355
0.3011257
0.2743413
0.3060733
0.3288667
0.2339913
0.2156563
0.2261472
0.2814767
0.2724189
0.2573013
0.2430774
0.2823028
0.2597776
0.2839537
0.2297116
0.2539066
0.2182894
0.2066159
0.2285597
0.2565877
0.2334771
0.2336916
0.1902461
0.2132669
0.2386004
0.2507374
0.285271
0.2306411
0.2125847
0.2553363
0.2893422
0.2678078
0.2621862
0.2564806
0.2860577
0.2513562
0.2444137
0.1890034
0.2643996
0.2253888
0.2198866
0.1948286
0.1956386
0.2086852
0.2145958
0.2385178
0.2305912
0.2029342
0.2053614
0.199192
0.1956275
0.1891545
0.241414
0.2030751
0.196099
0.2588161
0.2577274
0.1815962
0.1697954
0.2142227
0.1987039
0.2423986
0.1971086
0.2257891
0.1965423
0.2500569
0.2506104
0.2306
0.1779327
0.1948232
0.2165768
0.244483
0.1922977
0.2449481
0.177829
0.1898189
0.2348163
0.2478073
0.2427928
0.2288018
0.2129313
0.1798382
0.1688551
0.2031609
0.1946603
0.1721184
0.1440435
0.1838953
0.138674
0.1879144
0.1758689
0.1919433
0.1583822
0.1959474
0.1959603
0.2223687
0.2083035
0.1851256
0.2130965
0.2194399
0.1606681
0.1329711
0.1837518
0.1837663
0.1635102
0.1737917
0.1885079
0.1468984
0.1430742
0.1622305
0.130345
0.1502608
0.1221469
0.1575291
0.1322492
0.1607313
0.1448897
0.1544997
0.1583971
0.1195849
0.1937475
0.1401304
0.1306532
0.1670731
0.1610026
0.1591196
0.1358274
0.2339628
0.1750397
0.1658848
0.1303057
0.1610869
0.1338631
0.1745453
0.1818117
0.2145021
0.1565355
0.2399488
0.2174075
0.1846889
0.1641447
0.1421236
0.1593568
0.1704043
0.156559
0.172565
0.2080922
0.1519713
0.1414651
0.1636594
0.1692213
0.1486777
0.1645633
0.1405693
0.2069983
0.2237937
0.2330116
0.2482477
0.2468881
0.2074915
0.2263842
0.1771435
0.198615
0.2183739
0.2252537
0.2298774
0.2138986
0.1891589
0.1885967
0.2684722
0.1641469
0.1154707
0.1459753
0.1371895
0.1436891
0.1489102
0.1282438
0.1136733
0.1374497
0.1305445
0.1197184
0.1376081
0.1424352
0.1731016
0.1537473
0.1415161
0.1419275
0.1533374
0.1348793
0.1572601
0.1667838
0.1676219
0.1573035
0.1448143
0.1495697
0.154124
0.1440261
0.1211802
0.1367618
0.1565988
0.1688388
0.1919207
0.2027239
0.1700042
0.1846559
0.1823499
0.1827389
0.1674879
0.2028757
0.2071186
0.1482733
0.1629596
0.2081488
0.1290345
0.2167905
0.186309
0.2226689
0.2098688
0.1855856
0.2104974
0.1933413
0.1778791
0.2671456
0.1958795
0.2155928
0.1687736
0.1747432
0.1564088
0.1547937
0.1949504
0.178139
0.1666534
0.1407649
0.140635
0.146196
0.2171447
0.21601
0.1555006
0.1374523
0.1796794
0.1890646
0.1954481
0.1643063
0.1970102
0.1980369
0.2461926
0.2014513
0.1656317
0.2004349
0.1815726
0.1725993
0.1707518
0.1897349
0.1784052
0.1643943
0.1837762
0.1673546
0.194076
0.1725136
0.1909222
0.1820911
0.2052829
0.1620736
0.2291381
0.1909491
0.1723943
0.1803606
0.1607096
0.14554
0.1708103
0.1539844
0.1974999
0.2038373
0.1980702
0.1959199
0.1497277
0.182903
0.1874281
0.214122
0.1663714
0.1519143
0.1725397
0.1693397
0.1628572
0.1356356
0.1579852
0.1321756
0.1422118
0.1356574
0.1529943
0.1637443
0.1331616
0.1643167
0.1529967
0.150401
0.1362143
0.1398551
0.1209528
0.1193353
0.1481229
0.1545702
0.142043
0.1255985
0.1282751
0.1388061
0.1445718
0.1481797
0.1140212
0.1364189
0.1369886
0.1208901
0.1412052
0.1379523
0.1906947
0.136563
0.1397353
0.0962975
0.1239899
0.1428393
0.1655253
0.1605054
0.1411814
0.1960375
0.1437137
0.1370486
0.1620676
0.1212281
0.1956311
0.1153061
0.163839
0.17935
0.1800166
0.1248594
0.1350063
0.1073972
0.1214036
0.1472007
0.1318788
0.1560562
0.1337304
0.158477
0.142205
0.140251
0.1214695
0.1186823
0.1893085
0.1372935
0.1517753
0.151797
0.1470214
0.1421416
0.1278665
0.1623912
0.1726127
0.1503608
0.1517065
0.1373577
0.171832
0.1571878
0.1498275
0.1436142
0.1391591
0.1752419
0.1615851
0.1464797
0.1433992
0.1242267
0.1485144
0.1416407
0.2106101
0.1492545
0.1423765
0.1713449
0.1708879
0.1879525
0.1755185
0.1592737
0.1511838
0.1293513
0.1853663
0.1644658
0.1660641
0.1604664
0.1827176
0.1490358
0.1614243
0.1878138
0.1490887
0.1338785
0.178638
0.1145867
0.1529277
0.1637826
0.1721648
0.1892234
0.1296919
0.1768664
0.1784941
0.1429838
0.1505335
0.1370364
0.1564924
0.2343296
0.1547431
0.1395547
0.1391233
0.1475579
0.1426536
0.174895
0.1797655
0.1936172
0.1888849
0.1803796
0.1687842
0.2080541
0.2166785
0.2387038
0.2264515
0.206451
0.2276225
0.1826592
0.2096892
0.2764611
0.2327153
0.1771549
0.1885215
0.1678269
0.2205236
0.1945288
0.2105917
0.2063837
0.2007295
0.19624
0.2019073
0.1741548
0.1942469
0.2041747
0.2053391
0.2032495
0.2531572
0.2508825
0.2636232
0.2498563
0.2439789
0.1948788
0.2323037
0.2155817
0.2094653
0.1930007
0.1796233
0.2182601
0.2683496
0.2335592
0.2202391
0.2193118
0.2025638
0.212728
0.2280848
0.2234064
0.2475912
0.2215362
0.2108617
0.188841
0.1750945
0.2510321
0.2501732
0.2049264
0.2043093
0.2432909
0.1891648
0.2254831
0.2067885
0.226255
0.1956501
0.2282089
0.2105204
0.1878566
0.1966257
0.1764184
0.2167769
0.2018679
0.2359947
0.2062205
0.1750389
0.1915895
0.1840448
0.2310004
0.2144859
0.1378383
0.1452247
0.1384269
0.1572146
0.1479875
0.1844325
0.1838381
0.2103151
0.2092986
0.194018
0.201057
0.1975213
0.2132876
0.2154082
0.1449699
0.1646899
0.1662676
0.1653067
0.1915215
0.1679655
0.2455982
0.2309858
0.2325021
0.1786514
0.191857
0.1983312
0.1993942
0.195799
0.1947396
0.1909993
0.1732064
0.1676986
0.1523986
0.1249727
0.1151831
0.1070584
0.1567338
0.1458492
0.1259927
0.1188275
0.1136401
0.123485
0.1560913
0.1586128
0.1449277
0.1362373
0.1566957
0.1361577
0.1601706
0.1345426
0.1407749
0.1586701
0.1291572
0.1574719
0.1695277
0.1364032
0.1142558
0.1800422
0.1475928
0.1347472
0.1298627
0.1394221
0.1805489
0.1768384
0.1796537
0.1508807
0.1632415
0.1706608
0.1827164
0.1890626
0.2154014
0.1943284
0.206264
0.2665945
0.1620372
0.1883304
0.1590466
0.1854923
0.1865218
0.2006605
0.1957643
0.2184137
0.2234809
0.2056092
0.2418102
0.2240558
0.2005982
0.1675672
0.2127093
0.2221517
0.1822613
0.198075
0.198391
0.1733756
0.1754385
0.203211
0.1844751
0.1748158
0.1703245
0.1765863
0.1979107
0.1885145
0.1736608
0.1750968
0.1997668
0.1201924
0.1483219
0.2150253
0.1627702
0.1723702
0.1526012
0.1646866
0.170471
0.193032
0.1246399
0.1400269
0.148539
0.1639194
0.1181731
0.1381372
0.1687163
0.2049674
0.1909903
0.1815909
0.1427705
0.154588
0.1804521
0.1767313
0.1877252
0.1728693
0.1807761
0.1736756
0.1840333
0.18309
0.1792496
0.1586505
0.1538342
0.1643883
0.1643679
0.180494
0.17035
0.1823326
0.152243
0.1709941
0.1723468
0.1815074
0.1715105
0.1684555
0.1770868
0.1666501
0.1618983
0.1645998
0.1304446
0.1688149
0.1748943
0.1449559
0.1465352
0.2025525
0.1653079
0.1541449
0.1720793
0.1662146
0.1704912
0.2106812
0.1633644
0.1614989
0.1343732
0.1614307
0.1450673
0.1487435
0.1936774
0.2058443
0.1626757
0.1660006
0.1687113
0.1457011
0.1258649
0.156419
0.1329031
0.1602348
0.1610014
0.1401897
0.142258
0.1730465
0.1715921
0.177567
0.1437977
0.1744144
0.1399319
0.2354583
0.1415065
0.1851718
0.143811
0.1627064
0.1443209
0.1390476
0.1770085
0.1422454
0.182815
0.1670077
0.1483034
0.1480541
0.1631739
0.1598092
0.1368801
0.1498612
0.1625091
0.1236641
0.1525281
0.1841985
0.1451745
0.1472379
0.1476321
0.1465431
0.1463372
0.149087
0.1194331
0.1258301
0.1182469
0.141807
0.1465959
0.1453471
0.1665023
0.1531472
0.1790832
0.1361109
0.1491447
0.1394241
0.121644
0.1253673
0.1624335
0.1558743
0.118777
0.1323699
0.1532796
0.1497784
0.1389508
0.1287667
0.1008589
0.1436903
0.1304675
0.1315728
0.1293205
0.1200083
0.1157397
0.1327288
0.1495143
0.1365866
0.1394273
0.1846991
0.1433907
0.1162517
0.1676306
0.1562456
0.1616577
0.1367174
0.1352885
0.086464
0.1029117
0.1150799
0.1142104
0.0916258
0.1040832
0.1070745
0.1180427
0.1148284
0.1231981
0.1433188
0.1053862
0.1099578
0.1212404
0.1420227
0.089672
0.1163246
0.1259781
0.1233677
0.1184834
0.0960046
0.1107908
0.1054019
0.112984
0.1372936
0.1540721
0.1450166
0.1479155
0.1314728
0.0823583
0.0973234
0.0822973
0.0951698
0.0949725
0.1030058
0.0992443
0.1074521
0.1190282
0.0873516
0.1138946
0.1210307
0.1328297
0.1008926
0.1240687
0.1140209
0.105134
0.0883647
0.1468018
0.1108869
0.1623403
0.102331
0.1049098
0.096033
0.0948314
0.1198425
0.0896508
0.0985307
0.1137669
0.107047
0.0982041
0.1120209
0.1120326
0.1037174
0.10648
0.1004401
0.1249594
0.0931687
0.0912072
0.1220545
0.1261586
0.1199735
0.1349662
0.1181118
0.1152202
0.144945
0.1550301
0.1538012
0.1403065
0.130587
0.1386535
0.135217
0.1269023
0.1471798
0.1027897
0.1331667
0.1455832
0.149238
0.1297673
0.1889999
0.1892621
0.1221623
0.099596
0.0824238
0.0930004
0.1205546
0.0693599
0.1193519
0.1007953
0.1284331
0.0938499
0.079066
0.1027265
0.0667565
0.0948357
0.1139956
0.1292826
0.0935456
0.1251319
0.1200656
0.1094209
0.0900336
0.1063663
0.1087755
0.1475162
0.1089465
0.1056735
0.1011822
0.1256854
0.1221605
0.16665
0.1137855
0.1096506
0.1108822
0.1400907
0.147066
0.1487099
0.1085625
0.0904517
0.141321
0.1161064
0.1205582
0.1070945
0.1289681
0.1237063
0.1312806
0.1255865
0.1217225
0.1327093
0.1184886
0.1118238
0.1066721
0.1156791
0.1135424
0.0906886
0.1178807
0.1040583
0.1299388
0.1390893
0.0974102
0.1079316
0.0995916
0.1285804
0.1023234
0.1204719
0.1283529
0.1356851
0.0962466
0.1210702
0.1215871
0.1076117
0.0934493
0.1083559
0.1017189
0.1140869
0.0959099
0.1588629
0.1246646
0.141302
0.133895
0.1772588
0.117644
0.1493863
0.1139601
0.1316717
0.1016091
0.1441517
0.1197821
0.1395302
0.0894337
0.0992778
0.1428322
0.1348258
0.1593563
0.1701405
0.1511167
0.1455873
0.1427031
0.1407684
0.1201012
0.1148304
0.1151909
0.1815478
0.1344026
0.1100657
0.1466777
0.1171768
0.1322864
0.1785558
0.1579359
0.1061935
0.1271607
0.1465883
0.1389856
0.1424942
0.1664217
0.1559894
0.1458531
0.1698091
0.1456027
0.147706
0.1929188
0.1452776
0.1871806
0.187725
0.162097
0.1542132
0.2036195
0.1836606
0.1946602
0.1362229
0.1427422
0.1922619
0.1726433
0.1696385
0.2046973
0.1920946
0.1800752
0.2299621
0.1482086
0.2087708
0.2205905
0.2157411
0.1988947
0.1931766
0.1662029
0.1867326
0.1889096
0.1432122
0.190176
0.1844808
0.1798904
0.1656272
0.2036679
0.2224347
0.1882696
0.1841403
0.1706665
0.1703176
0.1722965
0.1984208
0.211575
0.2301345
0.199056
0.1912074
0.2053096
0.2019507
0.2021777
0.2033863
0.2115509
0.2058495
0.2329848
0.2580433
0.2426726
0.258627
0.2345966
0.2707318
0.2439891
0.2506733
0.2365929
0.2058061
0.2204823
0.2147169
0.2137559
0.2326251
0.2266815
0.2199978
0.2503183
0.1845189
0.212929
0.1819304
0.1780103
0.1699377
0.2115291
0.1948039
0.1924577
0.1634017
0.179644
0.2147652
0.1773516
0.2156981
0.2015228
0.2062683
0.2170798
0.1856103
0.1747152
0.2081307
0.2105361
0.2056669
0.2093666
0.2111845
0.1912306
0.2053007
0.2099376
0.1433168
0.1869029
0.1952068
0.2088498
0.1928894
0.1993538
0.2069057
0.2077177
0.1504556
0.2096763
0.191903
0.2276044
0.2174516
0.2164381
0.1557492
0.2079727
0.2053831
0.1890186
0.2112606
0.1953913
0.1395952
0.1793904
0.241781
0.1840617
0.1926406
0.1854476
0.1844844
0.1830825
0.2065698
0.172057
0.1545102
0.1959328
0.2243132
0.1765111
0.1974842
0.1848145
0.2064644
0.2730639
0.2331922
0.2123644
0.1906949
0.2268965
0.1867313
0.2048263
0.1933842
0.2079621
0.1771974
0.2265893
0.2211604
0.2343654
0.2419868
0.2126188
0.2166505
0.1945907
0.2310855
0.233052
0.2276202
0.1986803
0.1952988
0.1619998
0.1990635
0.2014587
0.1878069
0.2453024
0.2136412
0.2106431
0.2162373
0.2255432
0.2356858
0.2207218
0.2192473
0.2343227
0.2243893
0.2342564
0.2052883
0.2168352
0.252878
0.2180835
0.1943987
0.2259089
0.2310823
0.2222296
0.2333992
0.2167654
0.2192864
0.2158178
0.2148
0.196313
0.2142399
0.2424311
0.2276288
0.2171794
0.2181451
0.178918
0.2129895
0.215327
0.1809974
0.2097149
0.2142269
0.2004914
0.1583184
0.2166338
0.1827863
0.1734981
0.1559443
0.2144209
0.217106
0.2189569
0.2072481
0.235504
0.2169459
0.2192205
0.2841107
0.1974664
0.1588936
0.1900308
0.1637775
0.1570651
0.1855237
0.1534037
0.1761267
0.1410542
0.1762059
0.1235752
0.1636363
0.1992212
0.1921592
0.2056455
0.2015575
0.2070433
0.1780831
0.1423766
0.1671771
0.1336097
0.1486668
0.1644387
0.1634624
0.2274508
0.169227
0.1624574
0.1825917
0.1758658
0.1271614
0.2604961
0.192844
0.2079041
0.2097376
0.220899
0.1725108
0.1894722
0.1800384
0.135786
0.1491959
0.1613946
0.1773067
0.1634701
0.1916235
0.1679156
0.1685987
0.1792789
0.1571602
0.2319238
0.1685174
0.194769
0.2406745
0.1938832
0.247893
0.2442713
0.2597573
0.218266
0.2627079
0.2337335
0.2443802
0.2199949
0.2232353
0.2630351
0.2479593
0.208446
0.2052709
0.2126613
0.2263937
0.2020407
0.2471204
0.1915772
0.2009729
0.2395071
0.2007566
0.2229354
0.2393127
0.203238
0.2123575
0.2358708
0.2197861
0.2321547
0.2311217
0.211127
0.1957462
0.2150232
0.2043902
0.1908706
0.2183647
0.1793833
0.1911107
0.2132308
0.2029353
0.2147759
0.1804122
0.2183642
0.192907
0.2159275
0.2010671
0.2381515
0.2351177
0.2014007
0.1805141
0.1842198
0.1892526
0.1804598
0.200781
0.1836391
0.1755841
0.2142839
0.1754132
0.1979739
0.1889106
0.1789591
0.1962376
0.213785
0.1847511
0.1954513
0.1915085
0.1288544
0.1501405
0.1367895
0.1600425
0.1773876
0.1663294
0.1537085
0.186506
0.1221959
0.1536228
0.1725191
0.157794
0.201543
0.1782339
0.1387745
0.14046
0.1900226
0.2075545
0.1979182
0.1881591
0.1824138
0.1496706
0.1009373
0.1973473
0.1667898
0.1564275
0.1775428
0.1472133
0.1890523
0.1749043
0.1634368
0.1542966
0.1446926
0.1816026
0.1539431
0.141498
0.164683
0.2135396
0.1954931
0.1562389
0.1534785
0.1532677
0.1538994
0.1303141
0.1473016
0.1561828
0.1579224
0.1616128
0.1767228
0.175629
0.1762265
0.1547953
0.1364508
0.1236931
0.1582106
0.1801012
0.183141
0.1642614
0.1423129
0.1421825
0.1476368
0.1509212
0.1263103
0.1793607
0.1709204
0.1631729
0.1649927
0.1590976
0.1913651
0.1778235
0.1825573
0.1665953
0.1443532
0.1490479
0.157986
0.1752655
0.1582822
0.1707515
0.1656699
0.1773077
0.1266907
0.2018162
0.1562913
0.1417413
0.188722
0.181157
0.167949
0.1683885
0.1610769
0.1540558
0.2099992
0.1212301
0.1264121
0.1211492
0.117468
0.1072991
0.1660863
0.1431068
0.1242974
0.1567176
0.1316565
0.1298951
0.1657453
0.1503289
0.1683306
0.1790901
0.1275824
0.1565757
0.1785163
0.1296734
0.1480503
0.1605651
0.1410552
0.1386196
0.1300001
0.1288982
0.1518558
0.1437921
0.151234
0.1450106
0.1033621
0.1315215
0.1224876
0.1080374
0.1568066
0.12647
0.1623186
0.129636
0.135411
0.1319755
0.1438103
0.1468216
0.1298846
0.1346962
0.1547581
0.1569021
0.1705643
0.1535745
0.1434142
0.0930632
0.1350232
0.1056027
0.1302315
0.1713813
0.1486048
0.1369883
0.1548819
0.1030084
0.0933299
0.1363843
0.114008
0.100795
0.1219625
0.1440998
0.1059125
0.100804
0.129636
0.1225315
0.1020479
0.0998023
0.1357779
0.1207932
0.1251361
0.1921933
0.1222078
0.1391051
0.2083934
0.2289813
0.2349741
0.2160059
0.2050788
0.2214996
0.1691646
0.2131571
0.2054638
0.235231
0.2302134
0.2639025
0.2282389
0.2553504
0.2439319
0.2584424
0.2894678
0.2412704
0.2460771
0.2589734
0.2620436
0.2432208
0.2399104
0.2502361
0.2433414
0.2455286
0.2135196
0.216182
0.2154245
0.2467239
0.1935123
0.2002098
0.2362731
0.2132694
0.2043283
0.2431626
0.2103279
0.2244818
0.2118066
0.2255314
0.211242
0.264247
0.2431505
0.2381358
0.2361484
0.2429769
0.2266743
0.2368868
0.2832854
0.227577
0.2458373
0.2460444
0.2692138
0.2233295
0.2560454
0.2167147
0.2149259
0.199367
0.2202156
0.2389854
0.2215952
0.1930365
0.2737632
0.245742
0.1833446
0.2432929
0.1874325
0.2312569
0.2655375
0.2108727
0.2237829
0.259129
0.2483926
0.2045237
0.2094446
0.1781202
0.1511272
0.1778873
0.1682825
0.1698098
0.1732774
0.1727453
0.2020195
0.2298676
0.2139574
0.2225209
0.2463173
0.2122514
0.2171267
0.2158446
0.178251
0.2163288
0.1858378
0.2082849
0.2130269
0.235813
0.2198331
0.2335814
0.2160074
0.2843668
0.2570626
0.2625942
0.2694415
0.2426929
0.2693966
0.2736466
0.261636
0.2325169
0.2504167
0.247054
0.2667108
0.2397973
0.2360289
0.2767468
0.2187469
0.227739
0.246026
0.2516794
0.2789206
0.2812963
0.199482
0.2450557
0.255073
0.2163402
0.1757932
0.1909789
0.2025948
0.2257602
0.242026
0.2367027
0.1826632
0.2240357
0.2124702
0.2719586
0.2051221
0.268637
0.2482374
0.2510604
0.2706296
0.2556465
0.2919227
0.2438522
0.2314744
0.2310895
0.2632363
0.2358237
0.2237861
0.2078236
0.2374226
0.2064866
0.2462328
0.2305388
0.2558257
0.2551627
0.2743192
0.2955157
0.2453213
0.2501879
0.2369591
0.2063048
0.2171936
0.1955564
0.2295651
0.2345989
0.2326357
0.1971217
0.2016453
0.1917768
0.2224928
0.2323301
0.2206196
0.2426637
0.228531
0.2509436
0.2351242
0.2200585
0.247286
0.2738233
0.2873659
0.2216273
0.247435
0.2367157
0.2632034
0.2580439
0.2878042
0.2310919
0.2201358
0.2134567
0.248522
0.3000329
0.3065188
0.2545027
0.2194835
0.2215113
0.1771213
0.2052704
0.1908578
0.189579
0.232201
0.2344962
0.2204363
0.2019849
0.1954801
0.1784585
0.2682981
0.2773176
0.262047
0.267439
0.2135906
0.2563225
0.2422308
0.2168959
0.1982803
0.2208533
0.2106403
0.2254852
0.2567161
0.2451296
0.2460815
0.2034714
0.2729174
0.2501662
0.2382463
0.2374027
0.2467178
0.2475296
0.222005
0.2582334
0.2272265
0.2509856
0.2413515
0.270964
0.2662522
0.2117647
0.2549002
0.2609367
0.2291991
0.2114034
0.2483383
0.2428306
0.266275
0.2417996
0.2137969
0.1709091
0.2112175
0.245473
0.2409115
0.2538517
0.2373373
0.2410593
0.2512901
0.2536233
0.2157826
0.2827038
0.2474155
0.2621415
0.1828672
0.2503137
0.1958202
0.2221245
0.2336418
0.247619
0.2840481
0.2525621
0.2565286
0.2884115
0.2681983
0.2818075
0.220428
0.2910569
0.2681185
0.2214413
0.2604908
0.2330448
0.2312479
0.2679302
0.2185275
0.2522922
0.2151927
0.1879035
0.2188383
0.2651626
0.3099239
0.3182414
0.3064017
0.2631536
0.2016478
0.239874
0.2264881
0.2838914
0.2201735
0.2172305
0.2438626
0.1951684
0.1964076
0.2041005
0.231607
0.2673813
0.2826214
0.2306572
0.2475937
0.2424837
0.1968666
0.2043341
0.1869291
0.2269769
0.2721574
0.243569
0.1852675
0.1814862
0.2268267
0.2202725
0.2229941
0.2289038
0.2281341
0.2599056
0.2439359
0.2277443
0.2447398
0.2243109
0.2194219
0.2455707
0.3140625
0.2436337
0.2912059
0.2921753
0.2748733
0.2774138
0.2877216
0.2534123
0.2657178
0.2669968
0.246231
0.2793776
0.2360912
0.2481956
0.2163908
0.2441289
0.2298911
0.2630549
0.2519249
0.2743087
0.2252087
0.209066
0.2415762
0.2099557
0.2363112
0.2356864
0.2462701
0.2761137
0.2323931
0.2441625
0.2481094
0.2733977
0.2457528
0.2317065
0.2531208
0.2926633
0.2471912
0.2280668
0.2558718
0.2316451
0.2524339
0.2610077
0.2222484
0.2278536
0.2403514
0.2508239
0.273405
0.2799573
0.2741605
0.3057944
0.27182
0.3082664
0.2913211
0.2853049
0.2684155
0.2526744
0.2956897
0.2855681
0.3113073
0.3125835
0.3193033
0.3323155
0.2965592
0.2400378
0.2486232
0.277175
0.2740689
0.2609386
0.2871732
0.2946846
0.269983
0.279349
0.2661301
0.2718495
0.2384044
0.3044996
0.3337992
0.3167024
0.2998208
0.2992836
0.3129694
0.3016787
0.3237224
0.289257
0.2888235
0.2876639
0.3239301
0.3147783
0.336048
0.3421875
0.3290691
0.3212046
0.3197654
0.3433174
0.3652178
0.3294048
0.3333362
0.3593163
0.3194897
0.334401
0.3130999
0.3179508
0.2885436
0.2697127
0.2720635
0.2871284
0.2709017
0.2639661
0.3171704
0.3316575
0.3061028
0.3087022
0.3006024
0.2849364
0.3256691
0.2659752
0.2916504
0.264255
0.2953442
0.3046559
0.2679578
0.3756135
0.3373842
0.3442978
0.3597051
0.3532694
0.3653761
0.318976
0.287136
0.2963087
0.3104177
0.2637182
0.3190965
0.2975461
0.2604377
0.2964621
0.2816983
0.2821431
0.2666309
0.244019
0.2532536
0.2402211
0.1672165
0.2020006
0.2257721
0.2065717
0.2502354
0.2993622
0.2192422
0.2699812
0.1944115
0.1887833
0.2095564
0.2368661
0.2927387
0.2810273
0.2647284
0.2305988
0.2428323
0.2284392
0.256481
0.270898
0.2420837
0.2608517
0.2566963
0.2569481
0.2179523
0.2238319
0.2559377
0.2814596
0.2630605
0.216814
0.2125366
0.2387125
0.2537292
0.2311508
0.221901
0.2371915
0.2523485
0.209628
0.2711158
0.190377
0.2619759
0.2194525
0.184579
0.2271579
0.2407107
0.2056325
0.1794767
0.1871314
0.1332486
0.1813433
0.1775984
0.1806772
0.2128409
0.1812066
0.2051965
0.1716796
0.1943246
0.1857525
0.1678966
0.1543847
0.2105689
0.20547
0.2218675
0.1778302
0.2621994
0.2061439
0.2271051
0.2497142
0.2485288
0.2628754
0.2659411
0.220563
0.2334119
0.2136871
0.2252939
0.204058
0.2679295
0.2603817
0.2350805
0.172126
0.1739177
0.2121859
0.2148038
0.1764588
0.2240146
0.195123
0.202084
0.1878322
0.1658842
0.1890644
0.1660308
0.212207
0.1997847
0.2067442
0.1748855
0.1483937
0.1980544
0.2168326
0.1891495
0.2034763
0.1940214
0.2131791
0.2124726
0.23697
0.2523784
0.1846627
0.1556961
0.1649796
0.2322905
0.2205726
0.1894672
0.1910397
0.2076487
0.1647262
0.1560261
0.1476806
0.1828062
0.1867038
0.2073471
0.1661812
0.1678356
0.1824242
0.1802428
0.1594767
0.2588499
0.2065908
0.1806146
0.1710349
0.2100196
0.1799351
0.1384836
0.20214
0.2286974
0.1979899
0.1940124
0.2406015
0.2386797
0.1850522
0.2330227
0.1880855
0.1934609
0.2106924
0.2158291
0.1967438
0.2010349
0.2492421
0.277365
0.2194426
0.1952559
0.1827689
0.2045811
0.1896279
0.214227
0.1537857
0.1825866
0.1748175
0.1643002
0.1391184
0.1259334
0.1751978
0.197791
0.2021393
0.209629
0.137657
0.2227212
0.1535501
0.1491569
0.1775185
0.202785
0.182916
0.1979569
0.1556205
0.2109766
0.1948134
0.167438
0.2145088
0.159405
0.2126157
0.193757
0.1707508
0.2358751
0.2350584
0.2446049
0.2337845
0.192483
0.1917954
0.176173
0.1928503
0.1687782
0.1722828
0.2203614
0.2296581
0.1584171
0.1975465
0.1582224
0.1632459
0.1942784
0.1715476
0.2035643
0.205602
0.1622819
0.1488635
0.1819754
0.1414241
0.1672516
0.1893295
0.1636059
0.1347361
0.1913299
0.1825854
0.1493325
0.1953521
0.2006905
0.1971727
0.1842032
0.1648857
0.1783241
0.2614291
0.1399022
0.1670792
0.1871878
0.1604495
0.1708747
0.1530045
0.194192
0.1650632
0.1920101
0.2873826
0.2554594
0.211531
0.2605636
0.2103534
0.2317139
0.2120434
0.1348658
0.2168554
0.179208
0.159941
0.1815921
0.1666394
0.1556012
0.1597928
0.1506024
0.1635922
0.1731364
0.1423804
0.1531973
0.1868867
0.2300107
0.1925727
0.2019476
0.2159887
0.1969003
0.2319526
0.1632914
0.1404088
0.1607936
0.1867249
0.1441982
0.145876
0.1352604
0.1521346
0.1592504
0.122873
0.1314835
0.1161109
0.1277864
0.1407932
0.1449564
0.1733038
0.1544226
0.1858107
0.1821525
0.2016361
0.1737781
0.1536394
0.1694988
0.1611125
0.1757837
0.1771628
0.1589268
0.1929212
0.1988928
0.1604755
0.1330329
0.1603546
0.1880112
0.1531731
0.1551616
0.1731739
0.127375
0.1592088
0.1156978
0.1381285
0.1473736
0.1222411
0.1231956
0.1496153
0.147423
0.153007
0.1688067
0.1673688
0.200893
0.1991909
0.1379773
0.1816694
0.1654289
0.1659604
0.1663538
0.1928298
0.1424784
0.1578033
0.1636657
0.1441574
0.1718216
0.215845
0.30515
0.2006891
0.1636696
0.1296766
0.162689
0.1509841
0.1327771
0.1093425
0.1700485
0.1533368
0.1520204
0.1491533
0.1263472
0.1770991
0.1697539
0.1554912
0.1515533
0.1633262
0.1616565
0.1469267
0.1779957
0.2122017
0.1911946
0.1700055
0.1810759
0.1672231
0.2244795
0.172145
0.1815066
0.2388098
0.2517933
0.2235903
0.1649398
0.1878902
0.1538049
0.1897046
0.1724252
0.1549873
0.2156555
0.2616464
0.2000357
0.1793757
0.1697803
0.2198038
0.1665534
0.1552781
0.1647865
0.1362199
0.1878318
0.1291021
0.1342796
0.1701026
0.1680745
0.1664899
0.1537936
0.1319797
0.1566956
0.1440486
0.1886158
0.1561179
0.1328531
0.1437618
0.1640498
0.1252161
0.177731
0.125688
0.1357187
0.1588544
0.1598366
0.1258354
0.1386086
0.1329383
0.1585784
0.1413391
0.1291123
0.1386945
0.1667508
0.1528466
0.1264764
0.1179401
0.1460229
0.1489498
0.1393299
0.1624375
0.1754081
0.2007203
0.2174299
0.1964966
0.1495822
0.1940585
0.2006381
0.19588
0.203025
0.1836063
0.2137197
0.2095917
0.1774919
0.2015885
0.2054625
0.2184718
0.1280359
0.1738837
0.2145927
0.2559957
0.1801711
0.1740177
0.1932831
0.1996228
0.1998098
0.192721
0.1827217
0.2269683
0.1848427
0.20721
0.1848741
0.2169566
0.1816467
0.1829668
0.1618351
0.164641
0.1941393
0.2222686
0.2343955
0.2006178
0.1783896
0.1723376
0.1998214
0.1990757
0.2472399
0.1999952
0.2014115
0.2105445
0.204762
0.1885609
0.197946
0.2264751
0.2049949
0.1671288
0.1673242
0.1623513
0.1836597
0.1810423
0.1665682
0.1494683
0.1353053
0.1470009
0.1598896
0.1969797
0.1640256
0.1518185
0.1867496
0.2324812
0.2593456
0.2034223
0.20074
0.1936704
0.1952488
0.1949183
0.192478
0.2098182
0.1903737
0.2205984
0.2093285
0.2023577
0.1802558
0.1408679
0.1737773
0.156096
0.1345042
0.1437985
0.1566468
0.1756065
0.1439421
0.183417
0.1323431
0.122101
0.1664607
0.1682765
0.1859701
0.1398354
0.1397059
0.1719812
0.1335101
0.1425642
0.1166387
0.1734103
0.1602607
0.1895301
0.1640147
0.1841358
0.1643557
0.1452477
0.1648744
0.1940892
0.1711739
0.1572094
0.1421584
0.1486645
0.1321981
0.1557688
0.1601597
0.1641401
0.1808604
0.1398216
0.1826665
0.2136922
0.1794568
0.1596702
0.1937735
0.178964
0.1729637
0.1380078
0.1454363
0.1452263
0.1774364
0.1513174
0.1692677
0.1276268
0.1215145
0.1683219
0.1606845
0.1881137
0.1395773
0.1925608
0.1859242
0.1904966
0.1977875
0.1365274
0.2308606
0.1393243
0.1618234
0.1586662
0.1827033
0.1573429
0.1728972
0.148436
0.1442371
0.1953264
0.1712958
0.177567
0.2018793
0.1722028
0.1419071
0.150579
0.1282449
0.1249316
0.1880924
0.164322
0.1685121
0.1555084
0.1451558
0.1813892
0.1697677
0.1498214
0.1756903
0.1491901
0.1753985
0.1889999
0.1676695
0.1539891
0.2483258
0.1767577
0.2059149
0.1990369
0.1721039
0.1874233
0.1785695
0.1901453
0.1957999
0.2003929
0.1669924
0.1709535
0.1853718
0.1853328
0.1793723
0.199078
0.2166274
0.17106
0.1765457
0.1483191
0.1688333
0.147619
0.1282278
0.1374219
0.1487022
0.1403767
0.1562417
0.1328351
0.1468142
0.1522658
0.1850475
0.1423257
0.1321485
0.1351185
0.1279764
0.1490182
0.1323425
0.1150263
0.15617
0.1568993
0.1566552
0.1432969
0.1406349
0.1500185
0.1507812
0.1466326
0.1372639
0.1321516
0.1462259
0.1219922
0.1348354
0.1721206
0.1427958
0.1473787
0.1232636
0.1466326
0.128409
0.1565978
0.1413037
0.1716777
0.1543229
0.1744756
0.1574171
0.1264606
0.1748931
0.1675405
0.1306528
0.1128917
0.1329212
0.1701527
0.1786423
0.162471
0.1189986
0.1400815
0.1155868
0.1323719
0.1351475
0.1245655
0.1419673
0.1200181
0.1338875
0.1186193
0.1194505
0.147268
0.1376569
0.1621984
0.1439668
0.1636454
0.1712038
0.1290992
0.1588192
0.1250236
0.1585421
0.1481608
0.1531307
0.149355
0.1430387
0.1361835
0.1216417
0.1551467
0.1720007
0.1235672
0.1188076
0.1511294
0.1887401
0.1687252
0.1894322
0.1877522
0.1947517
0.1329681
0.2047173
0.1535822
0.132941
0.1644256
0.135717
0.1655077
0.1355248
0.1464171
0.169733
0.1452396
0.1307225
0.1609227
0.1710194
0.1469737
0.1209242
0.142838
0.1247523
0.1168101
0.1323098
0.1229591
0.1219707
0.1538627
0.1490156
0.1133861
0.1259482
0.1163727
0.1173921
0.1445483
0.1305517
0.1410064
0.1456699
0.1336009
0.153172
0.1434677
0.1277492
0.1342866
0.1503755
0.1619029
0.1544664
0.1397131
0.1533826
0.1824099
0.1324303
0.1287653
0.124016
0.1334267
0.135166
0.1027921
0.1239571
0.1653219
0.1265106
0.1353067
0.1731536
0.1398252
0.1383031
0.1262393
0.1618271
0.1251456
0.1201754
0.1201815
0.130821
0.1159316
0.1204537
0.1333709
0.1124329
0.1280154
0.1477117
0.1633798
0.099637
0.1452774
0.144975
0.2019965
0.21863
0.1641599
0.1644009
0.2289159
0.2005361
0.1679748
0.1549971
0.2012541
0.2192308
0.1941794
0.2324156
0.1907547
0.1715725
0.1696411
0.1450808
0.2116889
0.1757011
0.147346
0.1998126
0.1715374
0.1783486
0.1917157
0.1466484
0.1282982
0.1904478
0.1902479
0.1970133
0.1888526
0.1865755
0.1496111
0.2486973
0.2005701
0.2522092
0.1965251
0.2380849
0.2063573
0.2012359
0.2418188
0.2285552
0.2096979
0.2492133
0.2163875
0.1981995
0.1807817
0.1816613
0.1997357
0.1411286
0.1871491
0.2208059
0.2004005
0.1655873
0.1795558
0.2216676
0.201973
0.2314938
0.1775808
0.2214347
0.1833838
0.1975499
0.2360542
0.1684923
0.2143537
0.2120016
0.177858
