0.133253
0.1677992
0.1491526
0.1941273
0.2007916
0.1849618
0.2104307
0.2155417
0.1681687
0.1841508
0.1487586
0.1683356
0.1560062
0.1605623
0.1468516
0.1740952
0.1808313
0.1893157
0.1899678
0.1788134
0.1633703
0.1784822
0.17871
0.1800845
0.1638796
0.1722578
0.1837554
0.1954485
0.2081746
0.2000084
0.1991257
0.1801058
0.1895591
0.1651948
0.1436409
0.1300269
0.1368329
0.1706686
0.1569749
0.1637359
0.1728153
0.1936246
0.1596277
0.1555136
0.1686877
0.1719242
0.1611872
0.1460113
0.1551812
0.1497645
0.1432982
0.1763079
0.1481845
0.1732565
0.2029481
0.1789816
0.1957421
0.1784057
0.1977911
0.1692039
0.2084575
0.1833409
0.1751411
0.1789816
0.1862815
0.210656
0.1996725
0.181321
0.1909005
0.1765914
0.1888619
0.1732426
0.1876798
0.1539169
0.187493
0.2059865
0.194252
0.2168406
0.1806907
0.1864237
0.1985569
0.1709152
0.1733227
0.1675482
0.1682507
0.160741
0.1887495
0.1680483
0.1710892
0.1849083
0.1701932
0.1639824
0.159597
0.1991379
0.1725088
0.1700861
0.194338
0.232431
0.1888321
0.2073049
0.1988842
0.1984167
0.2179603
0.1629381
0.2070487
0.1865311
0.218714
0.1753512
0.1564638
0.1454993
0.1766205
0.160938
0.160099
0.1740894
0.1679338
0.1568471
0.1712469
0.2132936
0.1760512
0.1811282
0.1600559
0.1685111
0.1660251
0.1866031
0.2000807
0.1849619
0.1939459
0.1780387
0.1910339
0.1850081
0.1956735
0.1913653
0.1687326
0.1834619
0.2072977
0.1910098
0.1843107
0.1954749
0.1962829
0.215891
0.1581476
0.1749198
0.1796072
0.1622914
0.1782619
0.1699058
0.1877335
0.2021003
0.1913162
0.1662827
0.1548121
0.2050668
0.178928
0.1990574
0.2098714
0.189463
0.1797951
0.1875668
0.1829792
0.1744733
0.1806279
0.2127271
0.1852392
0.200006
0.2022325
0.1883235
0.1992065
0.2232877
0.1693383
0.1550822
0.1923059
0.1390895
0.1862264
0.1774335
0.187483
0.184619
0.1858615
0.158725
0.1758575
0.1688088
0.1656539
0.1893425
0.1867849
0.1968273
0.1835532
0.1985966
0.1626053
0.1613301
0.2236666
0.1858312
0.1993028
0.1796819
0.1949904
0.2019421
0.2000439
0.196042
0.2018231
0.1667047
0.1842581
0.2004992
0.1857169
0.1896551
0.1989491
0.2245746
0.1957346
0.1674484
0.1736412
0.189935
0.1761138
0.1832121
0.1685706
0.1612679
0.1828502
0.1871745
0.220877
0.2040009
0.1966755
0.1929431
0.1881156
0.1988403
0.179967
0.1936105
0.1703742
0.1801592
0.2090887
0.1781583
0.1718331
0.2054839
0.2316457
0.199108
0.2054211
0.1961554
0.2031704
0.2082983
0.1891509
0.1883189
0.2241425
0.1905347
0.1922931
0.1869366
0.1687637
0.1857504
0.1631613
0.1611685
0.1841366
0.1682949
0.1775664
0.1824795
0.1846923
0.1685313
0.1624012
0.1739567
0.1583764
0.1772906
0.1722643
0.2035294
0.1798442
0.174186
0.1824369
0.1931779
0.181664
0.1647729
0.1819417
0.162267
0.1793923
0.1653297
0.1634373
0.1620112
0.1544929
0.1671953
0.1530173
0.1680837
0.1545748
0.1432885
0.1468288
0.1639523
0.1501392
0.1617464
0.1637556
0.1780628
0.1884653
0.1762156
0.1641833
0.1961663
0.1685358
0.1740286
0.191522
0.1836125
0.173234
0.1979147
0.1750455
0.1601631
0.1435337
0.1663442
0.1825154
0.194763
0.1645785
0.1772376
0.1536179
0.1675961
0.1639169
0.1629096
0.1616602
0.1782928
0.182614
0.146235
0.1550058
0.1688901
0.1930205
0.1879332
0.1726898
0.1801841
0.2194166
0.1853113
0.1729514
0.1653066
0.1593153
0.1767451
0.1769063
0.156292
0.2042774
0.2203314
0.2129547
0.217123
0.1900921
0.1963908
0.2056793
0.1915911
0.1953633
0.2094507
0.1951155
0.2126526
0.2075039
0.1991662
0.2024579
0.1928228
0.1893863
0.157572
0.1600117
0.1736372
0.1775098
0.1624033
0.1892518
0.1673712
0.1779325
0.200021
0.1668952
0.1922543
0.1714641
0.1554693
0.1461479
0.1485742
0.1722241
0.1848766
0.1883276
0.1870549
0.1777931
0.1806035
0.1911389
0.1442742
0.1834057
0.1649473
0.1662114
0.1885134
0.1812307
0.157493
0.1783682
0.1983456
0.1565506
0.2018222
0.1916095
0.1741927
0.1865303
0.1769166
0.1466817
0.1659026
0.1590163
0.1632456
0.1439376
0.1850215
0.2037225
0.1787847
0.1687729
0.1652611
0.1618178
0.1833609
0.1774394
0.1586995
0.154198
0.1684562
0.1403997
0.153103
0.1688212
0.1600578
0.1552389
0.1626635
0.1736697
0.1532787
0.1771604
0.1757826
0.165948
0.1766709
0.1746906
0.1742933
0.206833
0.2017724
0.171663
0.1852095
0.1615377
0.1813292
0.1666264
0.1701673
0.1602527
0.1789365
0.1481082
0.1672133
0.213207
0.1726928
0.1766975
0.1755167
0.1553773
0.1508073
0.1399419
0.1772843
0.1667955
0.183362
0.1812144
0.18892
0.1783561
0.1837879
0.1688573
0.1719515
0.175255
0.2243928
0.2244617
0.18445
0.1996419
0.1795976
0.1830095
0.1980464
0.228361
0.2004131
0.2209163
0.2221721
0.2388699
0.2092299
0.1876014
0.221822
0.2448787
0.1936109
0.1785172
0.2098955
0.2062374
0.2028719
0.2226943
0.1813442
0.1879533
0.1662309
0.1762848
0.1641193
0.1509367
0.1725752
0.1746515
0.1637637
0.1804756
0.1414027
0.1435743
0.131744
0.1298441
0.2094444
0.1638205
0.1833181
0.1486051
0.1776555
0.1538215
0.1551733
0.1550348
0.1695804
0.1579559
0.1473199
0.1173555
0.123746
0.142277
0.1450344
0.113316
0.1443819
0.1631492
0.1587268
0.1671131
0.1328834
0.1366022
0.136933
0.1419314
0.1406933
0.1514264
0.1319835
0.1567162
0.1503787
0.1333877
0.1557717
0.1580486
0.1533272
0.1333135
0.1556703
0.1372326
0.1409258
0.1340108
0.1869045
0.1430522
0.155434
0.1365497
0.1536244
0.1397672
0.1778414
0.1611704
0.1469669
0.1646014
0.1484611
0.1706224
0.1655716
0.1504031
0.1502505
0.135047
0.1566685
0.1559033
0.1505326
0.148859
0.1433361
0.1380979
0.1534639
0.1642544
0.1568704
0.1681661
0.1736396
0.1957313
0.1780249
0.207486
0.1776301
0.1618013
0.1837353
0.1983286
0.181431
0.1795114
0.1809691
0.1714541
0.2091376
0.1580727
0.1538633
0.133057
0.1467779
0.1525841
0.1754744
0.1678975
0.160934
0.1265928
0.1527174
0.1514946
0.1237569
0.1390482
0.1532156
0.1657193
0.1633799
0.1560799
0.1486765
0.1563282
0.1517807
0.1485063
0.140291
0.1283225
0.1349537
0.1366382
0.1520698
0.125947
0.1637789
0.1718399
0.1481365
0.1288602
0.1384513
0.1530602
0.1496962
0.1566809
0.1377129
0.1391405
0.1144444
0.1521385
0.1229419
0.1332786
0.1159936
0.1475214
0.1294208
0.1431695
0.1230169
0.1551567
0.1396442
0.1226447
0.1069838
0.1134254
0.1330944
0.1301275
0.1023163
0.1315005
0.146217
0.1089452
0.1264877
0.110057
0.1613573
0.1437874
0.1602784
0.1362356
0.1369817
0.1192256
0.1465775
0.119219
0.1209886
0.1204238
0.115242
0.1539544
0.1246073
0.1184101
0.1266947
0.1364479
0.1554061
0.1251973
0.1294488
0.1147721
0.1357957
0.1066191
0.1671111
0.1616973
0.1258887
0.1631507
0.1450198
0.1183533
0.1291495
0.0865286
0.1215589
0.1170532
0.1229624
0.1266932
0.1332596
0.119735
0.1250189
0.1151423
0.1331127
0.1380163
0.1354527
0.1594535
0.160725
0.1697266
0.13406
0.1379843
0.1559413
0.1272812
0.1462633
0.1330796
0.1314894
0.1340532
0.1689223
0.1523793
0.1432801
0.1581652
0.1435346
0.1578363
0.1654156
0.1466805
0.1640591
0.1629775
0.1309963
0.145512
0.1443873
0.1110275
0.1301765
0.1422718
0.1804523
0.1805675
0.1546212
0.178745
0.1673862
0.1312246
0.1235243
0.1298824
0.1461416
0.1370256
0.1484846
0.1734719
0.1597191
0.1582968
0.1633311
0.1841839
0.1770641
0.1462495
0.1254759
0.1256603
0.1535213
0.1000855
0.1014297
0.0823447
0.1206831
0.1052369
0.1262031
0.1254928
0.1212149
0.1419697
0.1382521
0.1079934
0.1346294
0.1374916
0.14431
0.1239612
0.1415199
0.1157022
0.1233862
0.1337467
0.1456945
0.16041
0.1541981
0.1333669
0.1608477
0.1430756
0.1404762
0.1117965
0.1361865
0.1580603
0.1426615
0.1408698
0.1372302
0.1289944
0.1517868
0.1466507
0.1828872
0.1617187
0.1581282
0.1637494
0.1416631
0.1461738
0.1248141
0.1383347
0.1563394
0.1537779
0.1439105
0.1234521
0.13235
0.172657
0.1512386
0.1769981
0.1388461
0.1842866
0.1702052
0.1359436
0.1475959
0.1294374
0.1099404
0.1292605
0.1151554
0.1476868
0.1536993
0.1398975
0.1486188
0.1408115
0.1383874
0.1662175
0.148883
0.1611964
0.1549291
0.1622344
0.1767345
0.1928467
0.1637356
0.2045923
0.1821889
0.1763539
0.1690162
0.1612027
0.1703756
0.1471907
0.156179
0.1851114
0.1351202
0.1928109
0.1921797
0.1675451
0.1748246
0.1617612
0.183197
0.1888481
0.1706051
0.1640135
0.1205277
0.1829934
0.1870051
0.1502884
0.1541485
0.1716762
0.1885263
0.1755132
0.1913213
0.1655269
0.1597993
0.1519193
0.1806283
0.1762886
0.1939342
0.1661326
0.1686847
0.1940197
0.1967171
0.1754095
0.1782319
0.1457264
0.1808394
0.1975361
0.176904
0.1773226
0.1813442
0.1911524
0.1734579
0.1920881
0.1785638
0.1662253
0.1802745
0.1712471
0.1922263
0.1708186
0.1383127
0.1583019
0.1653413
0.1543082
0.1455216
0.1447867
0.1529619
0.1367585
0.1524073
0.1475993
0.1434933
0.1525511
0.131683
0.143704
0.1567555
0.1489001
0.1391415
0.1500591
0.1293972
0.1408921
0.1611946
0.1253646
0.1765583
0.1625239
0.1657082
0.1551851
0.1521181
0.1852608
0.173945
0.1624078
0.1476362
0.165166
0.1884424
0.1564238
0.1613928
0.1507022
0.1427642
0.1447872
0.1645498
0.1533006
0.1768649
0.1833964
0.1816061
0.1793032
0.1980641
0.187614
0.1978136
0.1826251
0.1529462
0.1828972
0.2459043
0.2234755
0.1903402
0.1536588
0.1933051
0.1372036
0.1673469
0.2066175
0.1918061
0.1704418
0.1893795
0.173185
0.1663163
0.1982281
0.2254552
0.1915263
0.2330477
0.1996155
0.182174
0.2003838
0.1873763
0.1819006
0.1626993
0.1716733
0.1885218
0.1637044
0.1734793
0.1755602
0.1681377
0.1618431
0.1862477
0.1890202
0.1815268
0.1912443
0.1977313
0.1622143
0.1859894
0.1788481
0.1802386
0.1753248
0.1718509
0.1590705
0.1560262
0.1742627
0.1537594
0.1568942
0.1581379
0.157153
0.1402833
0.1530876
0.1770221
0.1904866
0.1761288
0.157093
0.1669549
0.1727433
0.1862788
0.1634573
0.1454672
0.1490838
0.1798661
0.1632924
0.1662205
0.1555232
0.1346863
0.1758717
0.1366793
0.2102713
0.1804529
0.1880249
0.159739
0.160682
0.1432426
0.1599941
0.1509461
0.151977
0.1943406
0.1810752
0.1763414
0.160477
0.1750786
0.1286185
0.1694943
0.1655892
0.1876611
0.2061676
0.1718354
0.2033056
0.1728867
0.1626847
0.1617786
0.1837468
0.191622
0.2114241
0.1890795
0.1670853
0.2045572
0.206464
0.172515
0.2026916
0.1842885
0.1725021
0.1616411
0.1454081
0.1705695
0.1634655
0.1462688
0.1709803
0.1926394
0.1583544
0.1632095
0.1368819
0.1387019
0.1114098
0.1445648
0.1494647
0.1919169
0.1545716
0.1514582
0.1591264
0.1560591
0.1672961
0.1782662
0.1530299
0.1963993
0.2251293
0.2071494
0.2281229
0.2118216
0.2015871
0.1999401
0.1604028
0.1951952
0.1537866
0.1701936
0.1853331
0.1772016
0.1867154
0.1752419
0.1580853
0.1754265
0.1485313
0.1380747
0.1361606
0.1617245
0.140105
0.1770222
0.1491638
0.1816222
0.1776788
0.1644189
0.1616116
0.1570353
0.1757337
0.172594
0.2039967
0.1800522
0.1772626
0.1694862
0.1394538
0.2140915
0.1949694
0.1838362
0.1644537
0.1903928
0.1547426
0.2116206
0.1849996
0.2139625
0.176152
0.1674786
0.2046544
0.183263
0.1947161
0.2070592
0.1831621
0.226368
0.1952592
0.1727968
0.1977624
0.173628
0.1858583
0.1897915
0.1679731
0.165438
0.1548435
0.1813257
0.1829921
0.2179765
0.150193
0.1442736
0.1778173
0.1718864
0.1784071
0.1561208
0.1636755
0.1674684
0.1460851
0.1323949
0.1447519
0.1439989
0.1527899
0.1868475
0.199791
0.1931844
0.1771489
0.2038527
0.193941
0.2125707
0.2178807
0.2046358
0.1885953
0.1714186
0.1892306
0.173083
0.199247
0.1728613
0.1989655
0.1703639
0.1739232
0.1743547
0.1740729
0.1554806
0.1655495
0.1518607
0.1506286
0.1727161
0.178045
0.1683156
0.1548843
0.1583789
0.1835531
0.1628262
0.1282393
0.1767269
0.1887483
0.1741588
0.191643
0.1742641
0.1848886
0.1677691
0.1385499
0.1691753
0.1536737
0.1749885
0.172943
0.1756947
0.1718507
0.159528
0.1846616
0.1989124
0.1651697
0.1929366
0.1869662
0.1948209
0.1959428
0.1874825
0.2288485
0.1983552
0.198466
0.1924935
0.1905385
0.1937402
0.2030479
0.2065431
0.1934761
0.2068565
0.1786862
0.193106
0.1704759
0.2157794
0.1668498
0.1851008
0.2109961
0.2407438
0.229128
0.2118971
0.1850399
0.2115731
0.1849941
0.2013106
0.1806195
0.1637244
0.1728412
0.2055692
0.1786363
0.180092
0.1696707
0.1796313
0.1565807
0.1755962
0.1758125
0.2274839
0.2026388
0.1784735
0.1673997
0.1997148
0.2119095
0.1801562
0.1855404
0.2101358
0.209822
0.1875498
0.1966293
0.186287
0.196883
0.1838329
0.2148972
0.200774
0.1982716
0.2031016
0.1922456
0.2004781
0.2012688
0.2019178
0.2233056
0.1967435
0.2249641
0.2038231
0.1700975
0.1949664
0.2237384
0.1675002
0.1548016
0.1899758
0.1546675
0.1937263
0.1861558
0.2020315
0.1861869
0.1935982
0.1903912
0.1825146
0.1874763
0.2149647
0.2028357
0.1931962
0.1742613
0.1780141
0.186118
0.1904381
0.202053
0.184763
0.2122918
0.211376
0.1831317
0.17398
0.1932006
0.1934134
0.1643447
0.1761189
0.2014018
0.1640226
0.1455838
0.1791432
0.1774251
0.1797726
0.1617716
0.2232266
0.161309
0.1975349
0.2063197
0.1753479
0.1826573
0.1917678
0.1722177
0.1941402
0.215601
0.2117174
0.1868256
0.2094642
0.1983145
0.1925132
0.2041929
0.1904599
0.1869631
0.2016017
0.1884622
0.1978678
0.183273
0.2123218
0.1898637
0.2181775
0.214969
0.2178657
0.1888215
0.1925547
0.1846057
0.2180542
0.1743057
0.1772433
0.1862455
0.2054683
0.1657644
0.192814
0.2023034
0.1694818
0.1668817
0.1883256
0.2107882
0.1810915
0.1891252
0.1544734
0.1872937
0.1863639
0.1590737
0.1841948
0.205156
0.1646173
0.189449
0.1869403
0.1633597
0.1699124
0.1918539
0.1836963
0.2052069
0.1897158
0.1814197
0.1755352
0.2018948
0.1697471
0.1724136
0.1943829
0.1874308
0.1930381
0.1885114
0.1808342
0.175453
0.1896051
0.177827
0.194865
0.1934328
0.1559932
0.1992497
0.1917271
0.2170238
0.1990589
0.2058984
0.1809241
0.1755708
0.1797128
0.2029845
0.1896562
0.1640951
0.1721052
0.1618404
0.1861534
0.1684883
0.1874309
0.154519
0.1896328
0.1737576
0.1914607
0.1780508
0.1614761
0.176871
0.1798392
0.1665144
0.1464731
0.1614619
0.1602964
0.1464755
0.1552657
0.168172
0.1536562
0.1439003
0.1666094
0.1553944
0.1487992
0.1412074
0.1474699
0.1304274
0.1746563
0.1359778
0.1812195
0.1487029
0.1484644
0.1354992
0.1361398
0.1375887
0.1386132
0.1377401
0.148389
0.1489289
0.1522622
0.1193446
0.137951
0.1189334
0.1525382
0.1303124
0.1464631
0.1228522
0.124956
0.1306054
0.1342103
0.1150379
0.145945
0.1298715
0.1326952
0.1403652
0.1254243
0.1220103
0.1195073
0.1203105
0.1428632
0.1228632
0.140916
0.1392796
0.1149173
0.1318188
0.1163107
0.1369168
0.101744
0.1249676
0.128446
0.1137965
0.1067842
0.0902389
0.0988422
0.0833419
0.0977638
0.1069936
0.1223411
0.1190725
0.1121939
0.11913
0.1233002
0.1395116
0.1552109
0.1159924
0.1255103
0.1352541
0.1518433
0.1178836
0.1137767
0.1124384
0.113607
0.1124047
0.1124069
0.1022108
0.0950683
0.1156167
0.1313717
0.1636907
0.139103
0.1623403
0.1618944
0.1308703
0.1421462
0.1508421
0.1438049
0.1408906
0.1303709
0.1268324
0.1096326
0.1332797
0.1204309
0.1185438
0.135905
0.1636211
0.1060556
0.1253584
0.1594802
0.1411353
0.1179811
0.1376583
0.1219533
0.1405349
0.1512458
0.1489388
0.1415409
0.1295399
0.1363671
0.1211994
0.1268324
0.1332135
0.1246028
0.1322312
0.1345016
0.1567795
0.1448662
0.1522133
0.1329162
0.1180784
0.1227635
0.1347463
0.1225149
0.1272859
0.1286073
0.1325571
0.1324542
0.1265137
0.1486052
0.1391312
0.1363944
0.1430698
0.1466285
0.1513448
0.1362984
0.1375586
0.1194853
0.1573932
0.1535248
0.1602089
0.1686368
0.1725961
0.1687459
0.1828009
0.1763342
0.1958541
0.1658281
0.1793685
0.1856721
0.1713982
0.1917331
0.2280428
0.1852069
0.198449
0.1883908
0.1793947
0.1768167
0.1753395
0.2028356
0.2029272
0.2075671
0.2024883
0.1924549
0.2071265
0.1942443
0.2198502
0.1763888
0.189524
0.1900993
0.1756175
0.1788203
0.1912556
0.1758401
0.1805583
0.2072034
0.1962548
0.1660392
0.1945861
0.1638788
0.1806408
0.1552859
0.145238
0.1688872
0.1388042
0.1506894
0.1271405
0.1607274
0.1384541
0.1465743
0.1324965
0.159437
0.156768
0.1324452
0.1234908
0.1233105
0.1549935
0.1404731
0.1415625
0.144085
0.1632965
0.1578023
0.1526595
0.1746205
0.1321823
0.1499297
0.1410158
0.1385747
0.1334626
0.1380153
0.1529678
0.1535035
0.1571676
0.1556781
0.1534657
0.1456223
0.1492345
0.1603611
0.165495
0.1691215
0.1805778
0.1688962
0.1720868
0.1237391
0.1695778
0.1618826
0.1481963
0.1677875
0.2067473
0.1751463
0.1507078
0.1508372
0.1608268
0.1668411
0.1718359
0.1439032
0.1274935
0.1261262
0.0962965
0.1352811
0.1094962
0.1261448
0.1224941
0.1269648
0.1445411
0.1136729
0.1329935
0.1109741
0.1156137
0.125673
0.1310894
0.1230784
0.1346381
0.1467437
0.1349693
0.1417493
0.1512441
0.1217116
0.1575816
0.1304359
0.1290272
0.1452894
0.1310931
0.1265611
0.1395526
0.1535135
0.1465677
0.1282102
0.1440935
0.1783852
0.1228481
0.1422704
0.1729506
0.161131
0.1723814
0.146108
0.1468842
0.1362982
0.1360207
0.148961
0.1294039
0.1138463
0.14762
0.1614714
0.1537998
0.1362271
0.162238
0.13221
0.1255063
0.1245011
0.1245174
0.1007995
0.1146929
0.1194323
0.1408657
0.1296679
0.1224723
0.1255973
0.102984
0.1200442
0.115305
0.0969315
0.0987211
0.1134063
0.1647114
0.135332
0.1151708
0.1319606
0.1266232
0.1266529
0.1241126
0.1519897
0.1248057
0.157721
0.1596181
0.1448415
0.1660911
0.1351065
0.1310211
0.1095844
0.113126
0.1224565
0.1546873
0.1051168
0.1154296
0.0991995
0.0993996
0.1303847
0.1012368
0.1164796
0.1235991
0.1340182
0.1281571
0.096142
0.110483
0.1340404
0.1265881
0.1128124
0.1096099
0.1096765
0.0967735
0.1020252
0.1185766
0.1073304
0.1165456
0.1178083
0.1229356
0.1425374
0.0935961
0.1012734
0.1036721
0.1106266
0.1103886
0.1183804
0.1269732
0.1026574
0.0966728
0.1051056
0.1215206
0.0955989
0.1075456
0.1436124
0.1062768
0.1345322
0.1344283
0.1409311
0.1178135
0.1336175
0.1099329
0.0978112
0.1151282
0.1186954
0.1026173
0.1193307
0.1121864
0.1091144
0.1209326
0.1168199
0.1503185
0.1349239
0.1305174
0.1491302
0.1782997
0.1333697
0.1439722
0.1736956
0.1293551
0.1447998
0.1899138
0.152624
0.1293543
0.1075793
0.1488009
0.108589
0.1143368
0.1012898
0.1304735
0.1547054
0.139294
0.0927761
0.1295924
0.1576227
0.130887
0.1324944
0.1568554
0.1692213
0.1491393
0.148074
0.1564903
0.1710462
0.1872551
0.1631643
0.1694451
0.1428504
0.1704225
0.1986137
0.1733802
0.1848432
0.210509
0.1412324
0.1980135
0.1624541
0.1790267
0.1570889
0.1641543
0.1326865
0.159544
0.1073128
0.1216935
0.117962
0.1338659
0.1683281
0.1351015
0.1406917
0.1189813
0.1237251
0.1334317
0.1269128
0.1516985
0.1276674
0.1219126
0.1514258
0.1168953
0.1400678
0.1351592
0.1474923
0.1262193
0.1421478
0.1658234
0.1364723
0.1377106
0.158189
0.1603782
0.1226868
0.1457215
0.1724859
0.1808166
0.1648126
0.1877279
0.1791603
0.1638567
0.1797657
0.1601937
0.1595703
0.1487865
0.166932
0.1428659
0.1334862
0.1613577
0.1375155
0.134287
0.1234977
0.116134
0.107774
0.1265517
0.1189783
0.1537302
0.154085
0.1471841
0.1688433
0.1360991
0.1400054
0.1281686
0.1330389
0.1448753
0.1141118
0.1271525
0.122613
0.1420221
0.1347256
0.1397224
0.13559
0.1310884
0.1172228
0.1336142
0.118732
0.1329158
0.1443772
0.1271353
0.1281706
0.1342958
0.1395255
0.1174992
0.1276067
0.1147938
0.1149916
0.1198848
0.1160066
0.1374855
0.1507851
0.1325978
0.127901
0.1258006
0.1381171
0.1533929
0.112793
0.125366
0.1683722
0.126029
0.1314347
0.143869
0.1263555
0.1291188
0.1281268
0.1372527
0.1452238
0.118953
0.1140256
0.1436908
0.1543915
0.1025924
0.1456781
0.1821912
0.1747584
0.1503835
0.1197894
0.1134536
0.1276328
0.1076326
0.1207008
0.1464304
0.12609
0.1229452
0.1393328
0.1305895
0.1452737
0.1563809
0.1498867
0.1535904
0.149995
0.1497389
0.1760346
0.1349483
0.1586818
0.1568014
0.1319762
0.153651
0.1414247
0.141489
0.1469072
0.1605392
0.1553167
0.1479232
0.1698203
0.1456903
0.176738
0.1660057
0.1525193
0.168383
0.1474413
0.148633
0.1218265
0.1371163
0.1486277
0.1243994
0.1447755
0.1653997
0.1349034
0.1401377
0.1591636
0.1187311
0.1032627
0.1168
0.1234675
0.1388971
0.1486201
0.1251262
0.1200758
0.1228912
0.117614
0.117484
0.1405082
0.1089755
0.157121
0.1324684
0.1525547
0.1654137
0.1730953
0.1432784
0.1395245
0.1374279
0.1409313
0.1500913
0.1567681
0.1296411
0.1643294
0.1378075
0.126325
0.1141966
0.1429199
0.1487955
0.1473132
0.1341088
0.1433339
0.1618232
0.1294754
0.1477531
0.1430481
0.1255788
0.1282791
0.1212325
0.1201725
0.1126179
0.1200246
0.1321308
0.136942
0.139668
0.1447798
0.1171278
0.1261358
0.1301064
0.1507737
0.1638949
0.1511558
0.14793
0.139621
0.1260294
0.1326675
0.1331005
0.131596
0.121256
0.1181516
0.1348713
0.130782
0.1465191
0.133091
0.1496436
0.1271266
0.1304542
0.118324
0.1337623
0.1376601
0.1277366
0.1400852
0.1376037
0.1451307
0.1246797
0.1392477
0.1433267
0.1390651
0.1408235
0.130332
0.1327512
0.122078
0.1182152
0.1408135
0.1126257
0.1274303
0.1350206
0.1254018
0.11194
0.1277295
0.1246624
0.1285265
0.1199995
0.1256181
0.1352411
0.1314144
0.1284559
0.1155725
0.1046946
0.0956405
0.0993861
0.0842806
0.1355829
0.0995368
0.1095185
0.0872267
0.1093658
0.1005393
0.0982419
0.110553
0.0953144
0.1019738
0.108809
0.115498
0.1438831
0.1028728
0.1215736
0.0765558
0.1124058
0.1123207
0.0896371
0.1118817
0.0947539
0.1239656
0.1219077
0.0978705
0.0898542
0.115307
0.1427848
0.1422374
0.0890865
0.0987585
0.1089166
0.0927729
0.1216654
0.0857381
0.1174569
0.0935251
0.1134493
0.0984482
0.1130184
0.0953451
0.1018521
0.1134278
0.1030954
0.1163964
0.1034669
0.1293741
0.1108651
0.1235584
0.1257951
0.0995973
0.1156327
0.116407
0.1072403
0.1061934
0.1289313
0.1316044
0.1402371
0.1065807
0.1023774
0.0916206
0.1157703
0.1003314
0.115433
0.1390304
0.1363013
0.1462761
0.1395249
0.1295525
0.1388175
0.1302282
0.1433674
0.1154583
0.1301939
0.1240737
0.0986616
0.1245523
0.1307005
0.0887095
0.1151556
0.1194981
0.1679741
0.1324466
0.1453169
0.1284856
0.1736692
0.1450707
0.1267358
0.1278265
0.1581099
0.1375105
0.1719067
0.1510931
0.1184687
0.1386067
0.1305715
0.1130602
0.1478083
0.1574168
0.1649437
0.1701744
0.1608491
0.1463157
0.1469175
0.1517477
0.1211514
0.1687892
0.1308605
0.1329291
0.1661405
0.1549377
0.1332707
0.1293355
0.1578125
0.1566418
0.1453626
0.1667032
0.1970272
0.1444668
0.1432893
0.1608295
0.1162512
0.1415413
0.1753023
0.160622
0.1419669
0.1683049
0.159394
0.1514679
0.1417521
0.1694979
0.1578901
0.1525097
0.1439819
0.1564478
0.1204623
0.1495775
0.1318524
0.1481889
0.1686466
0.1580448
0.1401034
0.1011638
0.0862026
0.0817775
0.1239181
0.1301146
0.1149222
0.1031574
0.1091312
0.0916059
0.1069197
0.0933647
0.1157993
0.1380309
0.117811
0.1442156
0.1365551
0.1178097
0.102379
0.1262174
0.1629424
0.1579569
0.1806129
0.1671023
0.1448589
0.1641585
0.1391017
0.1599305
0.1533156
0.1523904
0.1525045
0.1335052
0.1253888
0.133976
0.1585858
0.161818
0.1574005
0.1621298
0.1583538
0.1652239
0.1450868
0.1656944
0.1535447
0.1707485
0.1828771
0.1525367
0.1614384
0.1885531
0.1624795
0.1767548
0.1737946
0.1387789
0.1563186
0.1544207
0.1697409
0.1209012
0.1386315
0.1348809
0.1490894
0.1353172
0.1362279
0.1538213
0.1422666
0.1386519
0.1383503
0.1834109
0.1716896
0.1412253
0.1548268
0.1376994
0.1364661
0.1507271
0.173649
0.1463471
0.1570753
0.142305
0.1257693
0.1449759
0.1730166
0.1419045
0.1945129
0.152323
0.1669711
0.1730839
0.1867032
0.1759213
0.1781794
0.1865343
0.1771775
0.1758496
0.1803161
0.1704858
0.1735598
0.1718621
0.1846322
0.2224778
0.1771368
0.1791992
0.2206487
0.1925442
0.1884411
0.1997936
0.2299791
0.1584021
0.211004
0.1736694
0.1624394
0.1818835
0.1837517
0.2056533
0.1967282
0.1930177
0.1800844
0.1901373
0.2026109
0.174675
0.1383392
0.162297
0.155661
0.1287773
0.142064
0.147192
0.153645
0.1379098
0.1449416
0.1383501
0.1318016
0.1497311
0.1673249
0.1477038
0.1701343
0.1374261
0.1429118
0.1465722
0.1394337
0.1619999
0.156545
0.1610565
0.1603551
0.1396226
0.1446939
0.1550218
0.1645593
0.1651128
0.1734346
0.1606732
0.1462476
0.1641517
0.1405371
0.1496916
0.1621934
0.1953432
0.1433977
0.1570296
0.1544329
0.1744108
0.1811697
0.1947449
0.1591238
0.1629306
0.1480244
0.1316112
0.1448866
0.151868
0.1501608
0.1805951
0.1789052
0.1710469
0.1518866
0.1392351
0.169827
0.1609558
0.1569323
0.1766326
0.1927402
0.1674215
0.1699827
0.1485748
0.1461539
0.1400027
0.1247536
0.1313173
0.1509095
0.1563892
0.1529839
0.151504
0.1751264
0.1627001
0.1475734
0.1675548
0.187117
0.177105
0.1999384
0.1767675
0.1570548
0.1738111
0.1812574
0.1828449
0.1754054
0.1755712
0.2030727
0.189836
0.1563612
0.1482398
0.1907924
0.1930462
0.1815721
0.1983867
0.1653408
0.1723129
0.1614213
0.1412319
0.1474145
0.1467069
0.1481431
0.135868
0.1410811
0.1551999
0.1787175
0.1516048
0.168348
0.1919864
0.1280726
0.134688
0.1522229
0.1291984
0.1308852
0.1290459
0.1340789
0.1221752
0.1215859
0.1478322
0.1372657
0.1053277
0.1416902
0.1465568
0.1051575
0.1342747
0.1459206
0.1488716
0.1570592
0.1572554
0.1487416
0.1343036
0.1454671
0.160124
0.15874
0.1329198
0.1268991
0.1301336
0.143762
0.1370766
0.1428886
0.1366833
0.1394182
0.1426516
0.1523638
0.1533873
0.1437578
0.1507918
0.1441223
0.1530614
0.1349551
0.1665297
0.1288175
0.1819442
0.142646
0.1570437
0.1159065
0.147509
0.1287658
0.15398
0.1192707
0.1589372
0.1661379
0.1813214
0.1708073
0.1748201
0.19837
0.1253051
0.141061
0.1748994
0.1514455
0.1410515
0.1513799
0.1663917
0.1769873
0.153317
0.1536212
0.1446607
0.1670838
0.1655781
0.1397685
0.1484833
0.1481118
0.1376094
0.1464739
0.1770318
0.1627584
0.1818009
0.1499165
0.1675143
0.1697685
0.157001
0.1495239
0.1423928
0.1430862
0.1449873
0.1507382
0.1492704
0.142542
0.1732924
0.1771126
0.1929075
0.1888311
0.1905577
0.1750196
0.1530362
0.1740437
0.1452815
0.1531461
0.1551427
0.1621035
0.1671663
0.1742392
0.1556599
0.1428785
0.1525381
0.1511902
0.1497384
0.1471985
0.1670836
0.14135
0.1406173
0.1586265
0.1482484
0.1455077
0.1408986
0.1401037
0.1390571
0.1361621
0.1516713
0.1290654
0.1532149
0.1366709
0.1668793
0.1725644
0.1344249
0.1549282
0.1600503
0.1648845
0.1447519
0.1581333
0.1698841
0.1422817
0.1493768
0.1440081
0.1317957
0.1322988
0.1123972
0.1257423
0.1514067
0.1143176
0.1270165
0.1290704
0.1236604
0.1260837
0.1209561
0.1540424
0.1431098
0.1405693
0.1171077
0.129302
0.1308994
0.1349352
0.1249858
0.1202572
0.1397369
0.1301837
0.1444642
0.1244433
0.1319092
0.1237866
0.1451671
0.1228059
0.1412189
0.1263571
0.1335506
0.1404786
0.1621718
0.1553333
0.1391187
0.1426066
0.1470049
0.1605759
0.1289002
0.1516027
0.1392578
0.1493148
0.1407114
0.1522299
0.125992
0.1357262
0.1374052
0.1422197
0.1231572
0.1312442
0.1252536
0.1345996
0.1259788
0.1041887
0.0922595
0.1102142
0.1156292
0.130722
0.1265551
0.1315802
0.1252597
0.1441821
0.1211008
0.135315
0.1236943
0.1389754
0.1367407
0.1427733
0.1430369
0.120663
0.1135052
0.1277957
0.1252071
0.1077425
0.122596
0.1004644
0.1231004
0.100862
0.128859
0.1160335
0.1168933
0.1155733
0.1302009
0.1345343
0.1302501
0.114589
0.1404117
0.1188653
0.1197227
0.1304357
0.1376194
0.1135978
0.1274723
0.1082297
0.1114236
0.1296448
0.1295469
0.1397471
0.1426814
0.1748599
0.1910121
0.1617854
0.1629581
0.1714677
0.193006
0.1237808
0.1763733
0.1312631
0.1532233
0.1541666
0.1381695
0.1490498
0.181278
0.2071694
0.1207444
0.1922377
0.1220429
0.1686156
0.1131157
0.1384879
0.1341089
0.1585197
0.1434991
0.1288134
0.1494079
0.1279759
0.1296412
0.1450828
0.1480978
0.1491828
0.1656196
0.1130451
0.1347622
0.1337567
0.1231775
0.1622857
0.1344941
0.1425501
0.1335295
0.1314153
0.1341824
0.1344618
0.1314081
0.1311468
0.1292748
0.1192604
0.1131786
0.1342619
0.1177125
0.1127758
0.1335054
0.1554862
0.1383082
0.1623688
0.1598444
0.1508595
0.1589316
0.1895833
0.2072735
0.2055087
0.216003
0.1728898
0.1778955
0.1430816
0.1420171
0.1528891
0.1872017
0.1586127
0.1378365
0.1196769
0.1499853
0.1500346
0.1443776
0.1644349
0.1326815
0.1441239
0.1699704
0.1856249
0.1462688
0.1483825
0.1802802
0.1891485
0.1601663
0.1278934
0.131258
0.1598797
0.1495521
0.1698904
0.1989697
0.1614812
0.1898627
0.185125
0.1896488
0.223993
0.2008875
0.2032623
0.2052791
0.1746628
0.2060376
0.1940757
0.161991
0.1885906
0.1655076
0.1695191
0.2051282
0.2214801
0.2110028
0.1751679
0.167898
0.1740605
0.1614521
0.1903491
0.149863
0.1462524
0.163002
0.1495766
0.1589229
0.1390725
0.1707495
0.1402024
0.1506025
0.1371788
0.1361632
0.1468858
0.1656579
0.1558932
0.1526852
0.1720158
0.1461913
0.1641615
0.1366137
0.1220731
0.1709314
0.176256
0.1904887
0.1274179
0.1429935
0.1912242
0.167298
0.1496964
0.1201555
0.112588
0.12334
0.1588535
0.1432877
0.1428962
0.167111
0.1889973
0.192679
0.1791859
0.1711604
0.129998
0.1390471
0.1778202
0.1745481
0.197207
0.1567141
0.1599065
0.1390244
0.1425689
0.1582232
0.1597259
0.199722
0.2081919
0.1779526
0.1484148
0.1544321
0.1465108
0.1502756
0.1523977
0.1460411
0.1760107
0.1519247
0.177168
0.1916677
0.1606673
0.1760592
0.1721256
0.1464059
0.1571727
0.1758429
0.1301525
0.1546743
0.1991351
0.1389507
0.1811888
0.1432671
0.1303266
0.1430455
0.1301791
0.2041869
0.1700325
0.1497336
0.1330844
0.1809697
0.1324789
0.1415882
0.1416068
0.1142545
0.1115427
0.1083855
0.1072773
0.1115347
0.0960573
0.1187389
0.0885364
0.1367436
0.0975228
0.1290884
0.1184273
0.1299737
0.1239383
0.1139954
0.1188535
0.1452681
0.1412883
0.109283
0.1278642
0.1781128
0.1338473
0.1582616
0.1412579
0.1459826
0.1692017
0.1665495
0.1475301
0.1718457
0.158034
0.1359394
0.1570126
0.1625823
0.1238582
0.1130288
0.1533966
0.1402539
0.1741242
0.1528779
0.1631295
0.1385013
0.1186412
0.1303546
0.1250687
0.1068549
0.1181303
0.1189821
0.1677857
0.12419
0.1681129
0.1421157
0.1351696
0.1706887
0.1847796
0.163206
0.1688787
0.1684806
0.152788
0.1323429
0.2161746
0.1935848
0.1867777
0.1913141
0.1891979
0.1531471
0.1514688
0.1731481
0.1585092
0.1928487
0.1480557
0.1215037
0.1165893
0.1309816
0.1309781
0.1341112
0.1179908
0.1121974
0.1711821
0.1675245
0.1634535
0.1536265
0.1588903
0.1311256
0.1434611
0.1281097
0.113276
