1727.5
1780.38
1625.75
1728
1802.38
1901.62
1867.25
1895.5
1896.38
1942
2006.38
1790.5
1704.38
1667.12
1878.88
1857.38
1733.62
1716.25
1728.88
2004.75
1918.75
2116.75
1851.38
1913
1985.25
2048.38
1778.5
1946.38
1988.38
1908.88
2075
2001.88
1948.75
1962.88
1872.25
1909.5
1976.38
1979.62
1926
2010.12
2041
1858.38
2034
1874
1873.25
1927.25
1840.5
1930.88
1959.25
1955.75
1878.88
1975.5
2004.88
2005.5
1829
1983
1946.38
1902.5
2049.88
1874.12
1831.62
1791.12
1789
1888.62
1743.62
1808.75
2001.62
1847.12
1755.12
1908.25
1908.25
1856
1796.5
1903.62
1897.38
1988.12
1979.38
2021
1816.5
1904.25
1934.38
1991.88
2029.25
1840.25
1925.38
2034.88
2049.88
1906.25
1928.38
2070
1919.12
2055.25
1977
2097.25
2080.75
1976.25
1955.88
1850.25
1842.62
1962.25
2020.38
2044.38
1924.5
1938.75
2025
2018.88
1885.75
1994.75
1775.5
1915.12
1903.88
2039
2082
1937.38
2011.38
2191.88
2026.12
2003.38
2030.88
1999.12
2027.5
1953.88
2039.38
2019
2062.62
2057.88
2178
2056
2117.38
1989.38
2085.38
1988.62
1965.38
2059.25
2106.75
2023.12
1939.38
1975.75
1973.88
1999.38
2044.12
2175.5
2016.88
2025.88
2015
1904.12
1955.75
1994.5
2001.5
1997.88
1993.12
1827.88
1925.75
1987.12
1999.25
2012.88
2061.75
2058.38
2078.25
1999
2077.25
2145
2010.25
1963.38
1936.12
2127.25
2004.62
2064.38
1889.38
1954.38
1921.62
1992.12
2026.38
1929
1840.25
2099.38
2112.25
2285.5
2020
2110
2062.12
2028.25
2092
2274.5
2099.38
2083.5
2170.75
2042
1938.38
1994.25
1849
1908.88
2007.12
1919.12
1927.62
1986.88
2134
2104.62
2099.12
2151.75
2015.25
2073.88
1994.88
1873.12
1997.62
1996.88
1965.88
2046.62
1963.75
1930.88
2000
1997.62
2033.75
1990.88
1963.5
2031.62
2039.5
1965.88
2079.38
2049.5
1900.12
1989.25
2033
2101
2007.75
2034
2047.38
2029.38
1969.62
2136.62
1959.75
1948
1931.75
2057.88
2055.75
2204.5
2084.75
1986
1932.25
1991.5
2010.75
1933.62
1896.25
1893.88
2055.75
2041.88
2056
1954
2117
2035.75
2188.88
2042.12
2055.88
2049.75
2150.75
2001.62
2029.38
2155.5
2114
2135.38
2064
1993.38
2056
1960.12
1949.5
2128.75
2061.62
1967.62
1979.5
2170
2037.88
1871
2079.25
1967
1926.75
2155.75
2038.62
2095
2002.12
2078
2023.62
2131.38
2143.25
2133.5
2053.75
2017.75
2002.62
1993.25
2015.12
1912.62
1894
1981.75
1975.88
2023.12
1948.5
1911.38
1848.5
1864.62
1904.5
1928.25
2098.88
1847.5
1926.25
1953.75
1867.62
1837.38
1836.38
1842.12
1889
2107.25
2044.5
1956.88
1983.5
1979.88
1897.62
1926.75
2122.88
1997.62
2094.38
2112.62
1892.12
2046
2075.5
1910.5
1894.88
1923.25
1999.62
2082.75
2063.62
1954.12
1987.38
2081.88
1809.38
1901.12
1977.38
1917.88
1913.88
1971.38
2091.38
2029.75
1908.62
1936.88
1767.38
2049.62
1948.25
1927.88
1953.75
1878.38
1992.5
1844.5
1864.88
1916.25
1902
1962.38
1953.25
1982.88
1944.12
2012.88
1884.62
1909
1862.75
1776.12
1895.12
1966.88
1777.25
1869.12
1920.75
1855.88
1950.12
1935.75
1838.75
1862.38
1784.5
1849.38
1967.38
2003.5
1946.5
1953.75
1847.12
1859.38
2057.38
2105.12
1970.88
1931.38
1922.62
1927
2017.75
2041.5
2054.12
1996
1997.12
1967.88
1913.5
2062.5
2043.5
2064.5
2089
1820.62
2016.5
2088.38
2115.75
2145.62
2071.25
2004.88
2283.12
2052
2154.25
2111.38
2052.38
2060.38
1939.38
1912.25
2043.88
1995.62
1932.12
1958.88
1933.5
1954.12
2078.88
2113.12
2122.25
2180.75
1991.5
1969.12
2001.5
2068.12
2061.38
1951.75
2084.88
2022.62
2141.5
2100.25
2112.62
2240.25
2032.75
2036
1939.75
2104.75
2008.12
2122.12
2134
1907.62
2018.12
2015.25
1944.12
2060.25
2124.25
2154.62
2046.62
2028.62
2082.38
2096.25
2063.62
1983
2121.25
2202.25
2186.12
2101.38
2138.25
2098.12
2084.88
2046.62
2297.12
2217.38
2174.62
2113.25
2180.25
2015.88
2077.75
2000
1940.12
2084.38
2134.5
2035.5
2068.25
2017.38
2125.88
2031.12
2023.88
2040.38
2043.38
2133.88
2054.25
2114.75
2084.38
1997.5
2029
1943.62
2127.25
2004.75
2038.38
1892.88
2004.38
1971.75
2033.25
1950.88
2050.25
2039.38
2015
2014.75
2035.75
2070
1992.75
2017.25
1989.12
2033.62
1931.5
2024.12
1950.12
1962.62
1933
2032.75
1957.5
2018.62
2027.62
2058.25
2128.75
2122
2067
1993.12
1903.25
2096.88
2207.75
2045.62
1925.88
2011.25
1985.5
2139.25
2128.75
2182.12
2129.38
2144
2135
2119.88
2104.75
2018.25
2059.88
2043
2089.75
2042.88
2024
2165.75
2135.38
2126.38
2100.5
2049.25
2079.88
2054.88
2026.25
2097.88
2092.88
1989.88
2075.12
2071.38
2098
1923.25
2046.88
2018.38
2028.12
2032.12
2016.25
1950.12
2067
2029.12
2110
2095.38
2051.5
2095.25
1998.38
2064.62
1955.12
1853
2015.88
2014.88
2040.12
1950.62
2043.62
1968.75
1883.5
1955
1891.88
2111.75
2088.62
2099.5
1867.12
1997.75
1958.75
1864.62
1973.12
2012.12
1929.88
2021.25
1932.75
1924.75
2066.12
1991.12
2046.25
2043.75
1931
1937.25
1964.75
2002.5
2019.75
2033.25
1957.62
2057.38
2006.38
1921.88
1920.5
2005.25
1992
1956.5
1907
2020
1925.75
2050
1757.62
1965
2133.62
2095.88
1969.5
1965.88
1918
2058.12
2062.62
2012.88
1982
1821.25
2163.5
2127.62
2081.25
2028.75
2010.38
2059.25
2106
2041.75
2037.62
2079.62
2166.25
2056.5
2111.75
2137.5
2105.62
2022.62
2153.12
2018.88
2237.75
2150.38
2013.12
2139.88
2081
2172.38
2000.88
2223.38
2039
1958.12
1982.25
2192.38
2171.38
2174.62
2043.62
2015.25
2113.88
2128
2141.25
2022.25
2038.12
2099.75
2050.75
2152.5
2224.88
2139.38
2004.75
1933.75
1931.25
2045.5
1991
2004.62
1894.25
2083.38
2052.62
2059.5
2023
1843.25
1841.62
1963.5
1829.5
1938.62
2043
1855.88
2006.88
2007.75
1963.38
2246.38
1974.88
2112
2010.62
1961
1928.62
1953.5
1947.5
1942.62
1958.25
2081.25
1958.38
1851.88
2033.38
2131.88
2058.75
2171.62
2035.5
2133.62
1844.88
1792.5
1889
1992.25
2098.5
1811.88
1968.5
1984.12
2040.12
1923.38
1898.25
1987
1953.88
1788.75
1945.38
2041.25
2048.75
2077.12
1938.38
2109
1929.38
2117.12
2145.75
1966.88
1924.88
1967.75
1833.12
1865.62
1937.38
1789.88
1813.25
1817.5
1910.25
1981.25
1866.5
1891.12
2106.75
2028.12
1874
1966.88
1869
2062.5
1949.38
2036.38
1949.12
2101
2118.88
1998.88
2056.38
1884.5
2088.12
1964.5
2080
2080.38
1758.25
2181
2168.62
2055.38
2027.88
2125.62
1991.75
2245.25
2014.25
1929
2016
2079.12
1941.88
2025.12
2006.62
2095.12
2174.12
2022.75
2104.62
1970.88
1941.88
1993
1997.12
1842.25
2026.12
2047.38
1927.62
1998.12
2055.75
2087.25
2034.62
2081.75
2102
2098.75
2101
2116.38
2111.62
2107.88
2287.75
2173.25
2160.12
2240.5
2121.25
1986.38
2134.5
2036.12
2112.75
2093.12
1950.25
2070
1968.88
2071.88
1884.75
2030.62
2126.12
2152.38
2250
2187
2016.5
2072.25
2056.75
2134.62
1986.25
1993.12
2009
1945.75
2092.25
2131.25
2039.12
2062.25
2031.25
2016
2063.5
2133
2055.5
2005.62
2141.25
2185.38
2200.75
2119.62
2169.75
2087.75
2103.12
2238.5
2085.75
2040
2116.5
2189.25
2055.12
2063.12
2090.12
1956
2191.88
1990.12
2210.5
2068.5
2036.75
2022.62
2143.5
2090
2115.62
2047.88
1967.12
2109.5
2030.25
2008.25
2012.25
2029.25
2057.12
1964.25
2017.25
2153.75
2084.38
1860.5
1963.75
2097.75
1986.25
2123.62
1932
1930
2023.5
1995.38
2145.12
2014.88
1974.25
2018.5
2110.5
2026.12
1913
1966.25
2164.25
2123.25
2138.38
2215.25
2103.88
2049.88
2116.38
2186.25
2143.75
2094.88
1968.12
1909.25
2233.75
2041.5
2086.62
2112.12
1927
1974.12
2151.75
2032.38
1979.38
1933.5
1867.88
2122.38
1987
2186.38
1988.12
2025.75
2083
2125.12
1930.12
2007.25
1995
1987.5
2125.38
2041.12
2147.12
2151.25
2015.88
2112.75
2047.25
2186.75
2115.88
2071.62
2089.5
2191.12
2091.25
2304
2156.88
1925.38
1927.75
1983.12
2004.38
1940.88
1870.25
1836.62
1954.5
1834
2003.88
1963.62
1847.38
1982.88
2129.25
2008.75
2017.25
1925.5
1999
2109.38
2030
2084.12
2030.12
2018.38
2062.25
2066.88
2209
2007.5
1972.62
2079.25
1947.5
1984.62
2083
1968.5
1956.25
2006.62
2137
2038.12
2183.5
2182.88
2181.38
2088.75
2158
2001.62
1987.25
2033.5
2118.25
2046.12
2064.25
2129.62
2221.12
2063.88
1896.62
2087.75
1974.75
1923.88
2021.5
2091.25
2183.38
2049.5
2335
2079.62
2058
2133.5
1926.75
2110.5
2124.5
2083.12
2095.5
2000.38
2181.12
2036.38
2129.88
2068
1968.88
2129.25
2072
2090.12
1916.12
2074.88
2146.88
2197.75
2247.5
2051.62
2168.12
2202.5
2036.12
2047.88
2022.62
2020.38
2081
2154.38
2008.62
1976.38
1961.75
1984.38
2005.75
1978.5
1984.12
1976.38
1918.88
2028.88
1938.88
2005
2139.88
1995.88
2052.12
2053.62
1921.5
2124.25
2125.75
2261.12
2024.5
1999.12
2252.75
1919.38
2031.38
2202.12
2053.75
2019.38
1959.25
2244.38
1919
1798.88
2087
1925.38
2000.88
2027
2065.25
2003.38
1948.12
2068
2003.62
2197.25
2030.25
1995.88
2032.75
1960.88
2069.38
2101
2072.5
2075.38
1956.25
1875.25
1950
2041.75
1922.25
2078.75
2106.12
2230.25
2131
2018.12
2076.38
1992.25
2099.12
2060.88
1928
1846.38
1960.62
1896.38
1902
1908.25
1894.38
1922.88
2073
2017.25
2303.25
2234.38
2371.25
2230.12
2155.12
2057.5
2125.25
2223.5
2115.25
2268.75
2277.62
2161.5
2105.38
2380.25
2401.12
2212.12
2153.25
2041.38
2072.38
1996.38
2104.38
2259.25
2211.62
2253.88
2184.75
2146.25
2147.75
2327.62
2035.62
1961.75
2061.25
2020.88
2122
2049.38
2230.5
2126.75
2139.38
2031.88
2133.25
2163.88
2160.25
2298.25
2026
2093.5
2115.25
2138.75
2115.88
2097.5
1966.75
2018.38
2099.88
1997.88
2207.25
2124.75
2131
2234.5
2137.25
2120.88
2111.5
2185.12
2038.38
2061.12
2129.88
2064.88
2076.88
2097.88
1935
1992
2138.38
2009.12
2002.25
2008.62
2136.38
2015.25
2197.5
1901
2185.62
2118.88
2128.38
2152.88
2008.75
2039.62
2031
2052.62
2030.38
2078.38
1979.75
1942.5
2207.12
1857.25
1988
1894.62
1970.88
2093.5
1948.88
1943.88
1824.12
1986.62
1884.75
1946
1875.12
1963
1872.88
1943
2018
1910.62
1791.12
1742.75
1973.88
1921.38
1942.12
1863
1879.38
1922.12
1904.75
1968.88
2202
2109.12
1978.75
2129.12
2120.38
1794
1887
2030.75
2002.62
2169.62
2137.5
2098.12
1827.75
2012.5
2014.62
1923.88
1999.75
1854.25
2027.5
1988.25
2028
1935.38
1968.75
1833.38
1943.88
2144.12
2087.88
2134.25
2076
1854.88
2000.25
1972.75
2180.38
2148.5
2056.5
2015.12
1939.88
1928.12
2046
1949
1886.5
2071.5
1999.75
1936.5
1961.62
1941.75
2021.5
1877.5
1949.38
1901.25
1931
1831.88
1856
1914.5
1824.38
1848.62
1770.62
1888.62
2114.88
1915.88
1834.12
1944.75
1959.25
1996.12
1925.75
1996.88
2020.88
1990.5
2013.75
2141.62
1983.25
1935.5
1964.38
1908
1962.62
1881.62
1862.12
1811.12
1947.75
2087.5
1911.62
2036.75
2078.12
1952.5
2225.25
2031.38
1890.75
2106
2087.38
2002.38
2104.12
1980.25
1950.88
1962.62
2019.62
2266.25
2138.12
2111
2164
2214.12
2257.5
2288.88
2113.38
2109.12
2080.75
2007.12
2070.5
2136
2041.75
2084.62
2124.88
1988.75
2084.88
2153.5
1996
1888.75
1988.25
1977.75
2162.38
2061.5
2198.12
2089
2078.5
2189
2213.12
1991.75
2121
2090.25
2254.5
2037.5
2199.88
2350.12
2430.25
2418.5
2303.12
2310.88
2262.38
2338.5
2475.88
2218
2338.38
2335.5
2344.5
2439.75
2269.12
2121.75
2308.75
2358.5
2388.5
2382.12
2325.5
2352.88
2152.88
2342.75
2438.62
2371.25
2460.25
2225.5
2328.62
2311.38
2354.25
2456.62
2161.75
2198.25
2337.25
2278.25
2251.5
2303.62
2399.75
2335
2540.88
2370
2181.88
2306.75
2450.25
2360.75
2362.62
2303.5
2453
2531.5
2432.88
2314.75
2299.88
2172.75
2264.12
2354.25
2279.62
2330.88
2174.38
2000.75
2149.88
2132.12
2179.62
2136.75
1966.5
2035.12
2154
2135.25
2176.62
2212
1989
1999.88
1961.25
2101.75
1810.12
2036.5
1826.25
1803.12
1870.38
2003.75
1903.75
2067.25
2016
1866
2061.88
1997
2054.88
1936.88
1990
2062.25
1868.12
2069.75
1988.38
1958.38
1980.62
1877.5
1856.62
1858.12
2110.12
2259.5
2085
2063.88
2088.62
1937.62
1927.12
1879
1923
1881.88
1937.88
2062.5
1917.5
2026.88
1952.12
2028.88
2234.75
2226
2265.12
2198.25
1940.12
2169.62
1950.38
1903.5
1989.62
1910.12
1877.25
1945.62
2033.12
1885
2028.25
2130
1968.38
2086.88
2100.12
2120.5
2017
2040.25
2129.38
2061.88
2158.12
2045.75
2049.62
2187.12
1973.38
2035.12
2023.12
1972.5
2077.5
1886.25
1915.38
2113.12
2032.12
2117.88
2158.38
1918.38
2187.38
2104.25
2049.88
2047.5
2178.5
2046.75
2120.12
2300.88
1909
2033.62
2005.12
1982.62
2016
1996.75
1967.5
2048.75
2062.88
1753.75
2103.88
2110.25
2085.62
1942.88
2091.12
2116.88
1971.38
1874.88
1951.12
1995.12
1921.38
1793.88
2028.25
2163.88
1983.75
1931.25
1880.88
2123.75
1753.5
2108
2155.62
2140
2364.62
2248.75
2417.75
2162.5
2239.5
2203.75
2149.88
2106.5
2216.5
2240.62
2168
2235.75
2126.38
2048.25
2075.12
2164.5
2162.38
2029.88
2049.12
2209.25
2086.25
2177.88
2206.5
2197.88
2018.5
2422.62
2126.75
1995.12
2248.75
2232.25
2225.12
2182.12
2177.25
2236.75
2256.25
2072
2087.25
2038.62
2024.5
2020.75
2032.38
1940.75
2070.25
2126.5
2115
1956.62
2042.25
2019.75
1957.5
1966.88
1911.12
2006.25
1996.88
2078.75
2094.5
1985
2092
2108.25
2022.62
2070
2123
2162.38
2082.38
2025.38
2143.25
2122.38
2163.5
2199.75
2010.88
2366.25
2021.38
2241.25
2037.25
2135.62
2100.88
2122.38
2129.88
2187
2183
2052.5
1973.38
2162.75
2143.12
2005.12
1990.12
2009.38
2014.62
1981
1940.38
2024.62
1929.75
1951.75
2086.38
2023.75
1883.38
2005.12
2040.62
2044
2061.5
1949.12
2058.12
2054.12
2081.88
2244.62
2086.62
2144.12
2042.75
2004.5
2030.75
2149
2103.38
2044.12
1958.25
2048.62
2000.38
2041.62
2003.62
2041.88
1956.62
1905.62
2009.62
2110.38
1982.5
2018.75
1979.38
2176
2092.38
2074
2279.38
2192
2186.25
2104.75
2085.25
1896.62
1985.12
2119.12
2193.75
2112.88
2105.12
2075.62
2068.75
2215.88
2065.5
2052.12
2108.25
2151
2002.62
1995.25
1898.62
2156
2189.88
2122.38
2097.25
2129.75
2319
2260.12
2124.38
2086.38
2188.75
2136.38
2093.25
2132
2052
2152.5
2267.62
2121.38
2106.38
2088.62
2036.25
2003.12
2005.62
2039.25
2107.75
2113.62
1968.5
2128.12
1886
1964.12
2065.25
1972.88
2034
1844
1970.38
1924.62
1920.88
1961.5
2023.88
1838.38
1976.38
2041.25
1990.88
1954.62
2209.75
2197.12
2022.75
2065.75
2098.5
1988.12
1876.12
2151.12
2255.75
2184.12
2103.38
2073.38
2107.12
2295.62
2164.75
2031.12
2121.88
2142
2331.5
2370.62
2209.62
2311.12
2179.88
2359.5
2402.12
2253.62
2068
2043.88
2144.88
1994
2033.5
2015.75
1873.12
2029.38
2201.25
2260.38
2114.62
2353.62
2209.12
2020.5
2258.62
2227.5
2230.88
2208.75
2309.38
2094.25
1973
2228.75
2069.25
2093.75
2039.5
2028.25
2224.75
2152.62
2078.5
1958.62
2174.88
2058.5
2249.25
2073
2131.5
2113.12
2080.5
2139.12
2021.62
2282.75
2314
1996.75
2091.75
2061.75
2067.12
2028.12
2012.25
1816.25
2149.25
2075.75
2199.88
2123.5
2172.12
2241.38
2168.12
2107
2214.88
2278.75
2362
2083.62
2076.62
2301.25
2317.25
2255.25
2001.38
2156.88
2076.12
2068.12
2181.75
2066.5
2112.62
2052.88
2103
2071.12
2137.5
2165.88
2293.88
2203.75
2105.5
2113.25
2316.62
2185
2138.12
1876.5
1962
2013.25
2310.75
2114.62
2120
2099.12
2062.75
2019.88
2250.88
2035.62
2113.12
2070
2135.12
2130.5
2264.25
2202
2135.25
1948.88
2057.62
2123.62
2305.75
2180.12
2368.38
2272.38
2273.12
2310.75
2257.62
2048.38
2126
2104.62
2184.62
2127.75
2186.62
2131.38
2174.62
2169.25
2109.12
2200
2126.25
2047.62
2124.38
2065.75
2039.25
2150.62
2222.12
2112.38
2105.62
2213.5
2147.62
2295
2244.5
2137.62
2143.88
2137.38
2132.12
2041.75
2056.25
2159.25
2084.5
1973.88
2027.62
2063.38
2040.75
1973.75
1941.62
2066.12
2024.38
2083.62
2143.62
2066.25
1909.25
2012.75
2045.38
2103.62
2282.25
2352
2199.38
2144.75
2369.38
2106
2166.75
2127.62
2073.38
2116.12
2068.62
2103.12
2176.12
2088.75
2087.5
2208.12
2222
2194.5
2348.38
2278
1973.5
2172.88
2148.88
2196.25
2114.38
2123.25
2206.75
2060.75
2067.88
2000.62
2055.75
2244
2183.62
2430.38
2296.62
2168.62
2451.75
2147.25
2163.38
2073.88
2313
2186.12
2059.62
2402.25
2236.62
2190.38
2308.62
2175.5
2199
2257.5
2071.25
2091.75
2121.12
2340.62
2240.75
1921
2047.75
2025.5
1849.12
1916.25
2049
2062
2157.62
2089.38
1962.25
1956.88
1990
1901.62
1779.38
1915.38
2052
2260.62
2081.88
1858.12
1854
1914.62
1990.75
2122.5
2138.75
2070.25
2120.5
1898.38
1999.5
2045
2198.25
2203.62
2211.38
2414.12
2167.25
2210.75
2109.5
2228.75
2199.5
2199.62
2128
2139.5
2230.88
2073.75
2173.25
2056.12
2178.62
2109.12
2155.38
2297.25
2339.5
2039.38
2063.38
2105.38
2176.12
2004.88
2216.25
2185
2119.12
1998.25
2078.5
2104.25
2091.38
2196.5
2183.12
2282.12
2122.62
1973.75
2000.75
1982
1930.88
2013.75
1954.5
1900.25
2092.38
2084.75
2070.88
2030.75
2010.75
2113.75
2160.62
2124.38
2122.12
2118.88
1994.12
2107.25
2116.38
1995
1978.62
2219.62
2034.38
2006.38
1977.5
2079.75
2112.62
1995.75
1997.5
2146.25
2050.38
2072.5
2122.5
2050.25
2052.38
1932.88
2142.75
2061.88
1905.38
2117.38
2055.62
2108.5
2050.75
2033.62
2148.75
1982.25
2171
2172.75
2045.12
2109.62
2141.75
2050.75
2058
2184.75
2100.38
1976.88
2081.62
1932.5
1927.5
2001.38
2058.12
1968.75
2005.12
2183
2164.62
2040.12
2200.62
2176.75
2177.38
2112.88
1942.38
2203.5
1927
1995.12
2156.12
1851.88
1968.88
2224
2067
2146.38
2156.88
2007.12
2107.62
1970.75
2114.62
2105.75
2140
2194.5
2121.12
2185.12
2283
2210.88
2256.25
2164.12
2146.5
2028.38
1931.25
1988.25
1955.88
1930.5
1920.75
2091.88
2029.88
2025
2056.38
2068.75
2071.5
1964.5
2134.38
2077.25
2009.62
2038
1993.5
1898.25
1925.75
1836.38
1952.5
1925.5
2035.88
2018.75
1932.38
1918.75
2027.12
1993.25
1938.25
1943.5
1951.38
2015.25
1981.38
2031.12
1975.5
1992.38
1848.38
1897.25
1816
1801.25
1858.12
1794.25
1969.75
1850.5
1833.62
1926.38
1686.38
1808.88
1842.12
2111.88
2021.75
1834.12
1815.25
1952.25
1839.75
1745.62
1943.88
1785.75
1716.12
1809.25
1744.12
1724.25
1804.62
1673.38
1621.5
1807.38
1850.88
1786
1776.75
1860.75
1862.38
1785.62
1884.62
1875.5
1822.5
1831.25
1757.75
1713.5
1781.38
1719.5
1819.75
1875
1940.62
1860.38
1790.62
1792.25
1842.12
1804
1831.62
1886.75
1790.75
1790
1857.75
1887
1900.25
1976.12
1845.88
1835.88
1781.38
1838.38
1936.62
1770.75
1802.38
1901.75
1743.5
1907.75
1846.5
1750.38
1916.25
1786.12
1836.62
1928
1868.25
2009.62
2073.5
2003.62
1913.5
1880.5
1913.75
1834.62
2041.12
1845.75
1890
1955.5
1792.5
1869.88
1948.5
1982.25
1947.38
1921.75
1978.12
1875.62
1912.75
1829
1956
1817.5
1884.12
1892.25
1873.88
1809.38
1828.88
1723.5
1713.75
1827.38
1852.88
1716
1897
1822
1861.75
1980.5
1894.25
1944.88
1855
1889
2001.12
1988.62
1832.38
1996.25
1928.5
2030
1918.5
2072.5
1979.75
1887.38
1965.88
1927
2003.5
1914.12
1781
1897.25
1935.38
2006.75
1894.25
1824
1994.88
2021.12
1924.38
2070.62
2011.38
1820.5
1831.25
1788.5
1821.38
1803
1788.25
1916.25
1879.88
1817.38
1979.38
1885.25
1920
1734.88
1846.75
1830.62
1954.75
1949.25
1951.62
2134.12
1990
2173.12
2107.38
2068
2066.62
2043.88
1959.38
2044.38
1987.12
2070.5
1943.88
1967.75
1919.5
2029.5
2069.88
2047.38
1917.38
2016
2071.75
1873.5
1911.62
1876.38
1873
1903.75
1873.62
1781.12
1852.38
2012.25
1919.25
1950.12
1881.88
1760.5
1957.25
1998.5
1993.5
1834.62
1782.38
1871.12
1897.5
1884.62
1955.12
1776.62
1806.75
1839.62
1925.38
1890.5
1919.75
1891.62
1883.88
1892.12
1916.62
1742
1652.5
1818.75
1877.12
1686
1978.25
1809.12
1870.38
1929.62
2029.5
2034.62
1977.75
2067.38
2089.88
2096.12
2027
2003.5
2018.25
2104
2006.62
2038.62
1908.25
2011.25
1985.62
1954.88
1884.62
1872.75
1988.38
1990.62
2091.12
2104.75
2176.12
2132.62
1904.5
1815.62
2120
1974.38
2034.25
2045.38
1906.5
2054.38
1988.75
1967.38
1924.88
2042.5
1936
1889.25
1965
1981.75
2032.12
1961.75
2053.75
2017.38
1885.12
1935.38
2019.25
2088.38
2060.62
1888.5
2054.88
1922
1975
1889.88
1718.62
1934.75
1840.88
2014.38
1952.38
1867.62
1853.62
1940.88
1926.5
1900.12
1952
1987.88
1835.38
1845.75
1802.62
1910.5
1831.25
1864.25
1804.5
1962.12
1920.38
1874
1854.75
1940.12
1777.38
1852.88
1793.62
1735.75
1780.25
1816.12
1811.38
1883.75
1882.38
1777.38
1802.5
1780.62
1858.5
1975
1908.5
1993.75
1852.38
1971.62
2008.12
2106.5
1998.62
1967.5
2030.38
1999.5
1965.12
2021.5
2144.38
2034.88
2073
1994
2003.88
2121.38
2170.25
2193.62
2039.38
2039.12
1996.62
1941.5
2098.88
2161
1976.5
1983.5
2116
1964
2066.12
2086
2068.62
2099.25
2133.38
2073
1960.62
1987.5
1990.75
1983.75
2044.88
1900.75
2074.5
1933.12
2040.75
1909
1983.25
2000.62
1939
2086.25
1962
1998.25
1929.5
1998
1879.5
1958.5
2120.12
2021
2125.25
2001
2093.88
2124
2038
1962.75
2043.25
1978.38
2009.5
2099
2075.25
1942.88
1958
2060.38
2158.25
2183.62
2105.12
2142.38
2264.75
2318
2129.12
2151.75
2058.5
2004.88
2038.12
2197.12
2084.25
2231.12
2098
2212
1993.88
2117.38
1840.5
2071.75
1961.88
2033
1959.12
2045
2060.75
1998.25
2060.25
1851.25
1854.12
2053.38
2058.62
1890.88
2023.12
2292.12
2066.25
2093.12
2200.75
2128.12
2163.12
2072.25
2061
2100.38
1948.12
2012.88
2073
2099.5
2059.62
2221.5
2257.5
2223.12
2284.12
2245.62
2206.5
2129.25
2055.88
2153
2141.88
2240.75
2168.38
2055.38
1995
2082.88
2028
2073.25
1966.38
2135.75
2115.5
2106.75
2233.38
2125.12
2097.38
2153.5
2175.25
2116.62
2131.75
2176.12
1975.88
2193.75
2063.62
2129.38
2103.25
1999.38
2189.12
2114.12
2077.75
2082.88
2010
2003.5
2004.88
1968.38
1983.12
1916.75
1991.88
2087.88
1980.62
2128.25
2133.5
2058.75
2126
2051.25
2003.25
1928
2017
2013.38
1962.25
2002.38
1979.12
2047.38
2001.5
2086.88
2097.5
2001.75
2233.5
2048.38
2109.12
2045.25
2087.12
2135.38
1986.5
2135.62
1985.12
2048.12
2193.25
2150.25
2114
2151.75
2357.25
2166.38
2189.12
2120.62
2247.75
2157.88
2082.38
2140.88
1937
2048
2106.62
2190
2118
2105.25
2198.12
2038.75
2128
2178
2158.38
2157.5
2123.5
2032.12
2108.12
2197
2164.12
2088
2085
2054.5
1865.5
2087.62
1972
2021.5
1935.5
1760.12
1873.12
2001.25
2020.38
1996.25
2110.88
1977.12
2000.12
1867.75
2022.5
1928.75
2067.5
2136.12
2074.38
2059
2114.88
2008.38
1978
2138
2215.88
2166.38
1983
2042.25
2150.5
2048.88
2024.38
1872.88
2256.25
1985.88
2117.88
2068.25
2060.12
2013.5
2066.12
2073.25
2087.38
1922.25
2017.25
1903.12
2077.62
2020.12
2003.88
2016
2172.62
2106.25
1983.5
2013.88
1979.75
2101.12
2102.75
2084.88
1997.62
2095.88
2181.38
2187.12
2156.25
2248.25
2168.38
2098.5
2248.75
2082
2124.75
2204
2113
2004.25
2208.5
2269.25
2099.38
2040.38
2086.62
2038.25
2276.75
1974
2044.25
2283.38
2017.12
2099.12
2032.25
2107.75
2167.88
2062.38
2062.75
2234.75
2206.75
2229
2379.75
2257.75
2196
2363
2370.62
2270.88
2452.38
2307.88
2281.88
2365.38
2450.5
2475.25
2504.12
2446
2472.88
2516.38
2345.25
2306
2231.25
2469.12
2324.75
2447.88
2538.25
2644.75
2652.25
2579.25
2538.88
2430
2572.5
2499.25
2450.75
2321.62
2436.25
2346.75
2270.88
2331.62
2377.75
2430.12
2064
2100.88
2141.38
2145.12
2325.75
2240
2258.38
2243.25
2123.25
2421.5
2256
2083.62
2295.88
2296.88
2418.25
2264.75
2268.75
2276.62
2202.75
2040.25
2198.75
2086.12
2281.62
2238.5
2291.12
2015.62
2072.75
1978.25
2032
1853.88
1909.38
1949.5
2039.62
2005.75
2073
2025.62
1974.12
1953.62
1772.88
1860
1997.88
1996.75
2010.38
2049
2034.38
2039.12
2081.25
2064.5
2000.75
1875.5
2075.25
1908.62
1914.88
1964.25
1912.75
1934.88
2118.75
2047.88
2048.75
1941.5
1911.75
1944.88
1799.25
1970.88
1957.75
2089.12
1918.12
2011.5
1960.88
2097.88
1916.75
2049.88
2121.62
2029.38
2182.62
2258
2075
2142.62
2040
2052.38
2067.75
2030.88
2069.38
1946.75
2036.12
2065.62
2015.38
2002.62
1863.62
1935.62
1881.25
2028.25
2073.88
1907.25
2084.25
2009.12
1965.88
1895.38
2035.38
2017.62
2038
1891.88
1997
1859.12
1986.75
1928
1952.25
1846.75
1925.88
1901
1860.38
1918.25
2011
2103.62
1937.12
1860.62
1955.25
2032
2019.75
1855.5
1952.38
1969.75
1844.25
1935.88
1916.25
1892
1876.38
1907.38
1764.12
1906
2006.25
2152.38
2035.25
2101.62
1934.25
2007.25
1993.38
1911.62
1931.25
1985.62
2026
1876.62
1984.5
1865.88
1997.5
2069.75
2020.88
1877.75
1963
1879.38
1901.62
1888.38
1980.75
2025.12
