1829.62
1857.75
2114.12
2068.25
2102.38
2091.12
2160.25
2157.75
2058.25
2139.88
2320.75
2242.62
1971.12
1990.12
2006.62
1955.12
2042.75
2170.38
2170
2221.88
1941.75
2037.25
1921.62
2006.62
1647
1808.12
1854
1983.25
2174.12
1938.38
2048.38
1975.25
1795.75
1969.38
1957.12
1853.88
2057.5
1645.75
1977
1956.62
1886.5
1932.88
1909.25
1888.5
1881.25
1921.88
1905
2006.5
1905.12
1888.62
1872.88
1780.5
2094.88
1818.25
1990.88
1922.12
1993.75
1985.5
1749
1888.62
1813.75
1821.75
1730.88
1939.38
1919.38
2107.12
2067.75
1992.12
1933.25
1934.75
1868.25
1921
1923.12
1850.38
1979.88
2005.62
2206
2121.38
2177.25
2052
2029
2035.62
2093.62
2183.62
1884
1978.12
2130.88
2028
2104.62
1822.88
1906.25
1949.88
2025.5
1804.75
1881.75
2067
2196.12
2021.5
2086.88
2121.62
2009.88
2001.75
2116.88
1958.5
1901.75
1797.75
1845.5
1962
1912.12
1909.38
2051.38
1812.88
1999
1872.88
1792.25
1845.88
1912.88
1856.25
2033.88
2020.88
2016.38
2132.38
2171.25
1934.5
2102.75
2060.62
1876
2065.88
1924.12
1864.25
1932.25
2153.75
2087
1938
2064.75
1925.88
1922.62
1790
1668.88
1843.25
1837.38
1842
1839.25
1894.38
1743.62
1679
1851.62
1750.88
1740.12
1770.12
1615.12
1644.88
1712.62
1559.5
1710.12
1576.38
1546.38
1717.12
1699.5
1750.25
1879.88
1657
1749.38
1710
1879.75
1884.5
1789.38
1976.38
1873.25
2002.25
1867.38
1925.38
1849.12
1808.12
1892.75
1966.12
1987.88
2002.12
1764.12
1987.38
1942.5
2005.75
1894.5
1865.38
1793.5
1841.38
1825.5
1920.25
1952.5
1891.88
1791
1822.88
1713.75
1837.88
1984.38
1896
1855.75
1924.88
1884.5
1865
1804.62
1897.75
1708.88
1674.25
1894.38
1909.5
1750.75
1916.12
1794.25
1839.62
1832.38
1902.88
1888.25
1802.12
1802.25
1764.38
1820.88
1726.62
1817.25
1713.88
1799.25
1733.62
1752.75
1615.25
1764.88
1854.38
1832.38
1724.5
1768.62
1810.38
1916.25
1978.75
1850.5
1730.38
1794.38
1780
1835.12
1862.62
1742.25
1773
1763.25
1860.5
1741.25
1681.75
1637.25
1863.12
1920
1703.25
1696.38
1658.88
1805.5
1793
1674
1877.75
1700.25
1727.62
1681.5
1770.12
1682.75
1850.25
1809
1863.38
1782.62
1946.12
1725
1765.25
1907.38
1854.12
1862.12
1940.38
1700
1791.75
1798.5
1662.62
1652.88
1780.88
1764.38
1758.62
1698.12
1738.88
1713.5
1680.88
1694.5
1675.25
1795.12
1890
1833.5
1862.25
1749.12
1767.25
1769.38
1754
1877.75
1946.38
1815.62
1916
1847
1771.75
1977.5
1689.88
1782.38
1787.88
1649
1795.75
1676
1553.88
1668.38
1695.25
1633.5
1596.88
1504.25
1564.88
1502.25
1458.62
1544.25
1703.25
1621.62
1567.12
1549.12
1668.88
1566
1583.25
1723.62
1679.38
1677.38
1706.62
1700.88
1649.25
1689.62
1731
1590.62
1476.5
1581
1777.75
1747.88
1701.38
1738.62
1693.75
1836.25
1954.25
1861.25
1902.75
1882.5
2063.88
1872.12
1856.38
2142.88
2000.38
1992.62
1928.62
1961.12
1799.38
1815.62
1841.75
1756.12
1736.75
1693.62
1558.25
1744.5
1653.62
1674.25
1719.75
1750.5
1920.38
1874.38
1705.62
1832
2029.88
1935.5
1827.12
1948.62
1849.88
1803.75
1892.88
1852.88
2080.25
1967.88
1879.38
1802.75
1929.88
1806.88
1849.5
1890.62
1898.88
1969.88
1941.62
1900.12
1899
2171.75
1937.38
2050.88
2008.38
1995
2063.25
2089.38
2044.12
1921.75
1988.5
1846.12
1865.12
1709.5
1834.12
1894.25
1972
1853.5
1964
1829.38
1841.75
1898.12
1978.75
1847.62
2055.12
2056.5
1896.12
2008.38
2079.75
1983.12
2149.75
1904.62
2150.12
1991.25
2034.75
1997.88
2119.88
2024.75
1890.62
2041.12
1879.62
1948.75
1826.75
1882.88
1982.38
1759.88
1995.62
2073.38
1887.62
1899.75
1982.62
1862.25
1805.12
1886.75
1873.38
1832.75
1887.5
2089.25
1799.25
1901
2059.12
1895.88
1834.12
2075
2134.12
2257.25
1925.12
1939.62
1818.75
1771.88
1897.38
1874.5
1916.12
1836.25
1910.12
1834.12
1732.62
1810.5
1810.88
1778
1801
1737.38
1852.88
1894.75
1746.5
1623.38
1843.38
1824.62
1812.75
1680.75
1822.75
1837
1886
1937.5
1866.38
1789.38
1766.5
1755.5
1886.5
1811.38
1924.88
1926.5
1754.62
1819.25
1850.5
1709.38
1722.25
1878.38
1952.12
1890.5
1739.75
1819.62
1843.75
1769.38
1817.12
1805.75
1853.62
1840.75
1792.62
1819.88
1803.75
1718.62
1854
1716.12
1738.5
1767.12
1865.62
1861.88
1851
1972.5
1911.12
2026.62
1912.25
1829.12
1869.88
1983.75
1956.75
2003.38
1975.75
2086.62
1930
1925.12
1971.88
1987
1958
1974.25
1789.88
1888
1917
1917
2065.62
2020.62
1908.75
1970
2007.5
2099.25
2188.88
1925.88
1820.25
1938.62
1943.62
1683.62
1851.12
1937
1848.25
1943.75
1719.38
1925.5
1853.5
1928
1847.88
1901.88
1787.5
1784.88
1920.12
1768.75
1778.75
1839.75
1850.5
1763.75
1839
1633.5
1851.12
2044.88
2065.12
1890.88
1902.25
1993.38
1973.62
1903.12
2009.38
1961
1870
1883.5
1984.25
2016.88
2010.5
2088.12
1865
1753.75
2040.88
2007.5
1891
2022.25
2066.88
2111.75
1951.25
2006.25
1837.38
2068.88
1972.5
2034.62
1948.38
2010.25
1797.62
2009.62
2085.62
2036.62
2032.12
2024.12
1985.62
2102.75
2032.38
2042.75
1932
2020.75
1942.25
2146.25
2025.75
2033.5
2154.88
2060.62
1929.25
1822.25
1723.38
1762.62
1723.88
1863.88
1857
1881.5
1910.12
1967.38
1941.62
1847
1849.5
1911.5
1892
1783.5
1941.5
1887.88
1862
1933.75
1798.38
1872.38
1950.5
1757.38
1867
1828
1789.88
1788.38
1800.12
1769.88
1786
1931.5
1822.12
1872.62
1840.75
1907.5
1833.75
1842.75
1891.38
1904.62
1877.62
1855.75
1997.62
1924.38
1948.75
1899.38
2031.5
2144.62
2233.5
2351.25
2165.62
2176
2037
2001.75
2015.5
1990.88
1943.75
2050.88
2413.12
2252.75
2337.12
2398
2383.12
2410.75
2326.38
2326.75
2012.25
2070.12
2017.88
1979.75
1982.62
2018.38
2052.75
1799.38
1966.5
2079
2192.62
2278.25
2133.12
2295.88
1959
2019.12
2089.12
1781.88
1809.5
1760.25
1682.12
1769.12
1874
1921.5
1918
1814.38
1582
1699.88
1589.12
1623.62
1761
1993.12
1712.88
1662
1703.38
1639
1570.5
1697.12
1658.38
1479.62
1631.38
1735.25
1612.5
1749.62
1759.62
1617.75
1730.5
1682
1684.25
1519.5
1633.62
1821.62
1780.12
1542.5
1641.75
1651.88
1646.88
1643.75
1673.62
1689.5
1713.38
1642.12
1670.62
1716.75
1606.5
1740.88
1617.38
1739.75
1886.12
1927
1903
1891.5
1775.25
1861.25
1685.38
1869.12
1786
1882.62
1871.38
1906.25
1845.75
1745
1830.5
1767.88
1819.25
1883
1844.88
1897.25
2011.62
1869.25
1825
1849.38
1991.12
1816.75
1949.12
1965.75
1999.75
1899.88
1925.62
2068.88
2058.38
2039.25
1925.25
1878.88
1947.12
1759.25
1869.25
1920.38
1848.25
1787
1856.75
1887.38
1798.62
1922.75
1739.5
1761.12
1959.62
1908
1873.75
1807.12
1842.5
1810.62
1811.12
1887.88
1751.12
1699.88
1897.88
1922.88
1883.38
1723.5
1907.38
1696.12
1825.62
1659.5
1797.88
2057
1821.5
1772.38
1786
1824.5
1836
1838.5
1778.88
1850
1905.75
1688.88
1874.38
1754.12
1874
1829.25
1922.5
1954
1791.38
1909.75
1735.88
1832.62
1789.38
1761
1677.25
1841.38
1604.12
1705
1809
1839.75
1825.75
2005.5
1929
1860
1872.38
1849.62
1840.88
1655.88
1842.62
1848.75
1643.75
1743.88
1810.62
1753
1801.5
1750.5
1885.75
1868.88
2021.5
1794.62
1846.75
1867.75
1698.75
1886.25
1802.25
2056.38
1919.12
2045.62
2066.75
1910.88
1851.88
1856.38
1819
1885.88
1773.62
1835.75
1806.5
1702.88
1779.5
1801.5
1761
1779.38
1861.5
1985.88
1898
1930.38
1980.88
1792.88
1804.75
1773.5
1996.25
2145.38
2080.5
1991.12
1969.88
1851.88
2195.62
1952.5
2076.25
2068.25
2067
1996.25
2075.62
1836.5
1978.5
1815.88
1811.38
1947.38
2051.25
2145.5
2036
2154.25
2065.62
2113.38
2134.38
2079.62
1995.75
1956.88
2087.25
2091.12
2088.25
2090.38
2057.12
2265.5
2186.12
1989.75
2053
1997.25
2064.38
2081.5
1983.38
2041.88
1937.62
2032.75
1978.62
2025.88
1892.62
1923.5
1969.62
2057.25
1947.25
1901.62
1895.75
1973.25
1850.75
1940
2066.62
1940.12
2140
1980.62
1888.62
2022
1932
2077.38
1906.75
2006
2191.62
2058
1996.5
2024.62
1951
2198.75
1995.25
1785.25
1816
1890.88
1949
1806.5
1928.62
1909.5
1951.25
1845.88
1929.75
1795.12
2005
2033.62
1967.38
1882.62
1931.38
1897.62
1965.5
1877.25
1709.88
1794.62
1823
1840.38
1799
1804.62
1744.62
1857.25
1879
1880.38
1894.12
1864.12
1782.5
1820
1837.5
1904.62
1779.88
1898.5
1972.5
1949.5
2015.5
1996.5
2024.25
2024.75
2034.62
2008.62
1901.12
1906.88
1918.12
1777.62
2039.38
1897.38
1922.5
1847.5
1877.88
1884.75
2060.88
2009.5
1865.62
1962.88
1893.62
2009.5
1940.75
2016.25
2134.12
2042.38
2027.75
2027.12
2044.12
1969.75
1996.62
2051.62
2019.38
1946.5
2098.62
2010
1992.25
1928.25
1815
1909.75
1753.75
1921.75
1848.5
2061.38
2044.5
2013.62
1969.25
2057
1893.38
2006.62
2061.75
1998.88
1770.75
1919
1998.5
2028.12
2019
2007.5
1772.75
1752.5
1742.38
1643.25
1813.75
1785.62
1982.88
1995.25
1906.25
1758.62
1921.25
1781.62
1683.88
1740.25
1996.38
1844.12
1837
1885.25
1750.5
1771.38
1971.75
1859.5
1710.88
1801.12
1981.12
1753.62
1785.5
1839
1920
1807.62
1718.75
1780.75
1800.75
1788.5
1988.38
2053.88
1929.25
2023.75
2102.12
1839.62
1889.38
1891.12
1832.38
1828.25
1906.5
1855.88
1840.38
1709.75
1989.38
1949.5
1897.25
1908.25
1826.5
1877.25
1948.62
2178.25
2002.38
1744.25
1789
1917.12
1820.5
1917.62
1836.88
1744.88
1656.25
1793.5
1711.62
1844.75
1882.75
1946.12
2074.62
1606.38
1874.38
2099.25
1994.62
2001.38
2124.5
1984
2023
1952.25
2100
1967.62
1954.12
2022.88
2081.12
2173.88
2101.12
2253.5
2143
2180.12
2077.62
2185.12
2097.75
2204.25
2007.25
2202.62
2300.12
2011.75
2103.38
1789.62
1855
1792.12
1844.12
1934.12
1882.75
1974.25
2070.5
1995
2151.62
2014.25
2206.25
2085.25
2068.88
2030.12
2107
2147.5
1967.62
1976
2028.25
2062.25
2063.12
2020.5
2003.12
1906.12
2073.75
2051.62
2011.62
2034.38
1936
2051.5
2113.12
1970.12
2095.5
2144.62
1985.75
1900.62
1965
2005.62
1864.5
1867.25
1897.12
1791.5
1758.38
1715
1970.25
1960.88
1852.38
2035.25
2163.62
2018.38
2116.88
2080.38
1968.38
1842.25
2205.62
2106.25
2078.5
2063.62
1913.5
2047.62
2025.62
2148.5
2059.62
1917.12
2072.62
1972.62
2023.62
1981
1743.75
1911.5
1923.5
1929.62
1909
2115.12
2093.5
1985.25
2125.88
1997.62
1701.5
1921.5
1789.12
1747
1764.12
1741.88
1580
1693.5
1775.75
1817.88
1831.38
2039.62
2085.25
1986.5
2018.75
2214.25
2035.38
2010.12
1973.12
2068.62
2137.75
1965
2241.75
2138.5
2165.25
2115.62
2112.12
2000.12
1742.5
1902.38
1858.25
2066.38
1987.75
1952.5
2006.12
1991
2042.5
2016.62
2184.88
2110.75
2088.5
1972
1965.88
2285.88
2133.25
1960.38
1884.75
2068.12
2140.62
2178.75
2150.12
2025.5
2099.75
1976.5
2100.12
2099.62
1955.88
1955.25
2288.5
2042.88
1921.38
2129.75
2089.5
2110.75
2311.75
2008.62
2083
2184
2065
2084.25
2006.12
2070.38
2180.5
2036.75
2138
2043.62
2135.88
2084.12
2097.75
2297.62
2335.88
2472.12
2305.25
2302.75
2147.62
2028.5
2095
2098.75
2082.12
2034.5
2103
2062.12
2149
2216.88
2347.25
2207.62
2177.25
2024.25
2195.12
2076.12
2170.75
2087.25
1943.62
2009
2071.5
2178.38
2028.38
2049.62
2285
2059.62
2200.88
2083.62
2258.12
2111.62
2171.88
2304.88
2298.88
2304.88
2088.62
2194.75
2162
2168.12
1963.5
2036.5
2105.88
2155.88
2016
2285.25
2061.88
2094.88
2214.25
2359.25
2187
2185
2229.12
2075.12
2208
2246.75
2151.38
2149.25
2087.12
2269.75
2163.62
2249.5
2316
2170.12
2033.62
2278.75
2407.62
2268.12
2288.5
2265.88
2463.62
2307.88
2449.62
2173
2113.75
2050.5
1980.38
1775.38
1889.88
2001.38
2128.12
2280.12
2103
2090.62
2121.5
2076.12
2275.62
2152.75
2132.38
2050.75
2134.62
2178.12
2102.75
2147
2058.75
2124.12
1998.5
2090.5
1983.38
2043.38
2137.25
2063.5
2064.5
2094.5
2022.5
2133.25
2044.88
1767.5
1931.5
2178.5
1948.62
1927.62
1928.75
2055.38
2047.38
2100
1925
2075.5
1904.12
1929.25
2027.12
1949.88
1980.5
2213.5
2127.88
2123.62
2032.5
2160.62
1997.62
2041
1922.88
2064
1955.62
1879.62
1999
1987.75
1813.75
1857.12
2008.88
2182.5
1926.62
2027.75
2031.12
2046.5
1895.25
2076.5
1987.38
2003.25
1988.62
2003.88
2017.38
1948.88
1961.12
1990.5
1911.5
2062
2099.5
2034.75
2125.62
2222.75
2072.62
2125.62
2027.38
2160.75
1989.62
2069.25
2063.75
2195.38
2005.5
1794
2127.12
2066.62
2117.25
2095.38
1945.12
2051.38
2076.62
2214.12
2344.12
2302.62
2192.5
2232.25
2263.5
2243
2299.25
2221.62
2211.88
2035
2119.38
2174.75
2381.88
2166.5
2474.62
2303.88
2241.25
2283.25
2227.5
2285.38
2224.38
2211.12
2090.12
2308.38
2346
2393.88
2318.88
2357.38
2309
2085.75
1975.12
2225.75
2048.62
1841.75
2029.62
1974.12
2079.5
1985.5
2015.25
2162.88
2191.25
2141.25
2339
2242
2180.38
2123.12
2121
2153.12
1981.38
2063.5
2103.75
2142.88
2251.88
2125.5
2045.12
1850.12
1928.62
1955.38
1868.88
1835.5
2022.25
1969.5
1835.62
1978.12
1968
1946.75
2005.25
1870.5
1913.38
2050.12
2052.75
2181.38
2036.5
1987
1902.5
2050.25
2120.62
2012.12
1986.25
2093.75
2220.38
2182.75
2036.62
1973.75
2191.5
2047.88
2203.75
1835.38
1936.25
1888.5
1878.88
1821.5
1934.25
1913
2107
1947.5
1899
2009.75
1811.88
1919.62
2068.25
2001.25
1896.75
1969.25
2092.25
1903.38
1983.38
2024.25
2119.12
2000.75
2033.38
1987.5
1968
1859.38
2003.75
2123.62
1831
1880.5
2030.38
2112.5
1824.75
2071.25
2009.38
2104.75
2138.38
2272.5
2116.5
2258.75
2259.5
2240.62
2283.62
2099.75
2145.5
2050.62
2209.38
1899
1958.38
1837
1956.25
1998.25
1962.62
1890.38
1731.12
1913.5
1906.25
1878.88
1862.75
1819.38
1811.38
1940.88
1908.5
2039
1825.62
2055
1880.25
1966.5
1990.25
1942.12
1920.12
1998.62
2001.88
1947.5
2069.5
2039.38
2103.5
1977.62
2023.12
2129.75
2206.38
2057.38
2122.88
2192.38
1896.62
1927.75
1831.5
2079.12
2060.5
2038.5
2066.62
2106.75
1952.5
1947.25
1964.62
2121.5
1962.88
1711.38
1970.88
1948.25
1988.12
1931.88
1885.88
1966
2023.12
1990.5
2015.25
2099.5
2020.12
2001.5
2090.62
2046
2015
2224.75
2039.25
2069.62
2094.5
1858.38
2053.75
1918.88
2133
1936.88
1978.88
2232.5
2209.12
2196
1927.12
1993.75
1990.12
1731.5
1977
1865.75
1882.75
1781.25
2016.38
1856.12
1974.62
1780.5
1717.38
1747.25
1589.25
1771.5
1747.12
1652.12
1888.12
1779.5
1911.75
1901.12
1844.12
1865.25
1866.5
1841.62
1883.5
1795.75
1887.75
1743.88
1801.25
1878.38
1874.38
1754.38
1671.88
1772.38
1678.12
1775.75
1792.75
1754.12
1987.25
1737.25
1917.75
1886.75
1934.12
1808.12
1843.88
1873
1827.75
1919.5
1770.5
1855.12
1854.25
1816.38
1779.62
1885
1902.5
1840
1783.12
1932.25
1643.75
1728.38
1747.88
1812.38
1849.62
1829.62
1771.38
1784.38
1859.38
1920.25
1888.25
1869.5
1859.62
1849.38
1920.62
1834.25
1894.5
1990.38
1968.25
1800.88
1852
2037.38
1995.88
1911.75
1787
1852.25
2207.25
1993
1968.38
2131.25
2088.62
2050.38
2147.5
2142.38
2218.62
2078
2102.12
2184
2424
2082.5
1764.25
1965.38
1924.62
1807
1861.88
1987.5
1941.38
1974.88
1927
1912.38
1765.5
1754.62
1783.88
1964.12
1954
1791.25
1842
1915.12
1791.62
1840.75
1941.88
1813.5
1871.25
1895.38
1801.38
1897.75
1761.88
2021.88
2082.75
2025.5
2056.12
1886.5
1857.62
2055.12
1968
2271.12
1981.38
2194.62
2226.38
2221.62
2074.75
2174.38
2039.62
1973.12
2001.12
1916.88
1971.38
2038.5
1819.88
1878
2059.12
2062
2055.38
2066.12
2052.25
1857.88
2120.88
2153.75
2375
2353.25
2353.75
2341.88
2186.25
2190.62
2092.25
2084.5
2036.25
2199.12
2197.25
2082
2102.25
2055
2137.12
2025.5
2067
2020
2076.88
2246.25
2134.88
2112.5
2124
2158.88
2096.25
2232.38
2192.75
2158.62
2135
2094.5
2220.62
2167.12
2372.62
1965.38
2104.5
1939.38
2229.75
2268.5
2351.12
2227.88
2185.75
2158.38
2100.62
2146.38
2161.62
2305.75
2235
2125.62
2205.5
2243.75
2190.12
1936.88
2134.38
1930.12
2033
2008.5
2041.5
2094.38
2125.25
2269.12
2107
2049.12
1852
2105.5
1993.38
2068.25
2263.25
2258.25
1874.12
2039.62
1986.62
2087.62
2087.88
1977.88
1991
2018.75
2071.25
2057.62
2080.88
2278.88
2077.5
2039.5
2006.75
2046.38
1887.38
1934.38
1980.62
1912.75
2001.12
1992.38
1956.88
1913.25
1941.62
1826.25
1761.62
1916.12
1729.12
1671.88
1788.75
1854
1858.25
2005.75
1976.75
2085.75
2040.62
2093.25
2034.5
2169.88
1872.62
1784.12
1789.25
1825.12
1782
1929.62
1989.38
1990.75
1850.12
1776.5
1844.5
1889
1941.88
2073
1894.38
2138.62
1721.12
1833.88
1741.88
2026.75
1877.38
1848.12
1879.25
1843.38
1861.75
1769.88
2043.38
2047.25
1933.88
1923
1981
1891.12
1829
2039.88
1883.88
1743.25
1758.5
1814.75
1974.62
1788
1864.25
1919
1757.12
1815.38
1752.12
1830
2096.12
2016.38
2166.12
2151.62
2118.62
1903.38
1969.62
1855.62
1716.75
1849
1690.62
1880.5
1840.12
1891
1974.75
2002.25
2006.88
1977.88
2005.25
2040.38
1876.12
1988.12
1891.38
1823.12
1783.5
1771.38
1867.75
1767.38
1917.62
1953.5
1970.88
1662.62
1930.12
2058.25
1974
1982.5
1946.38
1830.88
1994.75
1791.5
1878.25
2040
1999
1937.5
2005.75
2094.88
1884.5
1908.75
1962
1873.62
1767.25
1875.88
1956
1932.38
1888.5
1935.62
1911.12
1957.75
2233
1996.62
2015
1851.88
1892.5
1953
2059.88
2093.12
2060
2103.25
2080.12
1999.12
1823.88
2006.62
2053.25
2081.38
2112.75
2108.38
2119.88
1931.25
1888.38
2000.25
1931.75
1921.75
1797
1794.75
1829.25
1977.5
2041.75
2185.62
2103.12
1779.25
1993.38
2143.25
2047.25
1884.5
1919.62
1885.12
1948.5
1972.12
2071.75
2154
2009.62
1956.12
1984.38
2206.5
2017
2054.12
2108.25
1918.25
2093.38
1926.62
2094.12
1922.88
1887.75
1948.88
1904.5
1900.62
1867.62
1816.12
1706.62
1962.88
1893
1818.38
1988.88
2013.25
1941.5
1925.75
2039.88
2016.12
2035.75
1938.12
2072.75
2022.5
2133.62
1960.38
1907.12
1904.38
1943.88
1833
1950.62
1743.38
1900.75
1950.62
1878.38
1898.62
1881.38
1849.5
1707.38
2041.38
1815
1997.38
2026.12
1913
2005.88
2004.25
1943.12
2128.62
2001.25
1954.75
1959.25
1882.75
1953.5
1841.38
1984.62
1903.75
2044.5
2097.38
2121.38
2010.5
2035.5
1994.62
1997.25
2227
2171.25
2126.5
2170.88
2237.88
1992
2076.25
1884.25
1908.88
1902.25
1874.25
1974.75
2014.88
1931
2046.75
2096.88
2177.38
1872
1954.62
1945.62
2177.12
2057.38
2120.62
2027.88
2039.62
2105.25
2048.62
2180.38
2176.88
2201.62
2044.5
1910.75
1906.12
1889.88
2153.12
1950.25
1882.75
1848.88
1832.5
1695.75
1815.75
1890.38
1671.25
1912.88
1979.62
2058
1816.62
1873.5
1950.38
2061
2028.38
2045
1871.25
1923.5
2192.25
2013.12
1925.38
1828.75
1814.62
2029.88
1936.12
1964
1907.75
1902.38
1826.38
1773
1636.38
1954.88
1744.62
1794
1628.5
1762.88
1610.38
1857.62
1891.12
1829.12
1652.25
1774.5
1674.75
1760.75
1650.62
1764.38
1811.75
1943
1920.38
1680.75
1764.12
1992.12
1881.62
1905.38
2016.88
1913.88
1955
2115.38
1956.5
2087.62
1910.38
2009.5
2071
1916.5
1953.25
1976.38
2073.62
2063.25
2046
2045.5
1987.25
2053
2070.12
2257.88
2067
2006.62
2001.25
2091.75
1937.75
1946.12
2001.88
1984.12
1912
2088.25
1886.75
1907.12
2099.25
1926.62
2104.62
1934.12
1971.62
1951.75
2080.38
1903.75
1907.75
2109.5
2049.12
2099
2130.88
2080.75
2067.62
1916.62
1902
1859
1794.62
1844.25
1997.25
1955.12
1807
2050.5
1997.38
2071
1866.75
1981.12
1778.5
1988.38
1993
2000.5
2327.75
2002.62
2067.5
1960.75
1963.25
1921.5
2067.75
1974.88
2006.5
1981.62
2265.25
2187
2082.38
2091.5
1948.88
2000.62
2099.62
2221.62
1995.88
2271.88
2379.5
2283.12
2053.25
2156.88
2000.25
1979.25
2052.38
2008.12
1860.25
1981.12
1965.88
1877.25
2007.25
2077.62
1942.25
1996.25
2033.25
2005.88
1915.75
2126.88
2048.5
1977.75
2025.88
2000.38
1959.12
1863.75
1936.25
1908.12
1868.38
1944.5
1974.62
1942.88
2041.25
1947.38
1985.12
1959
2105
2118.5
2153.75
2147.5
2183.12
2129.62
2112.25
2092.5
1939.12
1902
2085.62
2084.88
1924.12
1852.88
1779.12
1939.75
1940.62
1952.62
2055
1810.62
1837.5
1773.25
1673
1946.75
1741.75
1809.38
1780.5
1893.12
1810.5
1689.62
1662.62
1713.25
1860.38
1740.38
1853.75
1886.12
1856.12
1885.38
1908.75
1700.25
1740.75
1834.12
1883.62
1862.62
1969.5
1866.5
1760.25
1774.5
1784.25
1900.88
1752.5
1721.38
1792.12
1970.25
1912.88
1622.62
1850.88
1779
1731.25
1916.25
1986
2041.5
2005.5
1955.75
1833.88
1748.75
1807.75
1888.88
1771.75
1784.75
1814.5
1882.88
1826.62
1843.88
1762.62
1760.62
1697.5
1660
1778.25
1945
1876
1749.5
1789.5
1773.5
1848.38
1858.62
1765.5
1684
1753.5
1874
1868.12
1815.88
1744.62
1799.5
1910.62
1792.25
1872.62
1807.75
1731.25
1599.25
1756
1601.12
1715.75
1687.12
1829.88
1882.75
2005.38
1893.62
2019.5
1818.38
1852
1991.88
1943.88
1795.75
1903.62
1922
1886.5
2024.38
1978.38
1979.38
1948.62
2120.62
1942.75
2043
1985.75
1938.12
1949.88
1817.75
1798.75
1915.62
1925.25
1767.75
1833.62
1769.25
1749.62
1812.38
1849.62
1899.62
1900
1911.38
1679.25
1863.5
1904.12
1917
1955.25
2024.62
2049.5
1995
1854
1994.62
1997.12
2030.5
2105.75
2053
1970.38
2076.38
2100.12
1972
1984.62
2068.5
2139.25
2170.25
2129.5
2184.25
2054.5
2221.12
2188.75
2172.5
2218.5
2138.88
2146.62
2277.25
2355.38
2304.5
2235.38
2110.88
2065.12
2133.75
2156.75
2017.25
1915.5
1776.62
2100.12
2005.25
2139.38
2127.88
1831.12
2074.62
1986.75
2093.75
2153
2121.38
2092.62
2140.88
2150.38
2215.62
2347.88
2177.25
2049.38
2253.12
2114.62
2141.25
2126.75
2100
2061
2056.62
2068
2064.75
1995.12
2167.25
2074.12
2084.5
2343.62
2169
2223.62
2441.38
2330.75
2267.88
2457.88
2183.75
2240.25
2254.75
2188.38
2182.25
2187
2418.25
2462.12
2289
2388
2551.38
2018.38
2190.25
2199
2204.38
2190.88
2157.75
2232.38
2146.25
2158.62
2154.12
2218.62
2091
2297.75
2155
2105.12
2180.12
2198.12
2125
2130.12
1953.5
2353.62
2339
2361.75
2270.38
2141.75
2159.38
2333.25
2347.62
2217.88
2250.38
2272.5
2322.62
2216.75
2106.5
2097
1938.25
2018.62
1925.75
1917.75
1829.62
2033.62
2045
2083.25
1981.25
2012.75
2064
2274.88
2078.62
2031.5
1980.5
1983.75
1926.38
2034.25
2204
2000.75
2115.25
2125.62
2191
2094.75
2145.75
2196.12
2147.25
2041.5
1963.88
1960.5
2117.38
2154.38
2071
1942.88
2002.38
1928.88
1893.38
1941.38
1781.75
1869.62
1796.62
1639.62
1677.5
1736.38
1830.88
1889.12
1897.12
1775.75
1739
1720.62
2069.75
1832.75
2006.88
1783.5
1832.12
2042.12
2022.62
2088.25
2076.38
2129.75
2242
2173
2110
1899.5
2087.88
1802.75
1842.62
1793.12
1822.75
1949.5
1822.25
1778.75
1888.62
1990.88
1873
1884
1675
1905.62
1883.62
1848.38
1824.25
1833.38
1819.62
1942.12
1984.75
1787.75
1789.5
1795
1869.12
1812.25
1710
1673.62
1744.5
1648.12
1874.38
1876.25
1964.5
1783.5
1795.12
2023.75
1947.75
1873.38
2061.12
2033.25
1993.25
2041.12
2123
1844.5
1957
1801
1709.75
1958.12
1840.75
1705
1664.25
1749.38
1908.25
1840.88
1996.38
2065.5
1968.12
1994.38
1966.62
2060.25
1828.38
1976
2004.88
2067.75
2017.88
1969.75
1979.75
2028.25
1941.12
1904.12
2214.62
2087.88
2240.12
2155.12
2131.12
2099.12
2007.25
1890
1875.88
1760.12
1822.38
1795.25
1822.62
1988.25
1812
1855
1784.25
1699.38
1860.38
1920.88
1904.75
2043.5
1754.88
1820.5
1679
1694.88
1786.75
1846
1964.12
1826.88
1741.75
1721.12
1874.62
1613.5
1793.12
1729.38
1791.75
2010
1966.25
1882.75
1868.62
1813.62
1848.25
1896.38
1992.5
1784.75
1732.75
1886.88
1879.12
1877.88
2009.75
2101.5
2098.88
1868.12
1657.25
1700.38
1773
1945.5
1839.12
1974.62
2047.62
2087.25
1816.75
2080.5
1841.38
1948
2030.75
1947.75
1856.12
1653
1647
1829.75
1862.12
1893.38
1850.88
1891
1878.25
1871.12
1945.75
2046.12
1976.25
1950.12
1993.25
1992
2056.62
1952.62
1997.62
2039.5
1965.75
1936.88
1944.12
2009.75
2014.88
2074.38
2073.38
2017
2103.88
2209.75
2086.62
1911.75
2105
2178.12
1884.25
2117.88
2211
2116.38
2037.25
2131.12
2225.38
2137.62
2168.38
2143.25
2154.5
1926.75
2049.38
2205.25
2026.25
2042.5
2115
2060.75
2081
2097.5
2088
2107
2159.38
1968.38
1855.75
1990.62
1938.5
2041.25
1975.5
2264.25
2044
2043.38
1925.5
1839.38
1956.12
2092.88
2030.38
2189.38
2055.62
2192.75
2151.25
2155.25
2269
2094.88
2219.5
2179.5
2181.5
2176.38
2127.62
2172.75
2155.88
2059.5
2263.38
2162.25
2179.38
2084.25
2218.25
2108.12
2097
2222.25
2101.38
2203.38
2094.38
2141.62
1967.12
2084.12
2031.75
2121.5
1947.88
2051.88
2139.12
2040.5
2014.25
1889.5
2124.5
2112.25
2123.12
1876.75
2189.38
2074
1852
1931
2052.75
1944.25
2023.5
1839
1921
