1829.62
1857.75
2158
2060.12
2310.88
2363.62
2108.25
2294.5
2299
2121.88
2278.25
2014.75
2185
2370.62
1952.12
1988.5
2130.88
2239.12
2082.88
2103.38
2100.25
2125.88
2172.88
1926
1944
2159.75
2131
2052.25
2272.12
2173
2322
2255.12
2214.5
2126.88
1970.62
1935.75
1815.75
2070.38
2050
1796.62
1938.75
1856.75
1928.5
2000.38
2015.25
1961.5
1898.25
1981.38
2146.12
2183.25
2380.88
2275.25
2247.88
1954.25
2033.5
1999.38
2157.88
2028.5
2006
1989.62
2124.38
2027.38
1970.5
2005.25
2026.75
1887.25
2004.38
2208.12
1917.12
2001
2077
2103.5
2011.88
2076.88
2057.5
1991.88
2048.38
2003.62
2021.62
2043.12
1955.75
2013.25
1810.12
1922.62
1828.25
1983
2069.62
1782.62
1874.88
2011.75
1868.62
1905.88
1909.62
1935.25
2165.75
2216.25
1888.88
2175.75
1988
2099.75
1984.75
2035.5
2207.88
2074.62
2183.12
2281.75
2154
2065.62
2117.12
2251.75
2186.12
2171.38
2019.38
2145.25
2162.25
1985.5
2086.75
2136.62
2056.75
2088.38
2132.12
2395.12
2176.25
2123.25
2315.75
2198.25
2062.38
2014.12
2016.38
2265.12
2074.5
2201.12
2166.5
2234.5
2227.88
2292.25
2163.12
2196.25
1886.88
2060
1935.12
1939.25
1951.25
1883.75
2114.75
1925.75
1909.38
1984.12
2139.88
1859.25
1938.62
2059.25
1992.5
2015.62
2074.62
2018.75
1913.5
1883.12
1892.25
1971.12
1827.38
2005.25
1961.62
1939.38
2053.5
1895.38
1992.12
2007.5
1952.62
2017.88
1996.5
2056.88
1994.38
2093.12
2055.75
1998.88
1885.75
2083.38
1959.12
1979
2122.75
1855.88
2090.75
1934
1864
1926
2025.12
1833.5
1741.75
2027.62
2218.5
2034.62
2093.25
2015.25
2134.38
1875.38
1882.62
2085.75
1984.25
2039.12
1779.75
1883.12
1914.62
2053.88
1855.75
1955
1964.12
2079
2001.5
1994.38
1907.25
1975.12
1936.25
1973
2067.75
1919.62
2040
1907.5
2112.12
2194.12
2173.12
2097.62
2151.25
2060.5
2061.62
2113.62
2019.88
2051.62
2074.62
2151.12
2104
2065.25
2096.88
2222.5
2262.62
2076.38
1924.12
1946.12
2096.62
2122.12
2146.62
2020
1927.5
2131.25
2186.88
1961.12
1938.38
2094
2030.12
1882.62
2099.5
2092.75
2092.62
1994
2145
2056.88
2043.62
2006.5
2142.88
2120.5
2185.5
2131.12
2010.5
2208.12
2012.5
1892.5
2019.12
2181.38
2125.75
1968.5
2046.75
2093.75
1974.62
1978.12
1973.62
1794
1627.38
1872.38
1925.25
1957.75
1919.25
1940.5
1985.12
1990.38
2035.62
2034.5
2087.25
1953.38
1960.62
1888.25
2031.62
1932.62
1805.88
1979.75
2056.5
1935.62
1942.75
2104.25
2053.38
2085.5
2009.38
2081.5
2071.75
2104.75
2055.25
2054.62
2046.75
2075.38
2015.25
2043
2002.12
2076.38
2008.12
2081.75
2121.12
2205.75
2159.12
2105.88
2144.88
1978.62
2159
1934
1867.62
2020.12
2067.25
1895.88
1927
1881.75
1739.75
1950.25
1928.25
1957.5
1999.25
2060.12
2035.75
2095.25
2097.88
1911.75
1969
2010.12
1931.88
2048.12
2172.12
2172.62
2030.12
2013.38
1993.88
2219.38
2042.25
2025.75
2067.38
1996.12
2030.12
2022.25
2092
2143.5
2021.38
2124.38
2064.25
2225.62
2089.62
2193.12
2050.5
2047
2086.75
2206
2095.62
2047.25
2029.12
2028
2249.75
2073.25
1934.38
2103.62
1938.5
1942.5
1928.12
2074.12
2244.38
2144.25
2102.5
2251.62
2157.75
2207.5
2307
2306.62
2175.38
2451.62
2227.5
2141
2186.62
2248.5
2254.62
2196.88
2264.5
2135.38
2110.62
2043.38
2262.62
2227
2124.5
2186.88
2084.75
2121
2145.12
2293.75
2250.12
2113.75
1989.88
2215.38
2090.88
2077.62
1996.75
1972.75
2056
2193.75
2052.5
2121.25
2009.75
2125.38
2152.62
2025.25
2048.12
2246.75
2200.38
2256.75
2113.12
1952.12
2060.12
1914.12
2151.5
2203.62
2103.62
2097.12
2185.88
2158.62
2299.62
2181.25
2045.62
2196.75
2009
2229.75
1960
2191.38
2127.12
2180.75
2066.25
2097
2218.75
2119.12
2352.12
2124.75
2166.5
2215.75
2224.62
2273.12
2199.38
2118.38
2205.88
2039.75
2017.25
1948.25
1930.12
2202.75
2148.62
2033.25
1955.12
2235.38
1944.25
2031.5
2194.75
2099
2272.12
2222.88
2064.88
2189.38
2190.75
2247.38
2143.62
2283.5
2209.88
2153.62
2176.75
2315.38
2184
2003.38
2265.5
2221.25
2116.25
2122.5
2069.88
1926.62
2253.88
2287.12
2381.62
2239.5
2150.5
2253.88
2186.25
2055.88
2112.62
2068.88
2004.62
1990.88
1986.38
2041.88
2080.75
2240.38
2063.75
2023.62
2277.62
2187.25
2250
2040
2013.62
2105.88
2141.12
1977.62
2017.75
2081.38
1932.25
2253.5
2197.62
2306.25
2221.5
2044.75
2076.5
2041.62
1991.25
2072.12
2210.25
2233.12
2243.25
2235.12
2152.38
2174.38
2155.38
2308
2264.5
2211.38
2387.88
2195.25
2285.75
2295.75
2105.62
2086.88
2038.88
2163.12
2034.75
2163.12
2245.38
2135.75
2243.12
2001.5
1913.88
2131.88
2118
2332.38
2120.5
2225.75
2287.25
2155
2218.12
2073.5
2116.5
2288
2008.12
2156.5
2135.88
2306.88
2057.5
2025.12
2037.12
2101
2253.12
1972.38
2254.75
2355.75
2134.12
2171.38
2079.5
2094
2018.75
2004.88
2064
2069.62
2064.62
2075.62
2107
2046.38
2126.62
2076.88
2174
2099.75
2134.12
2290.12
2285.12
2043.12
1960.38
2142.5
2115.88
1989.12
2184
2087.25
2131.75
2116.75
2163.5
2145.75
2138.75
2144.38
2007.5
2148.62
1970.5
1990.62
2208
2147.5
2109.5
2296.88
2212.5
2170.25
2129
2080.38
1923.88
2065.38
2130.62
2022.88
2052.38
2164
2120.38
2273.88
2406.75
2269.75
2189
2263.62
2134.5
2283.5
2221.38
2236.12
2347.5
2283.62
2398.38
2222
2154.25
2071.75
2148.62
2368.88
2316.12
2203.62
2430
2239.62
2233.88
2162.88
2302.12
2261.12
2353.62
2384.5
2125.12
2215.38
2264.38
2346.25
2346.38
2211.12
2066.5
2040
2205
2100.62
2112.62
2065.12
2056.12
2122
2158.75
1978.38
2277.25
2136.5
2201.25
2047.88
2134.62
2144
2168.25
2009.75
2337.25
2242.5
2172.25
2388.75
2236
2257.62
2358.62
2093
2077.25
2083.25
1875.5
2058.25
2161.88
2108.38
2283.38
2135.38
2124.88
2222.5
2257.25
2353.88
2162
2454
2420.25
2425.25
2203
2210.38
2271.75
2023.5
2144.5
2125
2171
2357.12
1987
2095.38
1883.5
2180.88
2296.25
2119.25
2148.88
2018.88
2177.38
2016.75
2184.62
2097.12
2172.62
1949.25
2136.5
2210.5
2134.5
2035.88
2182.88
2125.75
2219.25
2142.12
2154.62
2061.38
2139.62
2006.5
2061.88
2306.38
2131.88
2197
2133.25
2120.25
2127.5
2230.75
2116
2315.5
2114.5
2257.88
2373.88
2136.75
2152.12
2038.25
2106.38
2288.62
2165.25
2148.12
2294
2049.62
2084.38
2301
2145
2255.12
2188.75
1990.88
2199.12
2073.38
1965.12
2027.88
2098.75
2188.62
2251.75
2137.38
2241.25
2334.12
2311.12
2055.38
2234.75
2447.75
2193.88
2368
2340.75
2292
2232.25
2251.75
2074.25
2361.62
2196.12
2217.75
2066.25
2281.88
2127.5
2336
2288.62
2167.62
2147.5
2214.5
2327
2287.62
2143.62
2026.38
2185
2173.25
2092.12
2183.38
2066.12
2158.88
2223.75
2099.38
2240.25
1929.5
2089.38
2254.38
2273.12
2017
2139.62
2313.25
2108.62
2121
2036.62
2007.75
2108.25
2175
2191.88
2136.25
2206.88
2041.62
2053
2144.38
1968.62
2135
2199.75
2147.75
2255.38
2258.88
2196.12
2307.5
2406.5
2240.75
2248.75
2333.75
2167.88
2196.62
2321.25
2238.12
2240.12
2307.25
2500.75
2399.88
2186
2159.75
2126.5
2196.75
2360.38
2369.5
2234.75
2129.5
2303
2209.88
2062.88
2128
2043.88
2094.38
2124.75
2125.38
2002
2137.88
2094.5
2101.88
2127.38
2011.25
2130.88
2004.88
2258.88
2131
2474.5
2349.5
2197
2213.75
2117.5
2302.38
2182
2094.88
2052.25
2107.75
2314.88
2386
2304.75
2195.25
2312.25
2202.25
2209
2098.12
2179.38
2120.62
1976.88
2134.5
1975.12
2069
2212.88
2097.25
2136.5
2088.25
2236.62
2082.62
2063.12
1965
2120.12
2230.5
2157.88
2003.5
1792.12
2164.38
2116.62
2003.12
2278.38
2142.25
2232.38
2085.5
2162.38
2214.25
2129.12
2310.38
2322.62
2162.12
2314.62
2207.12
2380.88
2307.62
2200.75
2388.75
2440.62
2339
2407.62
2316.12
2418.12
2227.38
2419.25
2528.5
2326.88
2258.38
2483
2391
2202.25
2203.12
2095.75
2227.38
2436.75
2302
2336.88
2183.12
2173
2128.62
1981.12
2019.25
2001
2262.25
2131.88
2232.62
2279.5
2179.75
2255.62
2437.5
2264.25
2327.5
2280.25
2268.38
2245.5
2309.5
2266.88
2347.62
2239
2029.38
2195.38
2257
2199.12
2196.25
2272.88
2204.62
2092.75
2262.88
2145.12
2363.75
2273.88
2074.5
2121.25
2109.75
2059
1951.62
2195.62
2113.62
2208
2201
2289.25
2207.38
2200.5
2146.12
2163.38
2171.88
2027.62
2201.88
2245.75
2095.75
2093.62
2189.38
2263
2055
2238.5
2211.75
2171.25
2268.75
2296.25
2222.38
2121.12
2219.38
2144.62
2161.38
2150.5
2376.62
2189.12
2108.25
2254.38
2264.62
2302.88
2124.62
2035.62
2109.88
2028.25
2057.25
2113.5
2116.38
2296.25
2071.5
2067.62
2220.62
2027.25
2030.38
2222.75
2088.62
2047.5
2110.88
2121
2118.62
2229.25
2298.38
2269.38
2106
2192.88
2371.38
2118
2173.88
2243.38
2194.75
2208
2322.62
2302.88
2081.5
2145.75
2151.88
2167.62
1952.62
2197.5
2402.75
2306.62
2355
2362.12
2228.88
2359.25
2366.5
2428.12
2366.88
2354.75
2212.88
2204.25
2208.5
2327.12
2461.12
2430.12
2215
2347
2168.38
2174.75
2200.88
2195.75
2319.25
2234.25
2142.38
2329.75
2186.62
2244.62
2230.38
2174.88
2134.38
2206.12
2193.5
2106.12
2128.62
2097
2132.88
2031.12
2097.25
2129.12
2296.88
2114.75
2081.75
1970.12
2227.62
2179.5
2208.75
2154
2079.75
2148.75
2201.75
2188.88
2162.5
2023
2139.5
2288.88
2084.75
2322.75
2132.12
2198.12
2042.25
2057.12
2087.75
2162
2101
1975.5
2045.88
1970
1963.5
2054.75
2229.25
2163.38
2287.62
2204.5
2208.5
2307.25
2067.75
2227.12
2151.38
2335.62
2164.25
2183.12
2055.12
2107.12
2059.12
2218.38
2100.62
1884.75
2210.75
2068.88
2054.75
2158.38
1985.38
2152.38
2210.75
2114.75
2282.88
2186.62
2173.38
2018.62
2120.88
2084.25
2282.88
2175.88
1986.88
2416.88
2236.38
2240.88
2106.75
2187
2184.75
2172.5
2203.88
2136.38
2219.88
2303.12
2303.12
2201.12
2197.12
2269.75
2056.38
2007.88
2124
2202
2182.25
2151.88
2202.38
2307.88
2225.25
2149.88
2340.5
2264.75
2204.25
2129.75
2011.75
2235.75
2137.12
2255.62
2310.12
2328.5
2234.75
2149.75
2231
2167.12
2352
2211
2290.5
2241.75
2272.62
2090.38
2184.25
2341.62
2297.5
2424.75
2294.5
2451.12
2401
2113.62
2268.62
2493.75
2214
2348
2361.12
2268.5
2253.12
2218
2255.62
2331.75
2248
2269.12
2238.88
2141.25
2288
2259
2276.62
2379.5
2268.5
2217.12
2187.75
2362.5
2396.38
2416.75
2162.88
2134.12
2194.5
2335.12
2252.75
2259.62
2128.5
2326.62
2412.62
2426.38
2400.62
2261.5
2162.75
2233.88
2199.25
2254
2340.25
2156.62
2253.38
2242.12
2203
2412.88
2512.25
2174.12
2217.25
2270.38
2266.38
2064.12
2218.75
2146.12
2240.12
2193.38
2148.75
2076.5
2218.38
2385.88
2268
2382.62
2331.88
2325.38
2335.5
2222.25
2125.38
2089.75
2208.12
2313
2306.62
2263.38
2098.5
2319.62
2314.62
2379.75
2271.62
2244.12
2324
2308.75
2252.38
2273.38
2162.88
2231.5
2515.5
2389.25
2189
2255
2221.88
2242.38
2242.62
2271.5
2022.62
2101.75
2346.88
2108.25
2187.5
2108.62
2329.75
2473.62
2367
2514.62
2466.12
2139.62
2200.12
2446
2450.38
2486.75
2251
2271
2340.88
2344.88
2346.38
2398.38
2437.5
2587.38
2457.62
2568.5
2361.75
2444.62
2444.62
2370.25
2321
2226.5
2364.88
2407.25
2179.5
2429.62
2457.62
2316.5
2393.25
2620.12
2633.62
2632.88
2553.25
2395.5
2546.88
2452.38
2234.5
2342.62
2346.75
2352.75
2462.25
2288.62
2269
2255
2358.38
2429.25
2370.25
2241.25
2057.62
2145.25
2223.75
2404.5
2287.62
2172.38
2283.75
2457.12
2223.5
2366.38
2317.75
2431.38
2353.5
2278.12
2286.75
2413.75
2223.12
2423.12
2186.25
2268.5
2184
2491.12
2287.25
2496.62
2255
2523.25
2224.62
2354.88
2354.75
2467.88
2466.25
2351.5
2407.38
2419.25
2491.5
2547.12
2415
2467
2514.88
2364.5
2160.88
2355.75
2516.38
2538
2305.75
2227.5
2316.62
2421.12
2611.75
2149
2243
2356
1977.38
2358.62
2237.88
2297.88
2388.38
2547.38
2304
2419.62
2348.88
2347.5
2493.62
2496.62
2594.75
2375.12
2508
2483.75
2225.75
2501.5
2408.25
2477.25
2402.12
2369.12
2414.12
2480.88
2377.5
2333.5
2451.88
2557.62
2596.5
2483.38
2360
2179.12
2407.5
2392.5
2437.62
2426.5
2248.62
2169.38
2307.12
2556.12
2319.62
2283
2356.75
2295.38
2394.38
2211.5
2464.25
2262.75
2174.12
2285.38
2164.88
2153.62
2096.38
2058.62
2253.62
2264.5
2211.75
2265.5
2320.88
2149.5
2205.88
2072.62
1954.62
2074.62
2201.12
2223.25
2007.12
2199.25
1979.12
2284.5
2063.12
2041.12
2014.62
2110
2165.5
2171.38
2105.75
2146.88
2056.88
2130.12
2182
2164.88
2170.25
2134.12
2178.88
2186.88
2172.12
2120.88
2151.5
2429.62
2050.25
2240
2115.12
2332.88
2276.38
2276.62
2256.12
2188.12
2047.38
2103.75
2336.25
2308.88
2212.5
2250.62
2263.75
2315.5
2269.25
2254.88
2300.88
2415.75
2387.88
2220.88
2354.5
2277.12
2361.25
2238.88
2318.38
2309.88
2183.25
2350.88
2243.38
2286.5
2203.62
2266.62
2146.5
2340.38
2212.38
2043.75
1990
2026.5
2255.38
2296.62
2187.38
2230.38
2194.88
2355.75
2187
2221.5
2295.38
2126.12
2181
2157.25
2401.38
2296.5
2213.12
2256.12
2358
2381.88
2309
2156.88
2232.38
2193.62
2221.62
2196.25
2271.25
2378
2317.75
2278.25
2220.5
2201.75
2135.88
2262.75
2311
2390.12
2060.75
2073.62
1874.88
2158.62
2146.75
2223.88
2464.25
2302.38
2152.25
2246.62
2220.25
2227.88
2145.12
2261.62
2341.62
2377
2430.62
2316.38
2214
2246.62
2348.25
2349.25
2398.12
2350.62
2251.75
2316.25
2345.75
2247.75
2232.5
2396.12
2581.88
2423.25
2290.75
2181.25
2409.62
2272.38
2212.75
2263.5
2255.88
2235
2252.12
2210.62
2136.38
2203
2267.12
2385.5
2151.88
2224.12
2094.38
2298.88
2334.12
2166.75
2209.75
2118.62
2096.62
2337.62
2341.88
2328.38
2153.38
2297.5
2200.38
2200.88
2193.88
2183.5
2323.88
2309.12
2311.75
2258.62
2360.25
2316.38
2302.88
2228
2258.25
2291.25
2201.62
2183.38
2182.38
2160
2352.25
2275.62
2304.62
2144.38
2292.88
2307.62
2141.88
1990.88
2168.5
2095.5
1987
1987.62
1974.12
2063.88
2247.12
2321.12
2197.75
2175.38
2097
2227.75
2093.5
2130.5
2164.12
2265.75
2104
2146.88
2180.5
2196.62
2088.25
2246.5
2246.25
2326.5
2350.25
2511.75
2168.62
2264.75
2439
2302.75
2386.75
2202.5
2133.88
2034.75
2089.75
2217.25
2125.5
2089.88
2200.75
1984.25
2241.25
2131
2076.38
2065.12
1965
2093.25
2303.62
2127.12
2284
2225
2088.12
2078
2202.62
2133.38
1860.38
1782.38
2140.38
1956.5
1952
1992.62
1982.62
2012.12
1965.38
1807.25
1759.38
1988.5
1902.5
2004.25
1986.5
1724
1961.88
2070.62
1954.5
1988.38
1772.25
1826.38
1874
1785.38
1772.25
1812.62
1843.25
1929
1955.25
1856.5
1934
1893.75
1907.38
1843.62
1963
1969.12
1849
1869.62
1791.88
1899.12
2095
1954.5
1826.38
1852.12
1994.5
1917.88
1925.62
1967.38
1814.5
2013.12
1994.25
2140.62
2048.75
2295.5
2022.38
2089.38
2069.88
1914.38
2045.62
2113.38
2275.62
2121.75
1985.38
2079
2161.12
2122.25
2152.62
2114.12
2122.12
2145.75
2138.12
2160.25
2085
2052.25
2108.25
2153
1974.88
1874.25
1860.5
1960.62
1921
2020.5
1834.12
1984.25
2116.12
1904.62
2032
2000.5
1960.38
1927.12
1942.12
1763
1813.88
1902.25
1904.62
1759.5
1852.12
1768
1971.62
1869.12
1820.75
1881.62
1967
1988
1868.62
1944
1879.38
1982.12
2031.62
1960.12
2205.12
2137.5
1923.62
2191.25
2015.12
2107
2061.5
2085
1917.62
1834.25
2063.5
2044.62
2184.5
2070.62
1976.75
2143.5
1953.12
2078.25
2028.88
2056.88
2006.75
1945.5
1957.75
1867.62
2142.75
2104.62
2108.5
1916.5
2093.25
1847.62
2003
1917
1898.38
1903.38
1869.12
2165.25
2156.5
1925.12
1977.75
1968.88
1882.88
2086.62
2144.5
1914
2075
2066.62
2137.25
2036.25
2071.5
2030
2051
1998.62
2113.62
1980.12
1938.75
2157.62
2079.75
2077.88
2061.75
2033.38
2161
1987.5
2066.38
2027.88
2080.25
2102.12
2042.25
1827.25
1986.62
1949.62
2005
1903
2034.5
2056
1987.12
2127.5
2108.88
2192
2278.25
2072.88
2150
2136.88
2142.75
2128.62
2007.12
2107.12
2284.25
1986.12
2072.25
2177.5
2145.62
2131.62
2276.75
2243.5
2175.5
2360
2330.62
2227.12
2071.62
2178.75
2162
1950.75
2058.75
2127
2057.12
1982.38
1973.75
1897.62
1918.12
1815.25
1881
2012.75
2099
2019.62
1979.88
2113.38
1997.75
2061.25
1985.62
2100.5
2041.12
2086.62
2083.62
1986.38
2252.12
2222.12
2229.62
2232.88
2337.25
2408.38
2139.5
2155.75
1970.5
1834.25
1872.25
2057.62
2002.12
1939.88
1913.12
2105.62
2199.62
2198
2335.75
2272.62
2114.25
2126.38
2197.38
2294.38
2320.25
2253.88
2383.62
2350.38
2203.25
2354.12
2361.12
2175.25
2235
2420
2292.5
2294
2192.12
2356.88
2288.25
2412.88
2302.25
1990.38
1941.62
2062.5
2212.88
2094.62
2199.5
1897.25
2101.38
2118.75
2074.88
2002
2165.25
1963.75
2039.25
1986
1921.12
1846.75
2112.88
2065.62
2086
1886
2006.5
1967
1992.5
2228
1968.88
2041.5
1969
1935
1863.12
2009.25
1859.75
1868.25
1804.38
1856.38
1992
1958
1823.62
1925
1816.25
1824
1920.38
2045
2093
1864.62
1985
1994
1921.38
2005.88
1854.5
2059.25
1943
2038.5
1891.12
1885.62
2010.88
1973
2016.75
1754.62
2132.12
2044.88
1964.88
2157.12
2118.88
2197.12
2028.25
1956.38
2042.12
2056.5
2021.38
2124.5
2146
2097.5
1858.12
2135
1897.12
2078.12
2038
2046.12
2020.25
2030.25
2061.75
2051.88
2075.12
2230.25
1948
2233.5
2221.12
2015.88
2043.5
2010.75
1981.62
2197.25
2255.75
2065.75
2075.75
1986.75
2109.88
2088.75
2039.38
2016.25
2003.12
1939.5
2231.88
2080.88
1912.38
1933
1981.5
1889.5
2036.75
1895.75
1941.25
1985.62
1963.88
2059.38
1907
2081.25
1925.38
1863.75
1999
1977.12
1900.75
1873.75
1920.75
1989.38
1796.88
1912
2018.62
1919.88
1993.88
1926.25
1986
1924.25
1841.62
1949.5
1916.62
1931.88
1935.38
1936.5
1960.62
2030
1929.12
2233.12
2077.25
2226.5
2231.75
2109.75
2386.5
2263.12
2113.38
2171
2046.5
2018.62
1855
1887.75
2022.12
1824.5
1980.88
2026.88
1897
1923.5
1990.88
2024.75
1802.5
2023.5
1949.38
1921.12
1966.75
1847.12
2044.25
1977.38
1941.38
1820.25
1948.25
1932
1852
2089
1961.88
1904.5
1855
1950.38
1883.5
1981.12
1950.38
1767.75
1820.62
1803.88
2001.75
2008.75
1939.88
1953
2134.75
2128.12
1916.38
1829.88
1905
2106
1908.62
2083.38
2161
2067.12
1998.38
1949.12
1911.12
1895.75
2017
2056.25
1879.5
2105.62
2195.75
1956.25
2136.5
2041.88
2002.5
1931.88
1912.38
1953.5
2093.62
2202.5
2079.12
2238.12
1884.62
1887.62
1792.88
1960.5
1912.75
1889.75
1917
1915.38
1983.12
1905.75
1830.75
1893.25
1897.88
1918.75
1853.5
1970.88
2141
2065.75
1905.5
1980.5
1919.38
1887.62
1977.12
2031.25
2023.38
2022.38
1978.75
2068.38
1917.88
2030.75
1809
1975.62
1987.75
1941.88
2032.5
2158.25
2034.62
2012
2082.75
2119.25
1994.12
2047.38
2084.38
1936.62
2101.75
2037.38
1952.5
2161.75
2129.25
2147.75
2085.12
2057.88
2064.5
2124.88
2065.75
2071.75
1835.38
2036.75
2105.62
2190.38
2176.25
2117.38
2198.25
2185.5
1923.88
1857
2017.25
1907.88
2002.75
1815.88
1838.5
1926.88
2020.62
2016.38
2064.75
2154.12
2047.38
1931.5
2071.25
1877.38
1962.75
1954.25
1962.62
2159.62
1891.38
1848.62
2124.88
1831.5
1795.12
1955.38
2025.62
1891.12
1887.12
1995
1905
1978.25
2003.38
2003.38
1879.75
1976.38
2065.88
1994.62
2082.25
2037.12
2200.88
2109.38
1934.62
2001
2074.62
2109.25
2275.5
2184.88
2319.88
2188.38
2111.38
2298
2424.38
2264.88
2278.88
2240
2303
2209.75
2283.88
2344.75
2276.25
2312.12
2250.5
2276.38
2280.25
2194
2201.62
2259.38
2120.5
1955.75
2037.12
2088.38
2029.88
1989.62
1950.75
1996.88
1956.25
1985.75
1976.25
1861
1808.12
2135.5
1933
2156.38
2006.75
2096.38
1936.62
2093.12
2245.38
2095.62
2255.12
2152.25
2084.12
2272.75
2054
2063.5
2057.38
2133
2029.62
1952.62
2032.25
1943.12
1769.38
2029
1965.5
1952.62
2034.25
2063.62
1854
2012.88
1963.25
1897.25
1990.5
2106.5
1974.62
1788.62
1859.88
1958.62
2094.25
2038
1922.38
2061.5
2048.75
2123.12
2120.75
2075.75
2076.88
2187.12
2075.62
2053.62
1999.62
1935.88
1940.62
1904.25
1958.38
1931.88
2028.88
1864.88
2069.88
1785.62
1983.5
2109
1967.38
2089.62
2067.88
1838.5
2094.38
2025.5
2078.5
2194.62
2091.75
2141.88
2132.5
2061.38
2109.38
1970
1915.75
2107.88
2038.25
2161.38
2028.62
2121.38
1927.12
1802.12
1930.75
1739.88
1759.75
1760.62
1687.5
1783.5
1922.25
1741.25
1860.38
1815.88
1902.75
1988.38
1861.12
1928.38
1665.62
1821.38
1946.12
1893.5
1818
2004.38
1964.88
1902.62
1872.12
1901.75
1838.88
1982.12
2004.12
1896.12
1918.12
2000.5
1883.38
1961.5
1983.38
2195.12
2084.62
2111.5
2147.38
2035.88
2114.5
2037.5
2178.38
2145.75
2156.25
1994.62
2098.25
2024
2263.12
2155
2311.25
2170.75
2245.38
2120.25
2080
2056.88
2118.88
1991.88
2068.25
1971.88
1940.62
2094.75
2165.38
2141
2176.12
2186.75
2001.25
1986.88
1830.88
2043.75
1804.25
1984
2063.62
2068.75
1911.75
1988.12
1889.38
1909.38
2036
2149.12
2090.75
2001
2158.75
2112.75
2116.12
2053
1957.75
2030.25
2047.5
2057.5
2130.75
2043.25
2038.38
2032.5
2127.88
2161.62
2059.38
2067.12
2062.88
2124
2370.38
2045.25
1987.75
2153.12
2150
2077.25
2038
2145.75
2068.12
2013
1968
1980.12
2203
2079.12
2121
2083.25
2256
2025.12
2106.62
2036.12
1948.75
2158.62
2005
2052
2012.38
2270.25
2062.75
2147.88
2055
2104.75
2196.38
2296.75
2208.88
2165.38
2171.12
2045
2062.75
1970.75
2121.5
1920.12
2061.5
2078
2154.25
2244.5
2132.25
2052.25
2115.62
2144.5
2096.12
2071.75
2149.75
2065.25
2116.12
2147
2184.62
2146.38
2220.62
2001.5
2027.62
2018.62
2074
1904.88
1865.25
2042.38
2270
2137.62
2236.38
2241.5
2468.5
2376.88
2395.62
2395.38
2369
2468.12
2132.5
2064.12
2036.12
1966.38
2003.38
2290.75
2200.62
2055.88
2070.5
2103.5
2092.75
1976.88
1872.5
1850.25
2041.75
1904.5
1935.5
2144.12
1986.25
1869.62
1949.5
1806.5
1879.5
1942.12
2042.75
1996.12
1939.62
1871.5
1756.75
1835.25
1983.75
1877.25
1744.62
1897.25
1936.62
2014.88
1867.12
2017.38
1901.38
1996.75
1918
1933.5
1907.25
2157
2139.88
2160
2250.75
2163.38
2212.88
1912.38
2149
1980.38
2066.12
1947.5
1866.12
1986.88
2140.38
2036.12
1858.62
1981.62
2052.25
1798.38
1980
1888.38
1924.12
1856.5
2067.88
1945.5
1943.5
1945
1794.12
2103
1960.38
1997.38
2075.75
1889.25
2091.75
1959.25
2110.38
2126.88
1931.5
1956.88
1984.12
2072.38
1898
1926.25
1932.5
2038.75
2034.12
1983.88
2047.38
2024.12
2002.25
1912.38
1999.5
1984
2194.62
2143.5
2096.12
2086.75
2068.88
2011.12
2076.62
2131.12
2063.62
2205
1999.88
1946.88
2003
1901.25
2015.88
1885.12
2047.75
1982.62
1976
1912.75
1893.75
2031
1976.75
1998.38
1970.75
1924.38
1940.5
2019.75
1997.88
1839.38
2064.25
1972.12
2093.75
1984.62
2085.25
1834.5
2019.38
2055.5
1932.5
2018.38
2215.25
2159.5
2068
2071.12
2177.88
2172.75
1939.5
2037.62
2007.62
2090.38
2157.12
2161
2071.62
2111
2090.62
2164.75
2188.25
2026.12
2144.12
2217.38
2100.88
2069
1989.88
2154.12
2059.75
2030
2188.25
1984.25
2221.38
2112.88
2139.75
2025.88
2170.38
2120.5
2009.25
2073.12
2126.5
2068
2143.62
2044
1991.5
1945.5
1930.62
1979.5
2035
2005.62
1976.38
1956.5
2068.75
2026.88
1919.38
1876.25
1815.62
1742.88
1801.88
1825.12
1760.5
1657.75
1748.5
1756.5
1900.62
1731.38
1932
1929.5
2127.12
2308.75
2293.5
2117.38
2268.62
2195.25
2291.62
2178.88
2305.38
2419.12
2483.38
2504.75
2332.5
2437.62
2476.75
2425.25
2414
2326
2325.88
2287.62
2347.62
2211.12
2444.12
2417.75
2335.12
2342.38
2427.88
2453.88
2524.75
2302.75
2482.25
2368.38
2434.25
2545.38
2442.62
2431.25
2398.88
2332.12
2356.25
2310.12
2493
2130.62
2062.38
2227.5
2278.88
2390.25
2484
2545.25
2459.5
2534.38
2342.75
2290.5
2283.62
2394.88
2142.12
2085.62
2208.62
2349.12
2240.88
2118.38
2317.5
2299.38
2316.25
2234.5
2287.38
2357.12
2313.12
2284.88
2134.38
2379.38
2223.62
2349.62
2345
2362.88
2300.88
2322.62
2285.75
2149
2337.5
2193.12
2050.5
2210.5
2240.38
2259
2372.5
2167.12
2117.12
2253.88
2282
2202.12
2115.25
2230.38
2132.88
2212.12
2273.62
2268
2159.38
2262.38
2344.12
2074.75
2062.62
2031.25
2142.62
2219.12
1983.62
1978.12
2085.12
2209.25
2078.5
2068.88
2098.75
2042.5
1935.12
1977.62
2001.12
2024.38
2165.25
1986.88
2061.38
1932.88
2149.12
2044.5
2097.5
2190.88
2090.12
2159.62
2054.5
2103.38
1939.12
2056.5
2086.88
2008.38
2046.25
2260.25
2148.62
2155.38
2149.5
2263.5
2151.62
2257.25
2103.75
2040.75
2206.5
2066.25
2083.12
1943.25
1983.75
2260.38
2122.88
1999
2092.12
2040.25
2085
2051
1895.75
2048.5
1960.62
1978.38
1818.62
2002.38
1882.5
1942.12
2038.62
1994.12
2109.88
2028.88
2062
2081.62
2049.5
2038
2096.38
2077.75
1984.12
2029.12
2057.75
2022.62
1782.5
2002.62
2044
