1727.5
1780.38
2001.12
2068.25
1952.88
1900
1898.5
1884.12
1750.88
1855.5
1844
2020.25
2110
2148.12
2261.62
1896.38
1903.38
1757.12
1854
1846
1939.62
1994.75
1767
1920.75
1919.62
1788.12
1853.12
1753.5
1819
1664.38
1796.12
1589.12
1879
1814.75
1915.12
1853.12
2134.38
1960.38
1978.88
2069.88
1907.38
1890.5
1949.12
1954.5
1873.62
2096.12
2075.5
2092.75
2068
2016.88
1868
1935
1948.5
1956.25
1992.62
1919.62
1903.12
2121.38
2077.38
1989.88
1954.88
1924.88
1963.62
1994.38
2144.25
2125.38
1982.88
2034.75
2077.75
1859.12
2091.38
2180.62
1945.88
2146.12
2003.88
2190.88
2393
2099.5
2026.38
2236.12
2182.88
2196.62
2210.75
2131.25
2232.5
2079.75
2035.38
2252.62
2218
2096.25
2143
2179.62
2221
2071.62
2073.88
2172.75
2235
2255.88
2106
2021.5
2154.88
2138.88
2007.38
2103
2191.38
2062.62
2117
2193.75
2341.12
2097.12
2251.12
2213.38
2278.88
2523
2228.5
2251.25
2236.38
2147.25
2230.62
2253.5
2475.38
2244.25
2304.25
2328.25
2273.88
2142.62
2244.62
2273.5
2202.25
2281.62
2265.12
2270.88
2276.75
2307
2511
2248.62
2399.75
2331
2238.12
2172
2164
2170.75
2170
2107.5
2088.62
2082.38
2057.38
2081.62
2126.88
2143.62
2109
2137.5
2055.88
2146.5
2057.88
2058.25
2093.25
2051.25
2135.88
2050.75
2094.5
2060
2027.75
1997
1969.88
2291.38
2217.12
2014.12
2082.75
2062
2177.12
1938.25
1997.62
2072.12
2058
1981.75
1950.38
2058.12
2108.12
2011.25
2143
2115.38
2085
2091.75
2007.62
2029.5
2102.5
2188.62
2054
2135.38
2081.12
2108.12
2125.25
2118.25
2032.25
2044
2070.5
2096
1878.62
2016.62
2069.88
2001.75
1986.12
2098.75
2081.88
2053.75
1969
2263
2146.62
2012.5
1865.25
1995.12
1967.62
1967.5
2187.88
2167.88
1977
2096.25
2103
2095
2066.62
2122.5
1964.75
1984.5
2169.62
2114.62
2042.25
1938.12
1962.25
2058
2111.12
2053
1995.38
2079.38
1941.38
2149.25
2105.62
2069.75
2080.38
1981
2051
1932
2044.12
2016.75
2015.88
2059.38
1773.38
2016.12
2092.25
2097.75
1991.88
2074
2098.12
1964.38
1991.25
1947.38
1968.62
1923.12
1999.12
2027.88
2144.88
2116.5
1968
2112.75
2034.38
2164.12
2167.75
2260.75
2244
2115.62
2086.12
2165.5
2048.75
2206.25
2336
2170.12
2255.12
2218.75
2031.5
1988.62
2176.75
2221.5
2182
2316.25
2030.75
2180.38
2232.62
2157.25
2078.5
1970.88
2099.25
1998.38
2036.5
2298.5
2055.75
2347.5
2238
2258.62
2231.75
2205.12
2326.38
2246.75
2101
2152.62
2191.25
2096.38
2082.88
2059
2059.75
2123.75
2039.25
2109.75
1917.62
2056.25
2154.88
2088
1942.38
2202.88
2193.62
2049.12
2038.62
2117.12
2090.38
2096.12
2023.5
2006.38
2075.38
2109.88
2047.62
2217
2178.12
2131.25
2244.12
2365.12
2199
2278.38
2256.38
2210.88
2287.25
2387.38
2143.88
2104.38
2176.75
2148.12
2140.88
2074.12
2131.62
2206.38
2171.38
2305.38
2085.25
2239
2296.62
2146.75
2175
2280.5
2357.75
2236.25
2098.38
2093.88
2142
2230
2139.25
2178
2119
2010.88
1926.5
2028.5
2208.88
2160.38
2071.38
2173.38
2255.62
2295
2217.25
2160.5
2237.25
2184.25
2312.38
2060.88
2301.38
2264.5
2052.38
2069.5
2001
2092
2082.75
2332.38
2050.38
2111.12
2266.88
2239
2190.12
2080.5
2152.38
2148.38
2108.12
2126.88
2093.88
2105.62
2176.5
2108.62
2191
2231.5
2229.12
1996
2164.5
2261.25
2285.25
2122.5
2186.5
2192.5
2105.62
1967.38
2115.62
2188.12
2121.38
2162
2130.12
2060.25
2111.62
2179.38
2012.25
2088.62
2061.88
2056.5
2107.5
2157.88
2065.88
2041.62
2148.88
2039.62
2062
2007.5
2038.75
1922.5
1894.12
1975.5
1940.5
2065.75
1908.88
2029.75
2064.62
2021.25
2070.75
2210
2153.5
2038.75
2000.62
2026.38
2136.25
1994.75
1915.75
2100.62
2174.75
2167.25
2124.62
2112.12
2054
1982.75
2076.5
1967.62
2227
2235.38
2148.88
2358.12
2072.62
2207.25
2188.38
2257
2096.62
2116.88
2351.75
2122
2077.12
2094.5
2126.88
2200.5
2091.38
2153
2119.25
2243
2193.38
2287.75
2174.38
2257.88
2240.75
2277.25
2122
2153.62
2228.12
2279
2212
2107.88
2077
2173.62
2271.5
2327.5
2348.62
2240.38
2389
2305.5
2204.38
2377.25
2347.38
2128.5
2403
2582.25
2258.88
2141.75
2252.75
2221.38
2283
2166.62
2145.25
2348
2261
2243.5
2130.12
2192.12
2260.75
2339.62
2262.25
2177
2183.62
2231
2197.12
2148.75
2212.5
2166.38
2212.25
2215.12
2098.88
2251.38
2298.12
2254
2098.88
2331.38
2385
2357.75
2284.38
2281.88
2399.12
2297.12
2395.38
2335.25
2432.5
2367.5
2432.5
2574.5
2386.12
2457.38
2428.38
2521.5
2315.5
2290.38
2240.5
2308.38
2376
2455.38
2256.25
2261.38
2471
2417.62
2338.5
2160.12
2290.88
2491.62
2445.5
2397.5
2345.5
2447.5
2322.25
2526.75
2405.5
2450.75
2234.12
2299
2349.38
2332.38
2446.75
2220.12
2259.62
2419
2420.88
2253
2370.88
2430.38
2183.88
2343.75
2070.38
2113.75
2141.62
2289.88
2446.25
2177.62
2316.5
2111.62
2274
2322.75
2348.25
2256.75
2399.5
2491.5
2461.12
2326.75
2173.88
2272.38
2224.88
2218.25
2170.38
2212
2260.88
2261.38
2280.38
2199.12
2140
2291.12
2284.5
2327.38
2294.88
2367.12
2247.25
2265
2250.88
2393.25
2189.88
2356.38
2512.12
2500.5
2442.75
2452.25
2353.62
2589.25
2462.38
2452.75
2325.5
2297.75
2321.75
2435.75
2486
2436.25
2416.38
2440.25
2407.5
2261.25
2272.62
2308.62
2256
2312.5
2282.75
2201.62
2260.88
2244.25
2325.62
2267
2411.88
2189.25
2311.75
2214.75
2230.5
2283.75
2349
2233.88
2253.25
2268.75
2257
2238.88
2094.38
2199.88
2279.25
2269.38
2299.38
2332.38
2215.5
2182.38
2117.88
2138.75
2111
2083.88
2196.5
2322
2256.5
2146.38
2214.75
2298.88
2295.75
2226.25
2317.38
2427
2455
2194.25
2318.62
2360.12
2450.12
2256.88
2385.5
2452.38
2228
2238.12
2162.88
2341.25
2148.12
2210.12
2128.25
2359.12
2173.25
2209.12
2352.62
2317.62
2227.25
2300.25
2289.88
2320.38
2292.12
2266
2331.25
2462.38
2315.5
2369.25
2287.88
2212.12
2305.62
2314.88
2215.12
2266.88
2348.62
2296.5
2199.75
2236.88
2391.25
2135.38
2176.62
2129.25
2229.88
2082.75
2181.62
2213.88
2113.88
1953.62
2180.25
2083.5
2128.88
2221.12
2138.38
2393
2279.5
2314
2277.62
2378.38
2257.62
2292.62
2131.25
2295
2190.38
2386.88
2298.75
2137.88
2143.12
2232
2443.62
2183
2146
2279.75
2300.25
2111.38
2227.75
2364.38
2255.38
2198.88
2272.5
2170
2288.5
2268.12
2102.75
2106.5
2187
2180.5
2140
2147.25
2297.62
2265
2162.5
2219.38
2132.62
2171.88
2188.88
2209.25
2214.62
2205.25
2124.75
2316.12
2225.38
2299.5
2363.62
2180.5
2354.5
2260.75
2157
2234.12
2286.12
2461.88
2142.12
2244.75
2249.88
2044.12
2190.25
2148.88
2080
2198.12
2139.75
2287.5
2274.12
2172.5
2045
2234.75
2281
2343.5
2298
2126.38
2341.12
2053.75
2103
2106.88
2144
2166.62
2218.88
2100.38
2209.62
2108
2043.88
2124.38
2237.25
2212.88
2186
2056.88
2123.62
2202.88
2234.75
2104.38
2052.38
2114.75
2129
2159.5
2178.62
2323.38
2264.88
2047.5
2240.5
2233.38
2038.12
2219.12
2397.38
2196
2231.75
2152.25
2131
2226.62
2283.25
2447.5
2146.25
2259.25
2373.25
2386.62
2405
2294.25
2300
2303.88
2328
2299.25
2203.88
2284.38
2030
2162.25
2089
2327.5
2233.12
2275.38
2199.25
2185.25
2352.38
2266.88
2153.62
2196.25
2154.88
2112.75
2286
2437.88
2207.38
2102.12
2430.38
2342.12
2237.5
2321.5
2135.5
2094.75
2313.25
2203.25
2297.12
2206.5
2143.75
2130.25
2208.5
2150.62
2269.75
2018
2026.62
2304.62
2080.62
2095.38
2182
1962
2056.5
2028.38
2048.38
2069.25
2071.38
2013
2124.62
2011
2269
2048
2178
2134.38
1974.12
2000.75
2137.62
2159.5
2083.62
2136.62
2173.25
2098.62
2058.5
2208.38
2127.12
2044.25
2037.25
2086.25
2128
2005.75
2058.12
1964.75
1971.12
2018.75
1993.5
2242
2234.12
2284.25
2250.5
2160.25
2084.75
2082.38
2110.38
2052.38
2091.5
2111.38
2079.88
2193.5
2103
2111
1947.62
2196.75
1998.12
2080.12
1914.38
2092
2185.25
2006.88
1953.12
1907
2103.5
1963.88
2015.38
2095.38
2018.5
2103.5
1966.75
1962.88
1980.62
2068.88
2105.25
1904.5
1928.75
2218.12
2320.75
2254.75
2224.5
2046.5
2106.38
2229.88
2324
2085.12
2151.38
2232.38
2033.38
2152.25
2062.62
2239.12
1995.62
2105.88
1946
1994.88
1990.5
2091.5
1889.12
2014
1963.38
2085
2076.5
2048.38
2134.38
2179.62
2105
2075.88
1998.62
2041.38
1816.75
1970.38
2034.88
2111.12
1985.38
2001.88
2001.88
1757.12
1799.62
1904.25
1778.88
1930.88
1947.25
1906.62
1989.88
1799.88
1919.25
2130.25
2136.62
2037.5
2046.5
1932.38
1943.5
2095.62
2214.38
2192.25
2122.12
2192.88
2168.5
2229.5
2257
2181.25
2272.25
2257.25
2006.38
2155
2253.5
2248.5
2153.75
2235
2136.75
2118.88
2203.88
2223.5
2139.62
2177.25
2360.5
2209.38
2114.88
2248.75
2197.38
2337.88
2192.75
2137.25
2140.75
2149.75
2271
2120.25
2086.25
2166
2088.62
2064.62
2211.88
2268.38
2138.62
2111.5
2145.38
2083.12
2155.62
2317.25
2111
2124.5
2191
2186.5
2125.12
2173.12
2068.12
2184.25
2141.25
2121.12
2161.12
2059.5
2020.88
2142.75
1963.25
2058.12
2240.75
2141.12
2275.75
2136.25
2122.5
2010.12
1917.12
1913
1943.88
2126.88
2014.12
2087.12
1992.88
2025.75
2045.38
2132.25
2148.62
2135.12
1969.38
2111.25
2232.25
2124.12
2244.62
1963.38
1974.38
2097.12
2128.88
2137.5
2006.5
1937.62
1936.5
1965.75
2050.5
1979.38
1939.12
1904.88
1975
1985.38
2140
2110.12
2009.75
2253.25
2081.75
2243.62
2258.5
2093.38
2065.12
1930.12
2059.5
2311.75
2180.75
2187.38
2267.88
2104.5
2051.12
2087
2111.75
2038.12
2019.38
2147.38
2004.38
2004.25
1868.25
2018.5
1933.62
1962
1977.5
2135.5
2077.62
2152
2124.25
2015.88
2227
2095.75
2022.12
1965.75
1910.25
2018.88
1930.12
1992.25
1960.62
2152
1940.12
2017.88
1991.12
2144.5
2120.25
1970.12
2119
2124
2156.25
2082.25
2161
2183.75
2221.88
1966.88
2076.5
2001.12
1939.62
2098.5
1978.5
1991.5
1967.62
1992
2087
1902
2004.25
2075.5
1937.38
2028.88
2078.25
1970
1947.25
2310
1974.88
2091.25
2089.12
2096.88
1904.75
1847.88
2108.25
2222.25
2336.25
2487.12
2303.12
2218.88
2245
2159.75
2226.62
2189.75
2193.12
2003.25
1997.5
1911.88
1950.5
1923.75
1976.12
2128.88
2036.12
2035
1970.38
1889.62
2058.62
1824.25
2093.62
1967.12
1854.25
2006.88
2117.75
2055.25
1985.88
2087.12
1995.12
1901.62
2126.25
2149.88
2050.12
2037.88
1971.75
1995.75
2007.12
2049.75
1999.38
2188.62
2119.5
2163.25
2084.62
2202
1931.75
2056.75
2071.25
1946.12
1946.5
2084.5
2237.12
2180.62
2006.88
2154.12
2055.38
1897.75
1813.75
1978.88
1939.62
2028
2002.38
1977.38
2114.62
2003.75
1939.38
1840.75
1909.38
1978.5
2066.62
2061.12
1974.75
1851.38
1970.12
1813.62
1824
1830.75
1973
1934.5
2078.25
2027.75
1967.12
1987.75
2074
2057.5
2022.5
1927.5
1893.38
2081.75
2102.88
2109.62
1992.88
1991.5
1972.5
1962.12
1841.62
1814.62
1942.38
1948.5
2017.75
2097.75
2149.62
1958.75
1829.38
2081.38
2098.75
1987.5
2093.88
2154.88
1966.5
2093
1967
2106.12
2032.5
1971
2165
2125.88
2127
2109.88
2154.88
2067.75
2165
2010.25
1999.12
2046.12
1996.5
1937
2072.5
1975.62
2078.5
2096.62
2062.12
2128.5
1914.12
1998.75
2036.75
2013.5
1970.38
2037.62
2187.38
2033.5
1899.62
1974
2097.75
2086.88
2123
2009.88
2161.25
2138.62
1999.75
2208.62
2083.75
2047
2067.38
2037.25
1898.88
2028.25
1936.25
2201.25
1991.62
2113.38
2096.38
2005.75
2039.12
2193.38
1986.38
1951.75
1896.12
1944
1936.62
1847
2131
2063.12
1901.75
2150
2210.62
2242.62
1914.75
1940
1951.62
1956.12
2127.88
2126.12
2090.62
2089.5
1991.62
2232
2261.12
1936.62
2088.62
2048.88
2117.75
2146
2158.75
1999.38
2197.88
2052.75
2023.62
2190.12
2285.75
2419.75
2244.38
2116.5
2246.62
2225.88
2265.75
2215.88
2108.12
2176.38
2321.5
2134.88
2208.38
2108.75
2256.5
2174.38
2340.38
2305.88
2229.12
2100.62
2317
2356.38
2490.12
2062.12
2257.5
2124.25
2105.5
2107.38
2119.25
2304.38
2042.25
2128.88
2194.38
2235.88
2110.75
2173.12
2082
2288.88
2245.25
2191.88
2189.38
2209.88
1884.75
2221.62
2180.25
2032.12
1960.12
2230.62
2146.88
2175.88
2202.25
2053.88
2222.5
2224.88
2285.12
2235.88
2136.5
2294.5
2313.25
2150.75
2126.12
2202.38
2137
2124.75
2240.5
2339.38
2137
2267
2302.5
2065.38
2057.38
2029.88
2015.25
2016
2141.38
2159.12
2242.38
2010.12
1983.88
1979.75
2084
2103.38
2082.38
2095.62
2188.38
2129.62
2238.12
2069.38
2095.38
2025.75
2016.5
2030.75
1951.25
2124.75
2065.88
2173.5
2149
1906.5
1988
2027.25
2222.38
2096.62
2204.62
2266.88
2161.5
2143.38
2240.12
2184
2028
2027.5
2247.12
2116.38
2079.12
2234.5
2312.75
2060.62
2080.12
2144.62
2054.38
2056.62
2091.25
2118.25
1838
2034.5
2028.38
2071.62
2131.75
2113.88
2005.25
2033.75
2030.38
2037.25
1894.25
2100.12
2060.12
2058.88
2269.88
2153.75
2168.75
2105.75
2080.75
2070.38
2160
2111.5
2068.62
2055.38
2115.5
2084.12
2147.38
2154.75
2002.75
2000.12
2157.75
1994.38
2146
2053.88
2164.88
2183.38
2066.75
2066.38
2141.38
2049.38
2167.88
2036.12
2104.5
2118.62
1986.88
1816.5
2070.5
2053.62
2006.12
2080.88
1899.88
2034.62
1905.88
2007.25
2175.5
1954.5
2018.62
2034.5
1989.38
2037.5
2068.75
1963
1979.88
2001
2050.25
2098.25
2237.25
2202.75
2216.88
2192.62
2119.25
2128.38
2055.25
2019.25
2117.88
1919.62
2097.12
2019.25
2286.12
1985
2200.12
2052.25
2196.88
2029
1957.38
2093.88
2204.38
2221.25
2187.38
2199.12
2142
1995.38
2056
2025
2238.25
2153.5
2307.38
2261.75
2307.62
2300.25
2269
2215.62
2191.38
2199.25
2196.38
2039.12
2013
2152.62
2149.62
2161.75
2225.88
2123.75
2096.88
2136.5
2234.25
2253.5
2220.5
2291.62
1976
2147
2140.5
2076.88
2069
2078.75
2131.88
2148.88
2202.38
2254.75
2194.62
2228.12
2337.88
2394.88
2225.62
2216.25
2108.38
2240.12
2257.38
2197.88
2180
2158.25
2167.88
2129
2135.38
2106.25
2134.25
2147.12
2150
2340.12
2237.88
2157.12
2144.88
2103.75
1988.12
2202.5
2156.12
2197.12
2330.5
2268.75
2293.25
2137.25
2261.25
2204.62
2149.62
2071.5
2089.12
2057.88
2028.75
2229.75
2117.88
2241.25
2111.25
2168.12
2160.5
2288.38
2045
2203.5
2157.75
2097.62
2276.62
2180.12
2224.38
2206.12
2133
2206.25
2317
2142.25
2193.12
2248.25
2180.12
2106.25
2072.62
2172.75
2176
2284.38
2197.25
2136.88
2143.88
2124.62
2144.5
2161.12
2215.25
2268.12
2191
2015.5
2181.62
2202
2240
2207.12
2041.75
2138.62
2205.12
2170.12
2097.75
2201
2206.62
2229.12
2135.88
2157.12
2078
2140.5
2116.25
2254.75
2094.25
2140.62
2209.12
2286.62
2213.25
2228.12
2273.12
2373.62
2314.88
2217.88
2147.5
2308.62
2211.25
2194
2312.75
2207.25
2147.62
2344.38
2309
2113
2378.5
2318.5
2337.5
2184.38
2260.62
2126.5
2267.75
2135.25
2314.12
2213.88
2137.75
2256.75
2344.12
2314.62
2167.88
2130.38
2235
2088
2199.25
2068.25
2139.5
2068
2115.75
2141.12
2198.5
2136.62
2112.38
2259.75
2161.25
2006.38
2005.5
2107.75
2057.38
2048.25
2078.75
2074.62
2007.38
2006.62
2011.88
2101.25
2153.5
2138.25
2170.62
2260
2271.5
2263.12
2028.75
2200.88
2228.5
2156.5
2037.88
2090.25
1935.38
2004.62
2014.75
2167.5
2192.25
2034.12
2248.38
2172.5
2232.25
2138.12
2174.25
2102.25
2062.12
2178.75
2209.88
2166.62
2127.5
2083
2120.88
2171.38
2188.75
2356.62
2202.75
2255.62
2140.38
2135.62
2288
2137.5
2247.75
2313.38
2173.25
2002.5
2029.5
2213.75
2021.5
2107.88
2131.75
2097.38
2204.75
2099
2128.88
2157.62
2199.75
1998.62
1999.38
2040.12
2027.25
1945.88
2038.38
2139.38
2081.75
2045.88
2173
2117.62
2090.88
2171.88
1997.62
2064.75
2244.12
1998.38
2071.5
1936.75
2017.25
2051.62
1998.75
1926.75
1976.12
2056.38
2120.75
2063
1977.38
2141.12
2214.25
2153.75
1991
1970.25
2149.62
1978.75
2085.25
2049.88
2014.25
1996.62
2170.25
2105
1942.62
2081.75
2092.5
2207.38
2209
2164.38
2127.5
2133.5
2057.12
1995.5
1986.25
1885.5
1981.88
2041.5
1954.12
1898.38
1961.62
2004.25
1960.38
2004.12
2081.12
2061.5
2123
2133.88
2049.88
1959.62
2054.62
2164.62
2042.88
2022.75
2121.25
2019.88
1998.12
2000.12
2155.5
2132.5
1988.12
2060.25
2151.75
2115.5
2086.75
1998.38
2089.12
2267.5
2059.25
2144.25
2137.12
2048.75
2196.12
2162
2217.75
2133.12
1991.75
2105.25
2132.25
2217.38
2232.75
2226.12
2187.75
2076.12
2181.12
1971.5
2034.5
2085.62
2170.25
2016.88
2080.12
2066.38
2006.62
2033
1992.12
2061.88
2072.75
2287.75
2114.25
2069.75
2122.38
2205.12
2246.88
2158.25
1990.62
2019.62
2088.75
2046.12
2126.38
2163.5
2079.5
2045.88
2167.62
2248.12
2171.88
2147.88
2094.25
2093.25
2085.5
2048.75
2119.88
2097.5
2113.75
2090.38
2054.62
2144
2201
2030.38
2082.75
2095.38
2113.5
2100.88
2043.88
1874.38
2082.62
1969.62
2056
2070.25
2204.88
2195.62
2080.5
1939.38
1937.62
2025.12
1997.88
2060.62
2156.25
2033.25
1914.25
1960.75
1814.38
2113.5
2093.62
2092
1995.38
1983.38
2061.75
2034.25
2165.12
1958
2220
2107.88
2075.25
2141.88
2199.38
2109.75
2038.38
2063.25
2145
2119
2018.38
2039
2192.38
2249.12
2088.5
2002.62
1980.12
1978.62
1992.62
2073.25
2120.12
1997
2169.62
2171.25
2063.38
1978.75
1975.25
2130.88
2135.5
2104.88
2104.12
1949.12
2048.75
2010.75
2039.25
2007.5
1961.38
1959
2063
2204
2148.12
2218
2086.25
2210
2125.62
2067.62
2153.75
2145.25
2108.62
2120.88
2027.75
2154.5
2185.5
2202.38
2086.25
2157
2306.62
2095.5
2186.12
2031
2082.62
2041.38
2117.5
2005
2162.88
2208
2310.5
2095.62
2144.5
2321.5
2225.5
1921.62
2238.75
2171.25
2020
2013.25
2198.12
2257
2047.25
2118.25
2362.62
2224.38
2172.25
2048.25
2168.38
2240
2154.12
2093.25
2187.38
2146.5
2317.25
2136.12
2067.75
2290.38
2062.75
2210.62
2245.38
2310
2251.25
2197.88
2251.88
2350.12
2246
2286
2310
2269.5
2305
2166.38
2122.38
2361.5
2233.75
2089.62
2128.62
2082.62
2089
2208.75
2230.75
2281.38
2024.75
2105.25
2130.88
2155.88
2169.88
2242.38
2109.62
2177.38
2170.12
2104.38
2081.12
1989.88
2179.75
2190.62
2026.62
2153.5
2098.5
2168.5
2141
2029.38
2102.12
2166.38
2042.25
2111.75
2175.38
2169.12
2142.38
2185.62
2166.75
2127.88
2154.5
1990.12
2013.38
2104.88
1983.88
1915.38
2165.12
2187.38
2130.88
2066.75
2121.38
2064.25
2163.12
2138.62
2156.75
2009
2163
2010.75
2044.38
2196.62
2298.38
2187.25
2078.12
2191
2161.25
1916.5
2107
2138.5
1932.12
2219.62
2049.62
2137.25
1906.88
2102.25
1947.5
1973.62
2168.38
1974.62
2058.75
2190.25
2197.62
2003
1984
1802.5
1948
1922
2051.12
1983
1985.75
1933.75
1783.62
1945.62
2175.12
1998.38
2004.38
2140.12
1989.25
2113.75
2280.88
2156.5
2057.88
2132.25
2055.12
2224.25
2098.25
2187.25
2009.88
2207.38
2229.38
2110.75
2048.62
2083.12
2147.12
2189.25
2195.38
2132
2183.12
2225.5
2095.88
1936.88
2132.62
2151.62
2095.25
1936.75
2176
2161.88
2133.62
2107.25
2157.38
2016.5
2093.38
2182.38
2075.75
2143
2215.12
2089.88
2034
2128.25
2191
2125.12
2208.5
2240.25
2257.25
2120.25
2075
2033.75
1976.12
2075.12
2034
2049.12
2047.62
2096
2116.88
1965.5
2101
1902.75
2110.62
2051.12
2039
2027.75
2026.5
1981.25
2074.5
2129.5
2168.12
2120.5
2110.5
2080
2231.25
2097.25
2061.12
2025.38
2116.38
2119
2068.88
1986.5
1896.5
2060.38
2174.75
2190.5
2118.88
2215.5
2023.62
2144.5
2134.62
2283.75
2365.75
2021.75
2185.88
2337.12
2158.12
2143.88
2000.12
2049.88
2105.88
2059.75
2174.25
2136.62
2171.12
2141.25
2092.75
2078.5
2173
2210.38
1978.12
1998.75
2247.5
2139.25
2226.38
2165.62
2085
2207.88
2074.75
2190.12
2208.38
2100
2150
2270.38
2232.12
2284.75
2052.75
1971.62
2047.25
2106.75
2061.12
2066.88
2008.62
1976.12
2002.88
2033.38
2202.75
2117
2126.5
2241
2141
2152.5
2130
2093.12
2058.62
2000
1891.12
2165.75
2116.38
2234.62
2107.38
2100.25
1980.38
2071.62
2095.38
1967.12
1991
1972.5
1939
2011.25
2076.25
2017.88
2061.25
2175.38
2046.12
2064.75
2162.12
2075.5
2163.75
2077
2286.25
2145.38
2078.5
2141.88
2110.88
2128.75
2147.62
1989
2080.12
2240.25
2202.88
2135.75
2094.75
2094.12
2115.62
2064.5
2032
2032.12
1949.12
2065.62
2075.88
2116.25
2101.25
2226.75
2148.88
2074.38
2139
2049.38
1994.38
2131.75
2088.5
2113
2036.88
2120.88
2065.12
1986.75
1998.88
2106.38
1948.75
2108
2140.62
2242
2214
2063.62
2192.12
2186.12
2209.62
2146.38
2156.38
2177.75
2088.38
2137.62
2234.25
2154.12
2104.75
2084.25
2048.5
2053.88
2039.38
2097.5
2217.25
2104.88
2233.75
2105.62
2151.62
2073.88
2092.75
2067.25
2169.62
2209.5
2192.75
2193.75
2245
2333.25
2293
2212.62
2123.62
2006.25
2092.12
2118.25
2079.25
2022.62
1746.25
1892.25
2039.75
1949.75
1887.75
1919
2166.75
2095.5
1953.88
2056.25
2083.5
2006.75
2061.38
2009.88
2094.62
1985.62
2025.5
1941
2081.25
2010.75
2019.38
2082.38
2029.62
2038
2104.12
1968.25
2100.25
2107.75
1941.62
1982.12
2023.75
2037.62
1935
2135.88
2093.5
2118.12
2127.38
2186.25
2034.75
2108.62
2073.12
2061.5
1984.25
1984.12
2068.88
2062.75
2034
2062.12
2034.38
2099.5
2014.62
2201.25
2166.88
2190.12
2050.12
2152.88
2136.62
2262.38
2058.88
2194.12
2228.75
2264.88
2112.75
2190.12
2152.88
2176.88
2251.75
2136.5
2284.75
2163.88
2250.38
2247.38
2200.25
2195.75
2103.88
2094
2223.12
2296.5
2087.25
2121.5
2225.25
2315.62
2311.12
2301.62
2125
2392.25
2309.5
2365.75
2203.38
2233.88
2399.88
2241.88
2211.38
2241.5
2185.5
2316.12
2150.5
2165.38
2090.25
2170
2085
2133.25
2119
2260.75
2264
2351
2222.62
2166.38
2110.25
2121.5
2148.62
2120
2138
2182
2157.38
2153.75
2050.88
2169.75
2196.38
2232.5
2244.38
2123.12
2061.25
2211
2249
2243.62
2184.12
2262.88
2323.75
2171.75
2220.25
2220
2232.75
2109.25
2216
2205.88
2070
1937.88
2089.5
2093.25
2090.12
2063.38
2050.75
1991.75
2013.38
1956.88
1990.38
2014.5
1967.12
2116.5
2243.5
2109.75
2165.38
2191.25
2141.38
2054.62
2010.88
1971.12
2043
2278.62
2081.62
2064
2140.38
2053.88
2018.75
1990.62
1987.5
2026.25
2126.75
2151.38
2187.12
2137.12
2006.62
2028.12
2281.5
2107.38
2085.62
2133.62
2140.62
2100.75
1980.62
2023
2109.75
2087.62
2183.88
2001.38
1967.38
2127.25
2099.62
2104.38
2003.12
2083.75
2006.12
2041
2153
2140
2105
2146.88
2193.25
2169
2143.12
2120.38
2217.12
2192.25
2184.62
2064.5
2081.25
2085.62
2281.75
2145.38
2102.38
2060.62
2112.75
2040.12
1952.38
2042
2177.12
2090.38
2171.88
2163
2172.38
2163.25
2164.5
2125.75
2144.25
2105.62
2170.25
2119.88
2125.38
2192.38
2156.38
2194.38
2124.88
2154.88
2187.88
2043
2134.62
2230.38
2134.75
2149.25
2144.62
2179
2184
2207.38
2146.25
2210.25
2308.12
2106.5
2172.88
2197
2178.62
2278.12
2167.12
2043.38
2243.75
2175.75
2123.62
2241.62
2124.88
2228.75
2252.88
2322.12
2169.62
2190.62
2107.38
2099.25
2204.38
2210.75
2257.62
2135.62
2034.12
2040.62
2259.62
2153
2008.75
2116.25
2161
2038.75
2125.12
2101.75
1911.12
2133.38
2179.25
2279
2024
2008.88
2143.62
2178.25
2212
2252.5
2264.25
2263.88
2223.25
2193.5
2009.88
2144.38
2071.12
1986.5
1975.88
2162.75
2115.5
2062.25
2202.75
2116.12
2062
2219.62
1914.62
2011.12
2076.38
1995.12
2081
2086
2049.88
1989.75
2054.38
2106.38
2006.12
2144.62
2161.5
2105.75
2079.25
2059.25
2011.12
1872.5
2046.5
2138.5
2038.75
2070.38
2052
1890
2213.88
2062.75
2040.12
2166.75
2194.62
2110.25
2235.38
2061.12
1909.5
2055
2092
2212.5
2084.25
2040.62
2047.12
1941.38
2147.5
2066.75
1940.12
1997.12
2112.5
2036
1946.25
2162.12
2062.75
2094.12
2016.88
2054.12
2178.75
2062
2043.88
2002.38
1987.88
2014.25
2094.25
2418.62
2255.62
2195.38
2085.38
2006
2013.38
2100.5
1959.88
2071.88
1979
2013.38
1964.62
2004.25
2053.12
2116.5
2085.38
2110.12
2048.38
2248.75
2217.25
2187.62
2193.88
2457.12
2173.88
2132.5
2257.88
2151.25
2278.25
2263.25
2236.88
2265.5
2289
2380.12
2160.38
2221.62
2113.75
2118.12
2371.88
2101.12
2121.75
1991.5
2075.62
2062.25
2031
2069.75
2154.88
2084
2067.88
2139.25
2020.88
2128.25
2062.25
2004.88
2136.38
2082.5
2065.88
2005.62
2025.38
1918.25
2064.12
2149.75
2064.88
2078.38
2286
2091.25
2329.62
2333.75
2278.75
2251.5
2322.5
2328.5
2194.75
2273.5
2285.25
2285
2166.25
2228.62
2174.62
2175.88
2113.38
2160.75
2245.12
2243.62
2264.38
2049.25
2123.5
2054.75
2174.88
1989.5
2115
2142.88
2183.5
2040.62
2137
1930.88
2187.5
2012.12
2089.75
2036.38
2198.62
2251.75
2084.38
2230.12
2157.88
2179.38
2143
2084
2238.12
2090.25
2102.38
2044.88
2105.25
2207.25
2307.62
2133.12
2061
2045.12
2022
2168.12
2135.88
2189.38
1965.38
2137.38
