1829.62
1857.75
1992.75
2077.5
2181
2259.88
2171.75
2212.25
2026.12
2191.5
2171.75
2416.62
2255.12
2140
2126.62
2143.62
2110.5
2003.62
2080.75
2164.88
2101.25
2126
2071.75
2296.12
2193.25
2123.88
2052.12
2148
2078.25
2134.75
2061.12
2157.62
2194.25
2047.12
2179.25
2151.88
2009.5
2195.25
2156.12
2201.62
2094.38
2232.38
2066.75
2084.88
2215.5
2291.38
2288.62
2105.88
2290.75
2184.62
2238.25
2283.88
2156.25
2076.5
2117.12
2017.25
2221.75
2261.12
2118.25
2429.5
2113.62
2111.38
1998.5
2094
2192.75
2293.88
2248
2420.12
2234.25
2254.62
2194.62
2178.88
2216.12
2230.75
2088.88
2200.62
2218.12
2132.12
2115.75
2090.88
2176.25
2276.62
2233.25
2223.75
2213.25
2283.75
2600.75
2458.25
2662.62
2577.25
2594.38
2318.12
2253
2317.62
2200.62
2306.5
2326
2422.12
2272.5
2504.88
2416.88
2528.25
2076.5
2377.5
2318.38
2291.62
2165.12
2338.88
2045.25
2051.25
2247.62
2298.5
2055.12
2200.88
2153
2143
2037.38
2087.12
2124.75
2205.38
2194.12
1998.5
1896.62
2000.25
2167.75
2214.38
2092.12
1957.25
2138
2167.25
2143.75
2154.25
2203.38
2277.25
2378.75
2162.88
2003.75
1808.12
2145.75
1901.38
2144.5
2115.5
2146.38
2158.62
2204.88
2111.75
2280.5
2126.88
2094.62
2082.38
2124.62
2252
2121.5
2028.5
1941.75
2013.25
1944.62
2065.12
2186.5
1909.62
2059.75
2039.38
1977
2077.5
2213
2159.38
2038.88
1999.12
1963.75
2070.38
2234.88
2282.5
1970.38
2040.12
2074.75
2007.25
1916.12
1917.62
1977.5
2048.75
1912.38
2007.5
2002.88
1957.38
2103.12
2132.12
1994.5
1941.38
2054.88
2032.5
1950
1833.38
2047
1893.12
1831.62
1928.62
1927.5
1809.38
1794
1873.38
1740.88
1845.88
1859.5
1853.38
1836.75
1997.12
2024
1823.38
2001.62
2002.38
1977.88
1966.38
2016.25
1880.75
1985.38
2167.88
2109.12
1860.25
1768.88
2098
1875.88
1957.38
2006.88
1839.5
1871.12
1865.88
1998.12
1920.62
2063.88
1991.88
2258.12
2135
1970.5
2042.62
1887.88
1845.88
2023.88
1876.88
1900.25
2049.88
1948.62
1879.12
1875.5
2076.62
2137
2315.5
2248.38
2109.75
2130.12
2162.38
2157.5
2165.75
1941.88
2194.75
2219
2188.62
2300.38
2085.62
2161.5
2198.62
2256
1973.12
2277.25
2006.38
2362.5
2253.25
2259
2192.88
2183.62
2195.88
2151.75
1979.12
2102.75
2061.25
2095.75
2084.5
1997.12
2161.38
2182.62
2211.88
2186.88
2170.75
2017.38
2178.75
1885.75
2020.62
2037.38
1936.25
1972.62
1969.38
1870.88
1907.38
1981
1817.38
2029.88
2009.88
2071
1897.88
2109.62
2034
1987.38
1971
1877.75
2010
2230.12
2183.75
2107.62
2198.88
2179
2132.5
2164
2155.5
2201
2441.62
2207.5
2276.5
2416.88
2238.5
2340.38
2338.62
2100.75
2031
2205.25
2360.38
2335.38
1918.88
1949.5
2004
2146.62
2026.88
2087.25
1966.62
2169.25
2174.75
2304.5
2174
2283.12
2231.25
2007.25
2196.75
2009.25
1929.5
2040.12
2147.25
2124.88
2177.25
2035
2197.75
2228.75
2077
2293.12
2136
1924.88
1985.25
1925
1973.12
1927.38
1874.38
2092.38
2033.5
2180
2158.62
2199
2124.12
2158.75
2128.25
2291.25
2341.25
2289.25
2219.25
2212.38
2113.62
2369.62
2127
1998.12
2145.5
1957.75
2075
2347.62
2087.88
2326.88
2310.88
2412.62
2376.88
2368.5
2471.5
2422.38
2323.88
2428.75
2508.25
2216.75
2224.12
2065.75
2100.25
2085
2036.88
1888.12
2061.75
1904
1894.75
1831.25
1911.62
1996.75
2195
2079.12
2050.88
2227.12
2068.38
2200.5
2341.38
2095
2373.25
2115.12
2423.62
2161
2160.25
2417.75
2020.38
2163.75
2216.25
2020.62
2138.38
2134.12
2409.5
2123.12
2306.75
2532.38
2534
2197
2215
2181
2352.62
1911.12
1976.62
2127.75
2384.88
2286.88
2190.12
2094.75
1965
2081.62
2241.88
2133.25
2109.38
2067.5
1937
2163
2029.75
2141.75
2177.5
2047
1907.88
2047.5
1972.88
1927.75
2037.38
2185.25
2055.75
2169.38
2124.12
2051.75
2057.88
2042.62
2123.5
1961.62
2052.25
2099.25
2216
2264
2318.12
2440.88
2246.88
2208.5
2182.25
2139.75
2167.38
2252.75
2227.38
2231.75
2393.5
2134.75
2167
2214.75
2111.25
2273.88
2297.5
2451.25
2269.25
2038.88
2207.88
1973.5
2208.62
2096.25
2218.75
2146.25
2133.12
2205.12
1934
2226.62
2079.88
1912.88
2117.38
2162.5
1976.88
2024.88
2041.75
2002.88
2066.88
2147.75
2194.62
2344.38
2266.25
2289.88
2210
2269.5
2426.5
2338.38
2181.62
2322.75
2331.75
2300.12
2211.75
2185.25
2149.38
2128.12
2189.62
2154.38
2366.38
2269.88
2512.62
2438.25
2403
2203.25
2184.38
2171.75
2255.38
2021.25
2426.75
2405.62
2126
2195.25
2462.25
2321.88
1971.25
2113.75
1963.38
2001.62
2168.5
2154.62
2373.25
2111.5
2199
2069.62
1813.75
1963.5
1805.38
2049.38
2018.12
2003.25
2238.25
2240
2240.62
2089.25
1960.62
2123.88
2043.25
1993.5
2147
2206
1846.38
1984.88
1964.5
2007.62
1881.25
1934.25
2159.75
2130.88
2028.38
2073.5
1983.88
1850.75
1970.25
2025.5
1948.25
1823
2051.25
1912.5
1874.88
2023.5
2193.62
2068.25
2023.12
2190.88
2008.62
1920.88
2323.25
2509.88
2327.25
2265.88
2258.75
1938.75
1881.5
1995.75
2055.62
2045.12
2065
2227.12
2166.25
1909.75
2044.88
1889.38
2092
2051.12
2167
2202.12
2317.12
2237.38
2205.12
2292.75
2129.88
2364.38
2424.25
2399.75
2471.38
2221.62
2351.12
2410.75
2403.75
2463
2450.12
2502.88
2449.12
2338.12
2266.12
2168
2213.62
2072
2225.38
2168.5
2195.25
1850.12
2010.62
1933.25
2335.62
2117
2165.75
2182
1919.75
2058
2161.12
2119.25
2038.75
2006.38
2002.12
2073
2167.5
1999.5
2048.38
2215.75
2144.88
2023
2153.25
2057.5
2035.88
2075.25
1938.5
1970.5
1931.5
1909.12
1896.75
1878
2041.12
1950.75
2087.38
2084.88
2061.38
2026.62
1799.38
2098.12
1846.75
2037.12
2298.38
2183.5
2123.38
2072.62
1820.5
1974.75
2033.62
1906.75
2054.38
2083.38
2160.25
2202.25
1951.5
2205.25
2338.5
2060.25
2204.5
2064.38
1969.25
1899.5
1830.88
1993.62
1996
1871.38
1779.88
1751.88
1945.62
1981.38
1900.5
1884
1894.25
1917.88
2045.75
2112.62
1839.5
1922.12
1954.38
1930.88
2209.25
2006.62
1974
1918.88
1756.75
2002.12
1746.12
1989.25
1958.62
1856.38
2075.12
2321.12
2136.12
2095
2071.12
2008.12
2063.62
1960.38
2014
1904.75
1904.5
1958.75
2091.38
1809.88
2034.75
1940.25
1965.88
1893.88
2030
2192.25
1836.88
1813.12
2083.5
2029.5
2084.75
2036.75
1905
2067.75
1942.5
1977
1827.75
1852.62
1706.5
1703.38
1546.25
1642
1817.5
1635.25
1695.38
1887.25
1789
1717
1868.5
1854.5
1941
2057.12
1831.25
1837.62
1901.88
1805.25
1987.5
1817.88
1900.75
1916.12
1810.75
1820.88
1910.75
1835.62
1954.38
1948.25
1987
1892.75
1940.62
2107.88
1692.25
1818.62
1942.88
1835
2018.62
1920.25
1802.25
2001.5
2053.25
1820.25
1827.75
1965
1776
1984.12
1984
1845.62
1905.38
1883.62
1947.88
1975.25
2044.25
2202
2079.62
2027.12
2026.75
1921.75
1896.88
2112.75
2002.88
1923.38
1847.5
1996.75
2130.62
2039.88
2047.12
2191
2249.12
2020.75
2038.38
1888.38
2046.75
2012.12
1957.12
2046.5
1968.38
1925.75
1916
2139.5
1883.75
1808.75
1791.25
1807.62
1988.38
1934.12
1856.88
1937
1919.25
1829.88
1677
1832.75
1629.12
1739.38
1955.75
1861.62
2034
2022.5
1868.38
2008.38
2128.88
1967.62
2132.88
2145.12
2040.88
2012
1942.62
1936.62
2000.38
2142.88
2175.25
1970.25
1840.62
1869.5
1760
1743.12
1979.12
1907.25
1957
1804.12
1825.88
1991.38
1947.12
2021.62
1990.88
1973.75
1948
2021.5
2093.62
1891.12
1873.38
1982.62
1960
1731.38
1832.25
1862
1834.12
1889.62
2135.75
2036
2075.25
1951
2079.12
2013.12
1974.12
2132
1981.62
2201
2059.5
2033.62
1868.25
2059.38
1758.62
1918
1995
1737.5
1835.62
2003
1904.75
1864.62
2026.5
1904.62
1916.75
2009.88
1901.62
1827.12
2038.12
1745.62
1759.25
2159.88
2044.5
1869.25
1821
1847.88
1926.38
1951.62
1764
1640.88
1803.38
1843
1751.88
1732.62
1762.62
1844.12
1847.75
1674.12
1724.75
1753.88
1792.25
1608.88
1782.62
2012.5
2039.75
1920.88
1807.75
1627.25
1914.12
1738.88
1733.25
1760.62
1759.12
1703.25
1732.38
1639.12
1647.75
1731.62
1599.25
1769
1724
1686.75
1827.75
1705.25
1705.25
1690.88
1705.12
1964
1697.38
1839.75
1794.62
1931
1895.62
1798.12
1792.25
1816
1924.12
1837.25
1958.75
1818.12
1846.38
1837.75
1833.88
1838.38
1866.75
1779
1767.62
1916.38
1828
1935.62
1720.88
1897.88
1728.25
1818.75
1786.25
1842.12
2042.25
1945.38
2123.88
2195.38
2237
2080.62
2086.5
2148.75
2266.25
2148
2056.75
1991.5
2122.88
2158.88
2242.38
2033.5
2096
2216.5
2126.5
2090.62
2060
2020
1981
1817.25
2029.75
2179
1867.75
1979.5
2025.88
2079.75
1949
1957.38
2170.38
2218
2206.5
2271.62
2125.38
2254.62
2090
2398.25
2249.75
1927.5
1913.75
2097.25
1832.38
2090.12
2052.38
1977
1955.5
1983.25
1962.62
1863.62
1917.5
2140.88
2106.88
2030.62
1947.5
1960.12
1912.25
1895.62
2019.5
1906.12
1957.25
2068
2011.88
1819.88
2048.75
2022.75
2024.62
2093.5
2135.38
1946.38
1944.88
2168.75
1984.75
1994.75
1944
2069.25
2324.62
2034.25
2215
2046.88
1887.88
2083
2181.62
2308.62
2102.75
2048.5
2295.5
2272.62
2199.5
2155.5
2251
2162.38
2277.12
2243.75
2231.38
2131.38
1988.5
2164.25
2151.62
2143.25
2135.38
1984.12
2065
2186.25
2043.38
2049.25
2035.62
2310.62
2155.88
2029.25
2077.38
2101.62
2025.25
1894.5
1867.62
1972
2089.12
1976.88
2016.38
1990.88
2257.12
2165
2162.25
2051.5
2034.5
2159
2026.5
2168
2243.75
2171.62
2101.38
2332.75
2138.12
2028.12
2185.75
2251.62
2508
2266.12
2351
2296.75
2122.5
2233
2292.5
2347.88
2266.75
2437.88
2260.12
2192.38
2365.5
2377.5
2466.12
2370.25
2291.38
2372.88
2521.5
2465.62
2409
2347.25
2371.38
2257.88
2300.5
2185.5
2220.62
2277
2333.62
2448.25
2449.5
2415.38
2387.38
2351.62
2192.5
2555.62
2407.75
2327.62
2427.5
2333.5
2396.12
2507.38
2524.25
2367.5
2319.62
2386.12
2218.5
2248.5
2376.75
2379.75
2498.5
2455.75
2379
2371.5
2247
2171.25
2473.88
2403.38
2295.88
2251.5
2321.88
2333.62
2356.12
2389.75
2276.62
2283
2344
2397.62
2317.75
2136
2312.62
2224.12
2268.38
2118.12
2236.38
2252.88
2380.25
2288
2212.25
2432.25
2205.88
2209.38
2356.88
2145.25
2091.88
2233.25
2372.25
2424.75
2271.12
2242.12
2297
2057.88
2059.75
2052.5
2206
2138.12
2059.88
2227.38
2164.25
2167.12
2277.38
2048.75
2198.12
2242.25
1987.12
2129.75
2177.5
2305.38
2394.88
2276.12
2214.75
2227.75
2329.62
2381.62
2429.12
2495.75
2412.5
2471
2459.62
2591.88
2336.62
2264.88
2100
2051.88
2228.38
2083.38
2150
2180.75
2300.75
2437.38
2184.12
2124
2261.5
2170.75
2082.38
2047.75
2175
2283.88
2289.5
2303.5
2072.88
2118.75
2061.88
2279
2060.88
2442.88
2262.88
2236
2147.25
2166.88
1969
2176.75
2107.25
2148.88
2178.12
2039.38
2197.88
2170
2343.38
2096.88
2309.12
2224.75
2316.38
2381.62
2215.75
2241.25
2286.75
2281.25
2448.88
2512.88
2391.38
2283
2308.88
2300.25
2163.12
2242.25
2077.5
2299.25
2437.62
2493.12
2539.62
2314.5
2248.88
2160
2049.5
1931.12
1868.75
1982.25
2113.12
1894.75
1808.38
1956.75
1923.25
1878.12
2021
1896
1775.12
2053.75
2044
1960.5
1897.38
1843.38
2026.88
1893.38
1988.62
1973.75
2023.62
2033.12
1956.5
2030
2043.25
2067.5
2084.62
2039.75
2026.38
2055.75
1947.25
1960.12
2080
2006
1971.5
1927
2068.5
2008.88
1834
1875.88
1895.62
2044.62
2062.88
1851.75
1837.38
1949.88
1754.62
2107.75
1880.62
1878.88
1982.62
1736.12
1974.88
1786.62
1852.38
1968.38
1995.25
1981.12
1819.75
1935.75
1911.25
1823.88
1959.38
2087.88
1896.12
1872.25
1887
2025.25
2039.38
1852.88
2007.5
1909.75
1835.38
1909.88
1893.38
1807.38
1852.38
1844
1849.62
1686
1854.38
1951.62
1841.62
1929.75
1913
1906.38
1885
1905
1968.38
1924.25
1832.12
1825.38
1829.25
1984.12
1916.25
1857.62
1824.75
1786.88
1965.38
1937.88
1832
1936.88
1885.62
1863.62
1891.62
1853.38
1868.25
1886.5
1847.5
1777.5
1799.38
1789.62
1718
1806.38
1840.5
1820.12
1858
1972.38
1814
1954.88
2077.75
2034.5
2011.62
1997.62
1917.88
1917.75
1892.62
1849.62
1770.75
1821.75
1859.38
1900
1921.25
1955.12
2032.38
1936.75
1923.5
1851.88
1824.75
1902.62
1958.62
1968
2084.88
1975.12
1936.25
1986.25
1966.25
1976.62
1908.75
1858.12
1892.25
1938.25
1954.38
2033.5
1867.88
1887.38
1908.12
1859.5
1966.25
1921.12
1998.12
2029.88
1902.25
2098.75
1888.62
1980.88
2019
2053.25
2029.38
1893.12
1895.12
1801.75
1998.62
1926.25
1792.25
1795.12
1842.5
1861.25
1998.75
1973.5
1937.88
2030.25
2090
2031.38
1970.62
2019.75
1967.38
1986.62
1791.38
1854.62
1925.75
1948.62
1986.88
1930.38
1849
1959.38
1915.38
1981.12
2052.5
2048.5
1886.38
1987.88
1876.75
1829.25
1819.5
1866.75
1950
1941.25
1947.38
1920.62
1955.88
2066
1911.88
2076.75
1877
1768.38
1804
1812.25
1905.5
1725
1895.88
1824.62
1975.5
1922.88
1886.75
1820.25
1756.62
1940.12
1900.5
1979.62
2011.38
1979.5
1889
1964.88
1942.12
2090.38
2055.62
1889.88
1993.62
2012.38
1843.25
1865.25
1786.62
2002.75
1914.12
1921
2017.12
2110
1983.38
2108.75
2244.12
1955.5
1882.12
1953.88
1988.75
2001.88
2174.62
2037.25
2212.62
2163.88
2021.75
1981.88
2018.62
1953.62
2059.5
1888
1825.25
1723.62
2000.25
1986.38
1927.25
2123.75
1877.88
1958
2006.25
2081
1850.12
1952.5
1896.62
1927.75
2056.38
1980.88
1924.75
1914.75
1852.62
1792.12
1809.88
1772
1853
1904.25
1646.62
1864.25
1831.88
1780.88
1951.25
1908.88
1767.62
2051.12
2007.88
1884
2076.75
1967.5
2150.88
1994
2101.25
1880.88
1829.5
1985
2065.88
2083
1999.12
2026.38
2021.12
2092.75
2288
2056.62
2191
2250.25
1951.5
2050
1978.75
1915.62
1959.38
1969.25
1896.38
1780.5
1749
1790.88
1808.75
1921.12
1867.25
1835.12
1870.12
1855.75
1903.88
1816.62
1929.25
1972.38
1950.5
1846
2043.88
1887.38
1818.38
1953.38
1892.12
1931.62
1872.5
1906.62
1958.38
1870.5
2009
2064.12
1991.75
1868.62
1891.38
1856.38
2088.88
1775.12
1739.88
1967.88
1849.25
1974.5
1732.25
1768.75
1956.38
1791.75
2088
1894.25
1916
2040.88
2072.38
1987.38
1919.5
1963
1953.38
1817.88
1826.62
2014.38
2080.62
2086.25
2067.25
1911.25
2101.38
2042.12
2009.12
1995.5
2018.38
2055.75
2125.38
2047.25
2091.5
2080.62
2073.75
1958.38
1932.12
2032.12
1974.75
1940.5
2011.62
2084.62
1928.88
2057.5
2032.75
2031.12
2066.12
2013.38
2083.5
2029.62
1991.25
1991.38
1969.75
1849
1941.75
1962.75
1978.5
1778.5
2125.62
2080.12
2094.88
2041.62
2060
2005
1857.25
2004.25
2070.62
1960.5
1948.25
1946.75
1918.25
2112
2021.88
1870
1969.88
1925.12
2017.5
1985.62
1867.5
1973.25
1880.5
1945.62
1849.62
1937.88
1914.38
1824
1982.5
1898.38
1915.25
1919.5
1908
1892.75
1972.75
1899.38
2093.88
1966.25
2052.5
2032.12
1889.88
2070.62
1966.12
1962.62
1905.12
1850.25
2066.62
2017.38
1940
2010.88
2050.12
2193.5
2062.5
2007.88
2127.62
2152.5
1989.25
1992.12
1968.5
2039.88
2009
1874.62
1913.12
1890.38
2051
1890.62
1925.12
1930.88
1911.12
1930
2063.38
2017.25
2048
1985.12
1943.5
1736.12
1940.88
1795.62
1853.38
1838.88
1802.75
1838.88
1815
1908.88
1940.88
1911.25
1946.88
1930.12
1954.75
1959.75
1956.62
1853
1929.12
2001.25
1801.88
1943.62
2072.38
2049.38
1999.25
1908.5
1914.25
1972.75
1823.62
2103.88
1869.62
1889.25
1822
1869.62
1820.5
1850.38
1899.38
2082.75
2015.38
1826
1785.25
1994.38
1901.88
1874.38
1894
1987.12
1900.25
1878.5
2036.12
2045.5
1814.38
1842.5
1931.25
2012.25
2024.75
1766
1874.38
1976.25
1933.62
2051.25
1893.12
1951.25
2067.88
2064.75
1983.38
1841.75
1766.38
1832.25
1800.25
2022.25
1993.38
1978.38
2118.5
2025.25
1945
2016
1990.5
1888.12
2054.38
1996
1957.12
1978
1987.75
2002.75
1942.38
2077.5
1931.88
2064.38
1867.88
1873.62
1882.88
1967.25
1864
1789
1844.75
1808.62
1974.38
1948.38
1834.75
2036.25
2073.62
2153.5
2028.38
1923.38
1897.62
2058.25
1907.38
1763
1828.12
1882.88
1801.75
1801.62
2005.12
1895.75
1939.12
1849.5
1851.25
1893.88
1911
1852.62
1854
1853.25
1880.25
1848.75
1881.25
1775.62
1738.5
1903.88
1795.75
1578.75
1696
1761.62
1799.25
1788.75
1792.5
1790.75
1787.12
1823.75
1823.62
1725
1969.12
1876.25
1796.75
1827
1805.25
1961
1843.5
1833
2005.25
2265.75
2088
2119.25
2142.88
1935.5
1911.88
1909
1865.75
1839.62
1831.25
1894.12
1920.5
1974.62
1766.25
1922.25
1962
1981.5
1792
1781.62
1987.25
2014.62
1904.88
1791.88
1805.12
1809.62
1876.12
1776.25
1665.88
1692.12
1713
1841.62
1705.38
1890.38
1830
1861.5
1841.5
1819.38
1983.62
2004.5
1999.5
1728.25
1873.38
2112.5
1730.5
1725.38
1963.62
1725
1759.12
1697.62
1733
1720.12
1910.62
1757
1923.5
1770.12
1765.75
1718.5
1679.25
1677.5
1731.25
1740.75
1878
1846.12
1677.12
1894.25
1963.5
2002.62
2021.38
1981.75
1887.88
1866
2030.12
2088.12
1932.12
1889.25
1889.88
1915.25
1887.62
1911.75
1916
1732.25
1772.75
1822.75
1886.75
1941.38
1841.12
1870.38
1868.12
2002.38
1991.75
2027.38
1972.38
1849.12
1904
2048.12
2037.38
2027.38
2019.5
2026.75
1845.38
1807.62
1966.25
1971.88
2120.38
1969.5
2130.88
2162.75
2037.88
2151.88
2146.25
2143.75
2192.12
2322
2291
2277.75
2357.62
2214.5
2380.75
2100.5
2341.62
2242.25
2243.12
2249.38
2064.5
2075.62
2338.38
2129.38
1893
1927.25
2002.75
2086.5
2140.75
2242.62
2012.25
2106.88
2221.75
2013.25
1764.88
1978.12
2172.25
2205.12
2201.62
2186.75
2289.88
2062.62
2436.5
2276.12
2311.38
2136
2507.62
2310.88
2296.88
2246.38
2205.12
2202.75
2392.75
2291.25
2302.25
2220.12
2295.12
2302.5
2319.62
2574.25
2403.75
2331.38
2345.5
2105.75
2488.62
2120.5
2270.62
2379.88
2224.5
2218
2096.75
2162.62
2125.5
2265.38
2115.88
2211.88
2198.12
2328
2245.75
2233.75
2342.62
2408
2251
2353.88
2519.88
2342.12
2271.62
2453
2413.75
2361.62
2200.25
2091.38
2172.25
2176.12
2349.5
2234.12
2308.75
2442.25
2187.12
2121.25
2349.5
2143.62
2196.88
2291.25
1983.38
2134
2085.12
2050.38
2285.5
2253.38
2186.38
2215.38
2220.75
2278.75
2183.38
2122.5
2278.38
2246.25
2092.25
2224.5
2228.38
2283.88
2195.12
2315.62
2305
2250
2271.88
2239
2572.25
2207.25
2416.62
2338.38
2393.12
2266.75
2278.38
2330.75
2454.5
2639.62
2333.88
2532.88
2509.88
2288.62
2606.12
2496.12
2357.12
2147.12
2221.75
2302
2486.62
2442.62
2450
2376.62
2563.5
2755.62
2516
2660.5
2528.88
2609.75
2486.25
2458.62
2445.75
2371.5
2342.75
2518.25
2365.75
2359.88
2345
2191.12
2273.38
2017
2168.62
2326
2170.38
2173.75
1938.38
1925.75
2151.25
2033.25
1994.25
2007.5
2027.75
2118
1910.62
2198.88
2117
2352.25
2073.88
2025.5
1968.5
2137.38
2108
2104.75
1994
2043.38
2066.75
2120.62
2184
2039
2077.5
2120.38
1949.25
2093.5
2183.75
2097.88
2245.88
2313.12
2152.38
2003
2040
2028.38
1881.75
2089.62
2008.75
2178.25
2280
2111.5
2082.5
1990.75
2037.25
2267.62
2099.12
2212.5
2058.12
2142.25
2236.38
2213.62
2330
2349.62
2084.75
2214.75
2135
2274.88
2207.88
1925.75
2250
2343.88
2229.88
2437.12
2304.88
2435.75
2169.12
2245.38
2329.5
2258.62
2361.5
2356.88
2229.62
2416.88
2082.75
2314
2427.88
1960
2168.5
2191
2336.75
2278.25
2357.25
2187
2363.62
2389.12
2263.5
2418
2212.12
2190.25
2079.75
2085.38
2267.75
2145.75
2082.88
2270.5
2545.12
2117.62
2013.25
2123.5
2067.25
2091.5
1998.75
2119.62
2041.88
2032.38
2061.38
2322.88
2488.5
2239.5
2556.62
2407
2030.12
2069.75
2084.88
2023.38
2105.62
2248
2222.38
2107.12
2152
1986.62
2174.25
2204.38
2085.12
2015.25
2105.75
2105.75
2138.25
2085.12
2082.5
2146.75
1683.38
1843
1923.38
1961.12
2044.75
2092.75
1959.75
2070.12
2207.25
2083
2100.75
2195.38
1930
2031
1932.75
1925.75
1717
1807.75
1795.75
1797.38
1948.75
1871
2025.88
1868.38
2029.38
2000.12
1866.25
1984.75
1730.75
2052.62
1945.75
2184.88
2020.12
2019.88
1989.5
1980.38
1989
1929.75
2056
1833.88
1779.88
2056.12
1828.38
1868.75
1874
2158.12
1954.75
1869.38
2016.88
1882.75
1887.25
1985.75
1997.75
2251.38
1945.12
1900.5
1890.75
2108.12
1995.75
2111.38
2110.5
2234.38
2060.75
2099.12
2277.5
2363.88
2429.62
2291.5
2241.25
2363.62
2310.12
2188
2113
2359.12
2225.38
2003.62
2234.75
2099.5
2167.25
2337.88
2179
2345.75
2228.25
2270.5
2018.12
2384.12
1994.5
2011.62
1976.75
2149.88
2106.25
2275.12
2173
2056.75
2172.38
2183.5
2282.38
2164
2068
2053.5
2040.38
2036.25
2140.5
2171.75
2089
2092.62
2059.88
2146.25
2293
2308.12
2296.25
2503.5
2443.25
2053.12
2118.88
2110.62
2109.62
2097.38
2172.12
2143.75
2207.25
1891.38
2065.88
2192.88
2229.5
1896
2294
2145.38
2117.88
2449.62
2358.75
2256.62
2241.62
2346
2242
2118.12
2155.12
2138.62
2190
2062.12
1974.5
1974.12
2005.25
1907.75
1823.38
1771.12
1883.38
1924.38
1971.38
1945.12
1756.88
1854.25
1979.75
1964.25
1783.62
1861.38
1786.62
2016.12
1804.75
2116.62
2190.12
2129.5
1989.25
2066
2084.5
2374.62
2261.88
2248.88
2346.38
2342.62
2195.62
2259.38
2129.25
2053.75
2151
2223.25
2449.12
2249.75
2259.5
2218.88
2456.75
2230.5
2200.88
2160.75
2108.38
2238
2170.5
2183.75
2271.25
2194.5
2191
2195.12
2012.25
2233.88
2156.88
1920.75
2184
2330.25
2427.88
2428
2603.25
2263
2407.5
2422.12
2472.38
2458.75
2436.88
2465
2507.12
2342.38
2368.25
2230.38
2382.12
2364.62
2313
1918.5
2180.25
2132.75
2016.12
2281.12
2184.5
2219.25
2220.5
2083.12
2149.5
2120.38
2208.25
2194
2302.25
2074.5
2073
2047
1914.38
2008.5
2119.5
1987.88
1994.25
2133.38
2265.38
2355
2246.38
2283.12
2220.25
2395
2385.38
2234.5
2206.88
2329.25
2354.38
2310.25
2309.5
2088.88
2365.25
2093
2278.25
2268.38
2340.88
2223.62
2279.62
2156.88
2027
2202.38
2088.25
2370.75
2269.12
2159.88
2126.38
2259.88
2438.5
2331.88
2154
2366.62
2273.75
2268.38
2292.12
2248.75
2311.62
2290.12
2118.62
2459.12
2221
2349.12
2378.25
2284
2489.12
2231.88
2512.62
2500.75
2257.62
2390.88
2452.25
2257
2265.12
2068.75
2269.12
1991.75
1969.88
2027.38
2116.88
2366.75
2395.25
2487.38
2471
2290.38
2443.38
2276.38
2408.88
2344.38
2356
2251.5
2392.88
2350.88
2291.62
2338
2159.75
2151.5
2104.5
2281.25
2144.25
2018
2156.12
2183.25
2063.5
2061.12
2033.88
2312.88
2003
2082.12
2095.88
2037.38
2096.5
2213.75
2394.12
2024.25
2088.5
2057.5
2210.25
2019
2084.75
1932
2085.75
2048.25
2028.88
2258.88
2150.88
2066.5
2303.62
2188
2264
2276.5
2220.75
2236.25
2332.5
2262.25
2154
2517.88
2512.25
2546.5
2454.12
2539
2381.38
2384.62
2210.62
2212.88
2266.12
2235.12
2212
2516.62
2370
2279.75
2294.5
2207
2216
2320.62
2307.75
2315.25
2448.75
2233.25
2346.62
2267.75
2445.75
2612.88
2339.5
2450.25
2225.38
2268.75
2215.75
2224.25
2383
2079.75
2077.88
2188.12
2069
2157
2325.88
2091.88
1990.5
2105.5
2167.62
2397.62
2212.25
2359.12
2424
2293.75
2172.75
2165.12
1993.88
1995.38
2130.25
2162.88
2153.12
2128.62
2162
2183.62
2316.12
2227.25
2442.38
2140.88
2245.62
2065.25
1983.75
2054.38
2103.38
2128.5
2099.88
2175
2193.88
2251
2302.75
2434.88
2246
2235.38
2308.25
2298.12
2242.62
2141.62
2179
2341.25
2137.25
2067.12
2247.5
2201.38
2331.25
2055.38
2194.12
2058
2233.5
2235
2408.5
2328.75
2072
2087.88
2333.75
2222.12
2105
2233.75
2297.25
2321.25
2166.62
2277.25
2132.62
1914.38
2046.25
1985.25
2095
2134
2107.88
2160.62
1943.62
2012.75
2008.12
2201.25
2107.12
2168.12
2190.25
2273.25
2114.75
2078.62
2030.38
2172.25
2122.12
2218.88
2157.38
2151.5
2010.88
1932.62
2104.62
2120.5
2155.75
2240.25
2238.62
2266
2227.75
2205.25
2199.88
2106.88
2217.12
2171.62
2234.5
2331.75
2111
2313.5
2271.75
2236.62
2204
2068.75
2243.88
2074.88
2316.88
2378
2110.88
2129.25
2182.62
2214.62
2004.5
2137.75
2194.88
2193.75
2290.12
2297.75
2296
2009.12
2141.38
2129.38
2197.5
2167.88
2169.25
2221.38
2125
2296
2139.12
2106.88
2125.38
2119.25
2166.62
2208.75
2204
2220
2231.5
2330
2119.25
1968.88
2180
2033
2171.38
2261.88
2129.38
2178
2061.38
2188.62
2185.25
2162.38
2044.25
2018.75
2158.88
2246.25
2055.62
2089.5
2155
2197.62
2139.25
2142.62
2135.88
2187.25
2200
2205.88
2225.5
2196.5
2079.88
2240.5
2256.5
2029.62
2077
2066.62
1898.5
2062.5
2125.5
2198.75
2146.38
2284.12
2211.5
2188.88
2225.25
2111.75
2249.88
2330.5
2105.38
2169.12
2057.25
2284.62
2184.12
2185.38
2202.12
2240.12
2186.38
2138.38
2121.75
2180.75
2062.38
2298.62
2249.5
2235
2359.62
2271
2240.75
2282.75
2276.88
2183
2206.75
2028.88
2164.12
2146
2207.75
2269.38
2330.25
2317.38
2117
2138.5
2301.88
2302
2166.12
2311.62
2120.88
2201.12
2026.75
