1727.5
1780.38
1766.25
1849.5
1726.62
2184.25
2075.12
2108.5
2064.75
2218.12
2074.25
2148
2036.38
1979
2066.38
2035.12
2051.12
2132.38
2020.5
1989.62
2026.62
1988.25
1899.25
1910
1900.12
2118.5
2089.12
2288.25
2042.25
1945.12
2233.38
2035.75
1976.88
2053.75
2071.38
2054.5
2126.25
2034.25
2037.5
2140.25
1988.88
2049.5
2139.38
2153.75
2204.25
2241.75
2203.5
2195.88
2114.38
2139.75
2097
1952.38
2032.25
2278.25
2181
2111.38
1962.12
2054.62
2119.12
2071.62
2125.38
2185
2033.62
2212.88
2153.75
2203.62
2085
2046.62
2294
2236.12
2131.62
2185
2122.25
2062.62
1989.62
2046.75
2026.75
2247.25
2104.88
2109.75
2186
2080.75
2142.12
2057.75
2107.12
2056
2027.5
2141.25
2023.25
2043.88
1879.62
2042.38
1911
1898
1889.5
2021.75
1881.38
2047.38
1984.62
1866.38
1837.88
1835.75
1837.75
1929.12
1961.5
1831.5
1971.62
1983.38
1918
2176.75
2023.5
2013.25
1942.88
2002.38
1986.62
1866.88
1870.88
1897.38
1940.38
2051.88
1957.38
1945.62
2015.38
2067.62
1911.12
1837.75
2122.75
1941
2118.62
1972.5
2021.5
2075.62
2094.5
2056.38
2045
2080.5
2021.62
1971.88
1949.75
1777.25
1880.5
1831.12
1962.25
1978.38
1980
1853.62
1995.5
1892.38
1892.75
1846.75
1889.88
2010.5
1943.75
1821.62
1968.25
1906.88
2106.12
1820.75
1941.62
1967.5
1866.5
1956
2040.62
2002
1905.62
2035.12
2059.38
1998.38
1902.38
1792.75
2012.62
1905.75
1941
1909.5
1808
1869.62
1899
2046.5
1902.12
1856.25
1868.12
1901.12
1892.25
1992.38
1983.5
1915.5
2048
1925.5
1958.25
1956.25
1858.75
1952.25
1853.88
1961.75
1959.88
2109.38
2073.5
2037.88
1869.62
1966.75
1994.88
2084.38
2196.62
2136.12
1852.75
1820.12
1987.75
1983.12
2091.38
1905.38
2047.75
1954.38
2107.5
2135.62
1922.12
2034.5
2193.5
2091.25
1986.38
1979.38
2048.62
2135.75
2022.38
2008.12
1856.75
1945
2044.62
2157.88
2269
2194.38
2051
2146.12
1881.88
1990.5
2038.25
2073.25
1937.12
2090.88
2027.88
2124.75
1995.75
1988
1987
2015.38
2019.12
1986.62
2055.25
1882.62
1871.62
2009.75
1964
1979.88
1926
1927.62
1950.75
1964.38
1939
1934.62
1954.5
1938.5
2025.25
1916.25
1976.5
1822.5
1889.5
1932
2044.38
1770.5
1936.12
1935.12
1977.38
1900.88
1936.5
1871.62
1888.75
1874.5
1923.5
1840.38
1829.75
1913.12
1911.75
1867.25
1834.5
1980.5
1870.75
1876.12
1908.38
1884.25
1963.12
1897
1896.25
1860.12
1940.25
1973.38
1758.88
1764.75
1785
1867.25
1775.88
1832
1879.5
1853.12
1995.38
1862.62
1848.62
1852.75
1919.25
1954.25
1974.62
1950.88
1866.62
1757.38
1951.25
1880.62
1920.88
1854
1849.12
1843.38
1763.5
1915.12
1847
1863
1971.62
1949.62
1787.38
1878.88
2021.5
1922.5
1949.38
2008.25
1924.38
2030.25
1774.88
1828.88
1942.38
1694.25
1808.5
1961.88
1780.75
1942.88
1695.75
1746
1725.62
1699.25
1723.38
1794.88
1683.5
1866.62
1902.25
1828
1821.62
1754.62
1873.75
1963.25
2027.62
1881
1787.62
1829.62
1807
1884.5
1974.5
1800
1820.62
1685.75
1901.25
1865
1849.88
1570.5
1925.5
1854.88
1892
1766.5
1817.25
1834.25
1905.88
1894
1837.38
1836.5
1760.75
1807.62
1869.12
1926
2005.38
1867
1803
2011.12
1724.88
1746.75
1688.75
1868.62
1842
1801.75
1840.88
1865
1777
1857.12
1774
1675.5
1815.62
1807.25
1832.5
1836.25
1765.75
1872.38
1859.12
1807.75
1929
1762.5
1828.75
1852.5
1918
1952
1816.38
1824.88
1933.5
1869.38
1981.5
1831.88
2069.75
1941.25
1776.25
1885.12
1795.12
1779.38
1858.62
1950.62
1859
1869.38
1815.38
1706.38
1885.75
1926.25
1886.12
1831.38
1901.25
1765.38
1723.5
1883.5
1938.12
1964.5
1892.62
1947.88
2055.75
1972.88
1710.12
1820.12
1829.62
1789.38
1797.88
1899.5
1925.5
2015.62
1940.75
1811
1719.62
1861.25
1830.38
1779.25
1786.88
1774.62
1796.88
1874.38
1825
1738.62
1735.38
1893.5
1744.5
1913.75
1889.25
1840.12
1841.88
1850.75
1951
1877.75
1896.38
1856.25
1966.75
1867.25
1779.5
1865
1832.75
1639.88
1758
1904.62
1883.62
1954.38
1873
1843.88
1758.75
1876.5
1945.12
1906
1809.75
1780.25
1938.62
1771.75
1895.5
1980
1840
1802.62
1909.38
1921.88
1937.12
1886.88
1950.88
1980
1920
1831.75
1872.62
1849.62
1884
1801.62
1989.62
1860.12
1966.38
1982.88
1690.12
1948.88
1884.88
1833.5
1857
1884.38
1809.62
1890.88
1827.5
1867.38
1930.25
1816.38
1859.38
1806
1905.38
1905.12
1889.75
1833.38
1858.5
1900.25
1863.25
1883.25
1891.25
1735.38
1966.62
1847.25
1862.88
1899.5
1794.5
1845.38
2013.5
1731.62
1666.62
1768.75
1696.62
1789.25
1857.62
1859.88
1869.25
1900.12
1760.5
1978.5
1842.88
1900
1947.75
1907.62
1874.38
1900.62
1957.88
1940.5
1963.12
1872.25
1825.75
1949
1731.88
1826.62
1930.75
1858.62
1849.5
1781.88
1797.25
1847.75
1902.62
1874.25
1720.88
1862.62
1790.25
1912
1878
1992
1791.75
1818.62
1989.5
1919.62
1766.5
1912.12
1808.25
1895.38
1949.38
1783.38
1917.62
1859.88
1846.62
1916.62
1935.38
1941.62
1913.12
1936.62
1945.75
1868.38
1847.88
2089.88
2159.5
1980.75
1858
1908.12
1822.38
1789.25
1811.5
1970.62
1854.75
1892.38
1874.38
1970
1756.5
1766
1797.25
1877
1811.12
1974.12
1903.75
1839.25
1832.38
1924.5
1912.75
1864.38
1881.12
1947.38
1967.75
1954.75
2041.5
1915.62
1929.12
1916.62
2038.5
2121.88
1955.25
1929.5
1695.75
1865.88
2025
1832.25
1668.38
1681.12
1733.62
1745.25
1761.12
1659.12
1942.12
2004.62
2044.12
1826.25
1937.75
1889.62
1920.75
1880.25
2010.62
1792.5
1801.62
1785.25
1828
1986.38
1907.88
1966.12
1909.38
1846.75
1805
1922.88
1980.38
1856.5
1749.88
1862.25
1871.5
1846.62
1884.38
1848.12
1920.5
1944.25
1739.75
1857.62
1812
1848.75
1735.38
1971.62
1855.12
1875.62
1714.88
1650
1925.25
1822.25
1919.5
1890.75
2045.88
2066.88
2104.5
1858.88
1952.62
1836.38
1922.12
1930
2011.75
1895.5
1919
1752.75
1665.88
1762.12
1794.62
1903.88
1932
1898
1849.75
1684.62
1791.38
1775.38
1910
1894.25
2074.62
1820.25
1754.88
1917
1924.75
1957.88
1971.62
1796.12
2019
1972.88
1784
2052.25
2077.75
1913.38
1891.75
1885.75
1938.5
1771
1851.75
1974.88
2035.38
1790.75
1980.5
1802.62
1941
1926.25
1968.5
2058
2092.62
1812.75
1884.5
1662.75
1789.38
1907.75
1966.62
1825.75
1858.38
1768.75
1730.38
1829.88
1932
1975.75
1947.25
1907.5
1786.62
1881.62
1811.88
1889.5
1942.88
1935
2021.75
1981.88
1998.62
1884.5
1800.75
1926.25
1948.5
1900.25
1869.88
2000.75
2019.12
1884
2089.75
2008
1899.38
2015.88
1923.5
2064.12
2047.62
1993.62
2080.75
2169.25
2200
2061.12
1926.75
2012.12
2004.62
2066.88
2020.5
2016.62
1821.88
1882.12
1976.25
2007.88
2027.38
2087.5
1933.12
1900.62
1882.25
1820.62
1871.88
2012
1964.62
1929.12
2010.25
1850.62
1932
1828.25
1866.38
1714
1647.75
1924.25
1850.88
1811.38
1772.38
1910.5
1810.25
1702.25
1754.5
1770.25
1825.88
1913
1736.88
1714
1785.38
1861.25
1886.75
1815
1889.88
2042.5
1907
2085.5
1927.25
1982.62
1869.25
1890.75
1832.38
1884.38
1981
1979
1847.75
2013.88
1909.5
1855.25
1909.62
1918.75
1824
2034.75
1947.12
1948.75
1889.5
1904.12
1747.62
1765.38
1808.62
1902.12
1836.38
1943.75
1938
1819
1886.75
1902.5
1939.88
1836.5
1902.25
1891.12
1813.62
1843
1911.12
1859
1924.25
1818.25
1991.75
1875.88
1749
1946.38
1996.38
1912.62
1858.12
2098.25
2024
2000.75
1924
2034.25
2011.38
1939.38
1872.88
1882.88
1825
1682.75
1843
1968
1856.62
1761.88
1794.25
1768.5
1789.12
1920.25
1883.38
1899.5
1766.75
1849.38
1873.88
1872.75
1906.75
1737.88
1713.25
1770.38
1824.25
1950.62
1689.62
1866.5
1876.5
1898.75
1836.25
1867.5
1842.75
1841.62
1740.12
1680.12
1715.12
1683
1765.5
1808.75
1667.88
1650
1786.5
1751.88
1648
1821.38
1817.75
1805.12
1749.5
1653.75
1999.75
1845.62
1722.38
1864
1807.88
1718.38
1846.5
1764.38
1802.88
1810.5
1667.75
1694.62
1910.88
1760.62
1944.25
1729.75
1856.12
1831
1832.88
1840.25
1815.5
1759.5
1885
1793.12
1820
1806.12
1927.75
1847.12
1810.5
1821.75
1918.75
1861.75
1804.5
1792.12
1853.38
1961.62
1875.25
1970.5
1998.62
1891
1973.25
1930.62
1837
1885.5
1755.38
1832.88
1820.25
1988
1947.75
1916.5
1827.75
1752.75
1856.38
1825.12
1955.88
1866.5
1901.25
1877.38
1913
1811.75
1940.12
1913.38
1870.75
1813.5
1893
1888.12
1803.75
1734.25
1952.62
1776.62
1832.12
1897.12
1813.38
1960.25
1916.12
1875.38
1896.12
1869.5
1842.88
1878.62
1774.12
1747.88
1882.25
1913.38
1786.25
1829.62
1781.5
1917.75
1874.5
1992.12
1843.62
1842.12
1755.25
1735.25
1903.62
2008.5
1742.62
1775.12
1912.5
1846.75
1832.62
1612.38
1728.88
1745.62
1762.12
1890.38
1777.88
1823.75
1810.88
1733.12
1752.38
1578.5
1561.88
1722.5
1760.25
1744.25
1732.12
1747.25
1797.38
1874.25
1827.88
1845.38
1890.75
1837.12
1792.5
1894.75
1895.62
1781
1687.25
1787
1769.12
1798.12
1768.12
1740.12
1810.62
1725.25
1821.62
1859
1814
1721.88
1699.12
1885.62
1914.25
1925.5
1715.25
1825
1736.62
1808.62
1794.38
1835
1706.62
1799.88
1862.12
1785.62
1804.62
1679.62
1771.75
1740.75
1715.75
1721.38
1737.12
1732.88
1659.12
1708
1595.62
1647.75
1643.5
1741.12
1676.75
1663.75
1721.88
1885.12
1877.25
1811.12
1715
1810.25
1879.88
1834.62
1942.75
1726.88
1848.5
1803.38
1933.5
1789.5
1780.38
1754.38
1780.38
1727.5
1846.38
1915.62
1707.5
1664.88
1676.38
1754.62
1713.12
1836.12
1847.38
1760
1798
1928.12
1885.75
1811.62
1698.62
1911.88
1826.75
1782.62
1675.12
1821.25
1878.25
1909.38
1916.5
1839
1841.12
1650.88
1806
1800.75
1799.88
1875.62
1887
1880.12
1785
1938
1845.75
1847.25
1993.62
1898.62
2024.88
2002
1860.12
1899.75
1819.88
1845.88
1803.25
2070.5
1858.88
1937.12
1982.62
1826.5
1922.12
1804.88
1783.88
1915.12
1878.88
1870.5
1845.5
1828.5
1873.88
1751.38
2056.88
1951.12
1914.12
1868.12
1885
1901.75
1828.75
1883.25
1887.62
1800.38
1598.88
1789.38
1898.12
1817.5
1778.12
1835.12
1896.75
1898
1969.75
2158.25
2015.25
2025.25
2159.75
2154.88
2073.88
2071.88
2031.25
2152
1902.75
2088.5
1975.62
1903.12
1896.12
1966.12
1958.38
1908.75
1774.88
1747.25
1699.25
1702
1795.38
1773.62
1837.12
1853.62
1878.25
1921.75
1909.12
1914.75
1727
1783.62
1738.25
1805.62
1904
2013.25
1914.12
1918.5
1911.62
1801.12
1915
1907.38
1944
1953.62
1938.38
1958
1972.38
2042.75
2113.38
1909.38
1957.62
2000.38
2041.62
1886
1988.25
1874.38
2030.62
1990
1970
1945
1867.88
2042
2040
2066.38
1890.38
1976.75
2052.88
2091.75
2086.75
1921.88
2102.75
1952.25
2034.25
2173.88
2112.38
2147
2140.25
1928.12
2004
1888.12
2308.38
2143.5
1991.75
2194.75
1931
2069.5
1906.75
1916.62
1887.12
1965.62
1983.25
1973.5
2028.88
1960.88
1995.88
1844.38
2018.88
1921.25
2011.25
1874
2077.62
2081.12
1852.62
1915.62
2012.38
2097.88
2284.38
2032
2297.12
2160.12
2163.88
1936.12
2044
2107.75
2093.25
1984.38
2117.5
2034.62
2151.38
2093.12
2088.25
2183.25
2250.88
2210.12
2097.62
2173.38
2046.25
2060.12
2097.62
2141.25
1955
2106.75
2112.12
2321.25
2029.75
2086
1998.75
1964.5
2012.75
2068.25
1878.62
1965.75
1707.75
1971.75
2027.5
1821.5
1901
1910.25
2020.75
2157.62
1945.5
2159.38
1921.62
1845.75
1864.75
1767.75
1931.12
1664.12
1861.88
2083.62
1885.12
1950.75
1916.62
1945.75
1833.25
1910.12
1951.5
1817.5
2006
1907.25
2070
1872.5
1895.62
1919.12
1895.5
1967.38
1883.62
1901
1935.12
2033.38
2105.88
2139.75
2153.5
2172.12
2154.38
2077.25
2025.5
2042.38
1883.5
1843.12
1867.38
1923.25
2035.12
1843.25
1877.5
1931.12
1975.25
1901.62
1979.12
1862.75
1944.25
2140.88
2150.62
2304.38
2394.62
2336.38
2237.62
2112.88
1942.88
1937
1979.38
1978.5
2007.5
2110.62
2012.25
1970.12
1979.88
2075.25
2136.75
2091.5
2049.88
2105.5
2127.62
2140.12
2067
2110.12
2160.38
2243.12
2116.62
2270.88
2196.62
2184
2205.38
2149
2275.75
2216.75
2311.38
2357.25
2357.25
2218.88
2258.38
2254.88
2248.88
2163.5
2217.12
2158
2155
2119.75
2065.38
2014.62
2210
2246.88
2090.75
2287.62
2296.12
2225.12
2368.12
2145.88
2180
2171.75
2248.5
2240.62
2395.62
2333.62
2145
2086.88
2213.75
2222.25
2175.88
2161.38
2181.25
2082
2088.62
2129.12
2194.62
2321.88
2455
2151.12
2102.5
2184.38
1978.25
1964.62
1963.88
1733.12
1825.88
1783.75
1816.38
1897.38
1814.38
1831.38
1973.75
2106.38
1841.88
1939.75
2002
1873.75
2106.88
2095.5
2001.5
2045.5
2013.88
1962.25
2132.5
2012
1963.75
2143.25
2064.12
1985.5
1962.25
2092.5
1951.25
1998.88
1883
1835.25
1927.25
1849.75
1866.88
1804.88
1827
1795.88
1831.25
1796
1820.5
1962.62
1895.62
1886.88
1883.75
1958.12
1819.75
2127.62
2090.88
1889.12
1999
2029.12
1924.12
1933
1899.5
1919.25
2039.62
2062.5
1945.25
2088.62
1947.12
1961.75
1955.12
2145
2109.38
2282.62
2228.38
2165.75
1842.38
1995.25
1884
1931
1968.88
2023
2019.75
1886
1890.88
2077.5
1952.88
1984
1936
1971.12
2008.12
2059.38
2018.25
2230.12
2089
2095.5
2178
2063.12
2041.75
2031.5
2143.25
2091.12
1925.62
1936.62
2000.75
1974
1879.25
1981.25
1908.88
1802.62
2020.5
1869.12
1963.25
1924.75
1836.88
1846.75
2043.5
1757.25
2127.38
2090.75
1966
1938.12
1871.12
1879.62
2040.25
1942.38
1945.62
1900.5
2110.25
1784.75
1824.5
1829.88
1752.38
1793.38
1793.75
1936.5
1731.12
1688
1817.75
1846.75
2044.62
2055.75
1944
1923.38
1868.25
2046
1789.25
1983.5
1889.38
2052.38
1957.75
1975.5
1976.88
1939.88
1947.75
2025.88
1811.12
2069.75
2076.12
2092.62
1929.25
2098.62
2097.88
2017.38
2186.62
2142.62
2325
2170.5
2221.62
2159.25
2192.12
2014.5
2132.12
2248.75
2178.12
2151.25
2111.12
1991.25
1893.5
2115.25
2020.75
1908.12
1931.75
1891
1884.75
1836.25
1692.5
1716.62
1830.88
1952
1763.38
1754.12
1763.88
1798.75
1824.75
1954.88
1807.25
1787.38
1862.25
1838.12
1865.75
1840.62
1889.62
1820.88
2057.88
1899.88
1857
1950.75
2058.38
1993.5
1910.12
1929
2127
2068.75
2126.5
2002.88
2049.5
2028.25
2029.62
2100.5
1921.25
2030.12
1936.12
2108.12
1892.12
2033.62
1746.5
1918
1858
1965.5
2136.75
1994.75
2070.88
1914.12
2005.75
2009.5
1934.12
2090.25
2027.88
2179.38
2078.5
1982.38
2077.62
2016.88
1919.38
1945.12
2053.88
1926.38
1992
1929.12
2019.75
2013.62
2084.88
1911.25
2139.75
2103
1943.38
1895.38
2056.5
2011.5
2205.75
2003.38
1949.75
1877.88
1901.88
1835.75
1910
1919.38
1841.38
1843.38
1926.5
1836.5
1967.75
2002.88
1950.75
1901.38
2046.12
2008.25
1875.38
2000
2016.88
2009.88
2066.62
1990.62
1830.38
1921
2049.5
2021.38
1896.38
1966.38
1948.88
2035
1978.25
1915.62
1910.62
1862.88
1889.88
2020.38
1885
2020.12
2038.38
1982.75
1842.12
1941.75
2063.62
1936.38
1912.25
1850
2104.12
1917.25
2020.12
1952.75
2059.12
2046.25
1976.38
1957
2033.5
2116.12
2105.88
2125.5
2238.25
2071.75
2043.75
2165.75
2048.38
2176.88
2268.75
2214
2163.88
2209.38
2069.5
2219.88
2278.25
2140.62
2210.75
2205
2221.88
2147.62
2397.75
2161.12
2237.75
2283.75
2174
2153.75
2011.62
2099.62
2117.5
2067.5
2212
2332.25
2105.62
2117.12
2121.62
2060.12
2267
2214.62
2045.5
2194.62
2211.25
2117.62
2225.38
2129.88
2153.88
2158.38
1966.5
2231.88
2289.12
2198.62
2015.25
1960.5
2140.38
2040.62
2136.75
2149.5
2271.12
2093.5
2010.12
2263.5
2307.5
2136.88
2083.38
2183.75
2311.25
2193
2155.12
2148.75
2188
2174.12
2180.25
1981.75
2124.38
2267
1974.38
2255.5
2089.12
2084.88
2186.62
1977.62
2120
2248.62
2175.38
2063.5
2095.75
2084.75
2221.25
2200.5
2254.38
2250.62
2246.38
2186.38
2185.62
2269.38
2330.62
2240.25
2249.75
2183.12
2179.88
2139.75
2041.75
2193.62
2295.5
2265.38
2143.38
2182.62
2294.25
2152.38
2418
2334
2241.5
2281.62
2440
2298
2242.38
2243.5
2058.25
2162.38
2294.38
2416.88
2183
2226.38
2431
2551.25
2400.62
2278.12
2303.88
2121.75
2117.5
2253.38
2213
2367.25
2261.25
2217.12
2242.38
2283.5
2321.75
2291.5
2198.12
2398.12
2237.5
2316.88
2230.12
2197
2255.88
2208.25
2311.5
2201.38
2323.38
2130.25
2207.88
2198.88
2229.5
2123.25
2076.25
2191
2145.5
2152.5
2224.12
2219.62
2150.38
2143.75
2237.75
2236
2232.12
2284.62
2217.12
2464.88
2403.75
2360
2246.12
2360
2210
2262.12
2264
2396.25
2349.25
2408.5
2309.38
2246
2300.62
2178.12
2200.62
2240.75
2278.25
2291.38
2183.25
2170
2252.88
2014.5
2044
2059.12
2105.62
2089.12
2139.88
2128
2202.38
2043
2312.88
2192.25
2179.62
2112.25
2079.5
2111.75
2176.5
2067.12
2169.62
2128.38
2036.62
2022.12
2172
2102
2165.62
2169.75
2114.75
2220.38
2222.88
2043.25
2238.25
2166.25
2155.75
2142.88
2149.12
2183
2225.12
2022.25
2261.12
2154
2189.25
2146.12
2172.62
2203.5
2209
2154.5
2141.25
2395.62
2245.75
2247.25
2239.5
2227.62
2118.75
2320.38
2156.75
2151.88
2196.75
2256.75
1976.25
2116.62
2147.5
2249.25
2077.12
2089.62
2244.12
2292.5
2254.38
2186.62
2104.38
2117.5
2067.38
2129
2159.38
2419
2208.12
2090.75
2325
2447.75
2311.12
2386.88
2449.12
2357.62
2346.25
2241.5
2471.75
2384
2207
2240.62
2286.38
2220.62
2257.88
2230
2159
2209.38
2094.88
2133.12
2220
2279.12
2162.62
2129
2224.25
2243.75
2340.12
2285.12
2283.38
2332
2393
2351.88
2267.12
2173.62
2184
2277
2341.5
2210.12
2224.5
2155.12
2217.25
2231.25
2244.88
2245
2117.5
2314.5
2031.5
2107.38
2250.75
2433.88
2262.38
2288.25
2195.75
2305.5
2237.62
2122.38
2175.38
2207.88
2181.75
2196.5
2209.88
2149.25
2168.62
2210.25
2224.5
2119.88
2409.5
2210.5
2126.12
2296.12
2272.12
2239
2325.62
2370.75
2419.12
2345.5
2101.38
2161.12
2220
2165.62
2356.12
2319.38
2141.88
2341.25
2393.62
2361.62
2277.62
2302.88
2137.75
2133.62
2095.75
2278.38
2244.38
2371.62
2128.25
2343.38
2260
2331.88
2238.38
2262.88
2334.62
2121.62
2192
2068
2077
2145.12
2058.62
2173.5
2191.5
2271.25
2176.12
2210.88
2277.5
2205
2300.88
2289.38
2215.62
2302.88
2147.88
2337
2324.88
2187.5
2263.88
2407.38
2362.5
2342.62
2297.38
2407.5
2429.88
2474.88
2331
2241.5
2277.5
2385.12
2244.25
2384.25
2356.62
2255.62
2222.25
2360.12
2196.25
2106
2366.38
2272.88
2373.25
2270.5
2420.38
2181.62
2230.88
2301.5
2278.5
2182.25
2254.38
2211.88
2237.25
2206.62
2242.25
2171.88
2268.25
2172.25
2178.75
2131.25
2263
2154
2237.25
2222.38
2233.75
2165.88
2091.75
2067.75
2215.62
2243.12
2241.88
2393.12
2235
2272.38
2147
2131.38
2157
2316
2231.25
2099.5
2037.38
2165.5
2174.25
2149.25
2294.88
2203.38
2048.5
2066.88
2040.88
2143
2307.88
2153
2297
2264.88
2130.62
2125.12
2165.5
2144.12
2110.5
2211.12
2008.25
2047.5
1936.12
2067.38
2091.88
2073
2041.75
1969
2005.25
2201
2280.12
2315.88
2081.12
2263.5
2130.75
2159.75
2216.75
2226.75
2110.38
2073
2105
2113.75
2115.25
2111.88
2187.88
2123.38
2092.5
2093.5
2119
2100.88
2164.38
2240.5
2269.12
2236.25
2185.12
2246.62
2259.88
2218.75
2304.62
2290.88
2244.12
2265.5
2129.25
2138.38
2265.38
2018.38
2039.12
2240
2154.25
2181
2213.88
2287.88
2141.25
2040.75
2136
2194.62
2239.25
2293.12
2034.62
2162
2195.5
2149.5
2253.88
2240.5
2211.25
2271.38
2297.12
2261.38
2182.88
2141.25
2325.25
2231.25
2190.5
2196.25
2218.62
2303
2347.5
2244
2275.88
2160.25
2240.25
2085
2092.75
2192.62
2127
2256.38
2241
2200.75
2157.12
2207.5
2274.62
2266.38
2128.5
2117.75
2211.25
2177
2189.38
2177.88
2308.5
2202.88
2296
2214.38
2248.5
2221.38
2178.75
2140.38
2184
2132.88
2211.12
2192
2118.25
2227.5
2165.5
2159.62
2320.25
2111
2137.5
2087.88
2187.5
2153.12
2110.5
2203.5
2154.5
2212.25
2109.62
2191.38
2169.75
2045
2139.75
2343.62
2132
1914.88
2090.88
2051.88
2249.62
2094.25
2114.62
2013.75
2066.62
2036.5
1997.25
2114.5
1974.12
2142.12
2204.5
2155.12
2136.12
2228.5
2169.62
2149.62
1938
2114.88
2073.75
2009.38
2086
2089.75
2050
2072.25
1951.75
1978.25
2062.88
1965.5
2041.62
2004
1816.62
1927.75
2037
2098.5
1933.12
2058.5
2009.88
2030.62
1915.12
1819.62
1961.88
2045.88
1936.88
1901.12
1914.38
1894
2077.88
2074.25
2018
1945.75
2024
2045.25
2129.25
2095.38
1925.75
1943.25
2011.75
2100.25
2011.38
1998.88
1910
2043.62
2101.25
2238
2050.25
2084.12
2061.88
2119
2237
2070.25
1932.62
2045
2103.12
2097.25
2068.62
2132.5
2144.62
2127.5
2065.12
2003.75
2218.12
2256.38
2170.5
2088.88
2118.5
2012.62
2160.25
2189.25
2111.5
2160.62
2203.25
2152.88
2100
2118.38
2085.12
2192.75
2053.75
2110.62
2227.5
2171.12
2150.12
2340.38
2110.62
2287.88
2098.88
2334.88
1995.38
2213.62
2355.62
2203.25
2192
2178.5
2273.75
2209.62
2188.88
2116.5
2048.75
2165
1934.75
2060
2238
2241.62
2160.75
2203
2183.62
2076
2094
2302.12
2016.38
2036.12
2074
2144.25
2211.38
2206.12
2247.12
2084.25
2237.75
2165.25
2233.75
2096.38
1972.25
2054.12
2233
2143.12
2224
2206.12
2060.25
2097.12
2167.88
2104.12
2195.25
2115.62
2252.25
2323.88
2106.5
2155.88
2133.88
2204
2113.12
2182.75
2030.25
2129.12
2139
2133.5
2148.88
2071.38
2100.62
2226.75
2062.25
2198.88
2134.12
2285.75
2033.88
2253.5
2182.12
2195.62
2185
2196
2165.25
2121.5
2162
2225.62
2257
2163.75
2142
2271.5
2186
2161.75
2154
2061.75
2080
2155
2054.25
2032.62
1993.5
1938.75
2162.38
2214.75
2230.75
2190
2135.75
2146.88
2003
2070.5
2007.25
2048.38
1891.25
2174.12
2093.25
1932.12
2103.62
2042.88
1988.12
1937.62
2033.75
2153.88
2161.88
1927.5
2126.25
2187.25
2187.25
2190.5
2025.25
2108.12
2278.75
2380
2163.75
2169.75
2195.88
2003.25
2294.25
2105.5
2052.75
2183.75
2281.75
2337
2319.62
2343.88
2419.75
2260.62
2364.5
2415.12
2315.75
2357.88
2259.62
2434.12
2532.62
2284
2393.38
2275.25
2532
2373.38
2327.62
2456.38
2287.75
2249.88
2277.25
2486.88
2234.62
2402.12
2283.12
2343.5
2321.12
2427
2319.38
2203.12
2221.5
2231.25
2260
2299.25
2360.75
2282.88
2213.38
2254.88
2322.5
2149.88
2037.38
2083.88
2282.25
2220.88
2578.25
2214.75
2318
2183
2225.5
2265
2314
2298
2129.62
2305.62
2234.38
2294
2104.62
2043.75
2192.12
2145.38
2069.5
2182.88
2154.88
2123.88
2085.88
2203.38
2137.62
2078.75
2085.88
2159.62
2106.75
2125.12
2154.38
2240.12
2086.12
2076.75
2077.88
2129.88
2176.25
2023.12
2228.88
2096.88
2139.75
2036.75
2116.75
2148.5
2170
2140.75
2149.25
2140.88
2032.62
1862.62
1959.38
2076
2143.12
1952
2063.62
2036.25
2042.75
2110.62
2073.25
2131.62
2087.75
2173
2257.12
2072.25
2184
2067.38
2085.75
2192.12
2175.25
2101.75
2107.62
2189.75
2093.75
2093.62
2209.88
2103.38
2268
2090.25
2045.5
1923.12
2124
2205.38
2081.25
2131.5
2019.62
2120.62
2134.62
2354.75
2234.62
2303.12
2212.88
2299.75
2190.12
2177.38
2130.38
2227.25
2140.38
1991.88
2186.5
2235.38
2112.5
2120.62
2192.88
2114
2083.88
2176.88
2145.25
2052.12
2005.88
2142.62
2188.5
2144.25
2121.62
2182
2125.88
2175.75
2269.88
2061.62
2222.62
2189.38
2197.88
2128.5
2139
2147.62
2128.5
2182.12
2167.5
2285.25
2157.75
2128.25
2301.62
2227
2197.12
2321
2141.38
2328.12
2258.38
2311.62
2249.5
2379.88
2301.5
2318.25
2340.38
2151.12
2342.5
2069.62
2275.38
2148.75
2329.12
2264.25
2189
2259.38
2277.25
2246.88
2266
2297.12
2386.5
2218.12
2315.75
2108.12
2150.5
2111.75
2148.75
2064.25
2283.88
2194.38
2241
2065.88
2045.38
2077.62
2167
1949.75
2287.75
2282.38
2372.5
2167.75
2249
2119.12
2235.75
2094.5
2240
2247.25
2303
2158.62
2333.88
2121
2147.38
2216.75
2306.5
2324.12
2325.38
2307.12
2295.75
2282.5
2404.12
2384.25
2442.88
2490.75
2265.88
2312.62
2121.75
2312.62
2309.25
2192.62
2122.75
2214.38
2331
2405.75
2418.62
2059.5
2199.75
2130.62
2083.75
2120.5
2266
2214
2276.88
2195.88
2148.75
2115
2169
2237.5
2157.75
2091.38
2156.88
1981
2047.5
2081.62
2004.75
2093.88
2027.12
1909.38
1956.5
2050.38
2091.12
2025.75
2225.12
2139.75
2053.5
2173.25
2089.38
2147.5
2079.25
2262.88
2216.12
1971.12
2026.88
1996.75
2016.38
2217.75
2393.75
2261.12
2256.25
2197.88
2124.62
2114
2375
2285.62
2327.62
2224.25
2259.75
2328.88
2336.5
2405.62
2400.5
2228.25
2445.75
2290.12
2199.12
2253.5
2264.12
2415.5
2339.38
2164.62
2405.5
2334.88
2470.12
2354.38
2277.38
2275.5
2366.5
2278.5
2255.75
2378.25
2385
2296.62
2290.5
2092.88
2456
2287
2163.62
2132.5
2124
2210.88
2154.75
2089.25
2077
2243.75
2081
2066.88
2103.62
2164.5
2171.25
2098.75
2160
2316.12
2241.25
2278.12
2318.25
2211.25
2093.38
2001.62
2043.38
1956.62
2229.88
2052.5
1997.38
1887.5
2019
1957.5
